run,type,module,name,attrname,attrvalue,value
Exponential-capacity-3200-20210301-21:50:08-11267,runattr,,,configname,Exponential-capacity,
Exponential-capacity-3200-20210301-21:50:08-11267,runattr,,,datetime,20210301-21:50:08,
Exponential-capacity-3200-20210301-21:50:08-11267,runattr,,,experiment,Exponential-capacity,
Exponential-capacity-3200-20210301-21:50:08-11267,runattr,,,inifile,../simulations/aerocom.ini,
Exponential-capacity-3200-20210301-21:50:08-11267,runattr,,,iterationvars,"$0=20, $1=2",
Exponential-capacity-3200-20210301-21:50:08-11267,runattr,,,iterationvarsf,"20,2-",
Exponential-capacity-3200-20210301-21:50:08-11267,runattr,,,measurement,"$0=20, $1=2",
Exponential-capacity-3200-20210301-21:50:08-11267,runattr,,,network,Aerocom,
Exponential-capacity-3200-20210301-21:50:08-11267,runattr,,,processid,11267,
Exponential-capacity-3200-20210301-21:50:08-11267,runattr,,,repetition,0,
Exponential-capacity-3200-20210301-21:50:08-11267,runattr,,,replication,#0,
Exponential-capacity-3200-20210301-21:50:08-11267,runattr,,,resultdir,results,
Exponential-capacity-3200-20210301-21:50:08-11267,runattr,,,runnumber,3200,
Exponential-capacity-3200-20210301-21:50:08-11267,runattr,,,seedset,0,
Exponential-capacity-3200-20210301-21:50:08-11267,param,,,**.t,2s,
Exponential-capacity-3200-20210301-21:50:08-11267,param,,,**.k,20ms,
Exponential-capacity-3200-20210301-21:50:08-11267,param,,,**.X,2s,
Exponential-capacity-3200-20210301-21:50:08-11267,param,,,**.m,0.5s,
Exponential-capacity-3200-20210301-21:50:08-11267,param,,,**.tDistribution,"""exponential""",
Exponential-capacity-3200-20210301-21:50:08-11267,param,,,**.operationMode,0,
Exponential-capacity-3200-20210301-21:50:08-11267,param,,,**.s,70 byte,
Exponential-capacity-3200-20210301-21:50:08-11267,param,,,**.dimPoolMax,10000,
Exponential-capacity-3200-20210301-21:50:08-11267,param,,,**.dimPoolMin,8000,
Exponential-capacity-3200-20210301-21:50:08-11267,param,,,**.nDL,16,
Exponential-capacity-3200-20210301-21:50:08-11267,param,,,**.nA,1,
Exponential-capacity-3200-20210301-21:50:08-11267,param,,,**.DLMaxCapacity,0,
Exponential-capacity-3200-20210301-21:50:08-11267,param,,,**.trasmitting,false,
Exponential-capacity-3201-20210301-21:50:08-11267,runattr,,,configname,Exponential-capacity,
Exponential-capacity-3201-20210301-21:50:08-11267,runattr,,,datetime,20210301-21:50:08,
Exponential-capacity-3201-20210301-21:50:08-11267,runattr,,,experiment,Exponential-capacity,
Exponential-capacity-3201-20210301-21:50:08-11267,runattr,,,inifile,../simulations/aerocom.ini,
Exponential-capacity-3201-20210301-21:50:08-11267,runattr,,,iterationvars,"$0=20, $1=2",
Exponential-capacity-3201-20210301-21:50:08-11267,runattr,,,iterationvarsf,"20,2-",
Exponential-capacity-3201-20210301-21:50:08-11267,runattr,,,measurement,"$0=20, $1=2",
Exponential-capacity-3201-20210301-21:50:08-11267,runattr,,,network,Aerocom,
Exponential-capacity-3201-20210301-21:50:08-11267,runattr,,,processid,11267,
Exponential-capacity-3201-20210301-21:50:08-11267,runattr,,,repetition,1,
Exponential-capacity-3201-20210301-21:50:08-11267,runattr,,,replication,#1,
Exponential-capacity-3201-20210301-21:50:08-11267,runattr,,,resultdir,results,
Exponential-capacity-3201-20210301-21:50:08-11267,runattr,,,runnumber,3201,
Exponential-capacity-3201-20210301-21:50:08-11267,runattr,,,seedset,1,
Exponential-capacity-3201-20210301-21:50:08-11267,param,,,**.t,2s,
Exponential-capacity-3201-20210301-21:50:08-11267,param,,,**.k,20ms,
Exponential-capacity-3201-20210301-21:50:08-11267,param,,,**.X,2s,
Exponential-capacity-3201-20210301-21:50:08-11267,param,,,**.m,0.5s,
Exponential-capacity-3201-20210301-21:50:08-11267,param,,,**.tDistribution,"""exponential""",
Exponential-capacity-3201-20210301-21:50:08-11267,param,,,**.operationMode,0,
Exponential-capacity-3201-20210301-21:50:08-11267,param,,,**.s,70 byte,
Exponential-capacity-3201-20210301-21:50:08-11267,param,,,**.dimPoolMax,10000,
Exponential-capacity-3201-20210301-21:50:08-11267,param,,,**.dimPoolMin,8000,
Exponential-capacity-3201-20210301-21:50:08-11267,param,,,**.nDL,16,
Exponential-capacity-3201-20210301-21:50:08-11267,param,,,**.nA,1,
Exponential-capacity-3201-20210301-21:50:08-11267,param,,,**.DLMaxCapacity,0,
Exponential-capacity-3201-20210301-21:50:08-11267,param,,,**.trasmitting,false,
Exponential-capacity-3210-20210301-21:50:09-11272,runattr,,,configname,Exponential-capacity,
Exponential-capacity-3210-20210301-21:50:09-11272,runattr,,,datetime,20210301-21:50:09,
Exponential-capacity-3210-20210301-21:50:09-11272,runattr,,,experiment,Exponential-capacity,
Exponential-capacity-3210-20210301-21:50:09-11272,runattr,,,inifile,../simulations/aerocom.ini,
Exponential-capacity-3210-20210301-21:50:09-11272,runattr,,,iterationvars,"$0=20, $1=2",
Exponential-capacity-3210-20210301-21:50:09-11272,runattr,,,iterationvarsf,"20,2-",
Exponential-capacity-3210-20210301-21:50:09-11272,runattr,,,measurement,"$0=20, $1=2",
Exponential-capacity-3210-20210301-21:50:09-11272,runattr,,,network,Aerocom,
Exponential-capacity-3210-20210301-21:50:09-11272,runattr,,,processid,11272,
Exponential-capacity-3210-20210301-21:50:09-11272,runattr,,,repetition,10,
Exponential-capacity-3210-20210301-21:50:09-11272,runattr,,,replication,#10,
Exponential-capacity-3210-20210301-21:50:09-11272,runattr,,,resultdir,results,
Exponential-capacity-3210-20210301-21:50:09-11272,runattr,,,runnumber,3210,
Exponential-capacity-3210-20210301-21:50:09-11272,runattr,,,seedset,10,
Exponential-capacity-3210-20210301-21:50:09-11272,param,,,**.t,2s,
Exponential-capacity-3210-20210301-21:50:09-11272,param,,,**.k,20ms,
Exponential-capacity-3210-20210301-21:50:09-11272,param,,,**.X,2s,
Exponential-capacity-3210-20210301-21:50:09-11272,param,,,**.m,0.5s,
Exponential-capacity-3210-20210301-21:50:09-11272,param,,,**.tDistribution,"""exponential""",
Exponential-capacity-3210-20210301-21:50:09-11272,param,,,**.operationMode,0,
Exponential-capacity-3210-20210301-21:50:09-11272,param,,,**.s,70 byte,
Exponential-capacity-3210-20210301-21:50:09-11272,param,,,**.dimPoolMax,10000,
Exponential-capacity-3210-20210301-21:50:09-11272,param,,,**.dimPoolMin,8000,
Exponential-capacity-3210-20210301-21:50:09-11272,param,,,**.nDL,16,
Exponential-capacity-3210-20210301-21:50:09-11272,param,,,**.nA,1,
Exponential-capacity-3210-20210301-21:50:09-11272,param,,,**.DLMaxCapacity,0,
Exponential-capacity-3210-20210301-21:50:09-11272,param,,,**.trasmitting,false,
Exponential-capacity-3211-20210301-21:50:09-11272,runattr,,,configname,Exponential-capacity,
Exponential-capacity-3211-20210301-21:50:09-11272,runattr,,,datetime,20210301-21:50:09,
Exponential-capacity-3211-20210301-21:50:09-11272,runattr,,,experiment,Exponential-capacity,
Exponential-capacity-3211-20210301-21:50:09-11272,runattr,,,inifile,../simulations/aerocom.ini,
Exponential-capacity-3211-20210301-21:50:09-11272,runattr,,,iterationvars,"$0=20, $1=2",
Exponential-capacity-3211-20210301-21:50:09-11272,runattr,,,iterationvarsf,"20,2-",
Exponential-capacity-3211-20210301-21:50:09-11272,runattr,,,measurement,"$0=20, $1=2",
Exponential-capacity-3211-20210301-21:50:09-11272,runattr,,,network,Aerocom,
Exponential-capacity-3211-20210301-21:50:09-11272,runattr,,,processid,11272,
Exponential-capacity-3211-20210301-21:50:09-11272,runattr,,,repetition,11,
Exponential-capacity-3211-20210301-21:50:09-11272,runattr,,,replication,#11,
Exponential-capacity-3211-20210301-21:50:09-11272,runattr,,,resultdir,results,
Exponential-capacity-3211-20210301-21:50:09-11272,runattr,,,runnumber,3211,
Exponential-capacity-3211-20210301-21:50:09-11272,runattr,,,seedset,11,
Exponential-capacity-3211-20210301-21:50:09-11272,param,,,**.t,2s,
Exponential-capacity-3211-20210301-21:50:09-11272,param,,,**.k,20ms,
Exponential-capacity-3211-20210301-21:50:09-11272,param,,,**.X,2s,
Exponential-capacity-3211-20210301-21:50:09-11272,param,,,**.m,0.5s,
Exponential-capacity-3211-20210301-21:50:09-11272,param,,,**.tDistribution,"""exponential""",
Exponential-capacity-3211-20210301-21:50:09-11272,param,,,**.operationMode,0,
Exponential-capacity-3211-20210301-21:50:09-11272,param,,,**.s,70 byte,
Exponential-capacity-3211-20210301-21:50:09-11272,param,,,**.dimPoolMax,10000,
Exponential-capacity-3211-20210301-21:50:09-11272,param,,,**.dimPoolMin,8000,
Exponential-capacity-3211-20210301-21:50:09-11272,param,,,**.nDL,16,
Exponential-capacity-3211-20210301-21:50:09-11272,param,,,**.nA,1,
Exponential-capacity-3211-20210301-21:50:09-11272,param,,,**.DLMaxCapacity,0,
Exponential-capacity-3211-20210301-21:50:09-11272,param,,,**.trasmitting,false,
Exponential-capacity-3213-20210301-21:50:10-11272,runattr,,,configname,Exponential-capacity,
Exponential-capacity-3213-20210301-21:50:10-11272,runattr,,,datetime,20210301-21:50:10,
Exponential-capacity-3213-20210301-21:50:10-11272,runattr,,,experiment,Exponential-capacity,
Exponential-capacity-3213-20210301-21:50:10-11272,runattr,,,inifile,../simulations/aerocom.ini,
Exponential-capacity-3213-20210301-21:50:10-11272,runattr,,,iterationvars,"$0=20, $1=2",
Exponential-capacity-3213-20210301-21:50:10-11272,runattr,,,iterationvarsf,"20,2-",
Exponential-capacity-3213-20210301-21:50:10-11272,runattr,,,measurement,"$0=20, $1=2",
Exponential-capacity-3213-20210301-21:50:10-11272,runattr,,,network,Aerocom,
Exponential-capacity-3213-20210301-21:50:10-11272,runattr,,,processid,11272,
Exponential-capacity-3213-20210301-21:50:10-11272,runattr,,,repetition,13,
Exponential-capacity-3213-20210301-21:50:10-11272,runattr,,,replication,#13,
Exponential-capacity-3213-20210301-21:50:10-11272,runattr,,,resultdir,results,
Exponential-capacity-3213-20210301-21:50:10-11272,runattr,,,runnumber,3213,
Exponential-capacity-3213-20210301-21:50:10-11272,runattr,,,seedset,13,
Exponential-capacity-3213-20210301-21:50:10-11272,param,,,**.t,2s,
Exponential-capacity-3213-20210301-21:50:10-11272,param,,,**.k,20ms,
Exponential-capacity-3213-20210301-21:50:10-11272,param,,,**.X,2s,
Exponential-capacity-3213-20210301-21:50:10-11272,param,,,**.m,0.5s,
Exponential-capacity-3213-20210301-21:50:10-11272,param,,,**.tDistribution,"""exponential""",
Exponential-capacity-3213-20210301-21:50:10-11272,param,,,**.operationMode,0,
Exponential-capacity-3213-20210301-21:50:10-11272,param,,,**.s,70 byte,
Exponential-capacity-3213-20210301-21:50:10-11272,param,,,**.dimPoolMax,10000,
Exponential-capacity-3213-20210301-21:50:10-11272,param,,,**.dimPoolMin,8000,
Exponential-capacity-3213-20210301-21:50:10-11272,param,,,**.nDL,16,
Exponential-capacity-3213-20210301-21:50:10-11272,param,,,**.nA,1,
Exponential-capacity-3213-20210301-21:50:10-11272,param,,,**.DLMaxCapacity,0,
Exponential-capacity-3213-20210301-21:50:10-11272,param,,,**.trasmitting,false,
Exponential-capacity-3212-20210301-21:50:10-11272,runattr,,,configname,Exponential-capacity,
Exponential-capacity-3212-20210301-21:50:10-11272,runattr,,,datetime,20210301-21:50:10,
Exponential-capacity-3212-20210301-21:50:10-11272,runattr,,,experiment,Exponential-capacity,
Exponential-capacity-3212-20210301-21:50:10-11272,runattr,,,inifile,../simulations/aerocom.ini,
Exponential-capacity-3212-20210301-21:50:10-11272,runattr,,,iterationvars,"$0=20, $1=2",
Exponential-capacity-3212-20210301-21:50:10-11272,runattr,,,iterationvarsf,"20,2-",
Exponential-capacity-3212-20210301-21:50:10-11272,runattr,,,measurement,"$0=20, $1=2",
Exponential-capacity-3212-20210301-21:50:10-11272,runattr,,,network,Aerocom,
Exponential-capacity-3212-20210301-21:50:10-11272,runattr,,,processid,11272,
Exponential-capacity-3212-20210301-21:50:10-11272,runattr,,,repetition,12,
Exponential-capacity-3212-20210301-21:50:10-11272,runattr,,,replication,#12,
Exponential-capacity-3212-20210301-21:50:10-11272,runattr,,,resultdir,results,
Exponential-capacity-3212-20210301-21:50:10-11272,runattr,,,runnumber,3212,
Exponential-capacity-3212-20210301-21:50:10-11272,runattr,,,seedset,12,
Exponential-capacity-3212-20210301-21:50:10-11272,param,,,**.t,2s,
Exponential-capacity-3212-20210301-21:50:10-11272,param,,,**.k,20ms,
Exponential-capacity-3212-20210301-21:50:10-11272,param,,,**.X,2s,
Exponential-capacity-3212-20210301-21:50:10-11272,param,,,**.m,0.5s,
Exponential-capacity-3212-20210301-21:50:10-11272,param,,,**.tDistribution,"""exponential""",
Exponential-capacity-3212-20210301-21:50:10-11272,param,,,**.operationMode,0,
Exponential-capacity-3212-20210301-21:50:10-11272,param,,,**.s,70 byte,
Exponential-capacity-3212-20210301-21:50:10-11272,param,,,**.dimPoolMax,10000,
Exponential-capacity-3212-20210301-21:50:10-11272,param,,,**.dimPoolMin,8000,
Exponential-capacity-3212-20210301-21:50:10-11272,param,,,**.nDL,16,
Exponential-capacity-3212-20210301-21:50:10-11272,param,,,**.nA,1,
Exponential-capacity-3212-20210301-21:50:10-11272,param,,,**.DLMaxCapacity,0,
Exponential-capacity-3212-20210301-21:50:10-11272,param,,,**.trasmitting,false,
Exponential-capacity-3214-20210301-21:50:10-11272,runattr,,,configname,Exponential-capacity,
Exponential-capacity-3214-20210301-21:50:10-11272,runattr,,,datetime,20210301-21:50:10,
Exponential-capacity-3214-20210301-21:50:10-11272,runattr,,,experiment,Exponential-capacity,
Exponential-capacity-3214-20210301-21:50:10-11272,runattr,,,inifile,../simulations/aerocom.ini,
Exponential-capacity-3214-20210301-21:50:10-11272,runattr,,,iterationvars,"$0=20, $1=2",
Exponential-capacity-3214-20210301-21:50:10-11272,runattr,,,iterationvarsf,"20,2-",
Exponential-capacity-3214-20210301-21:50:10-11272,runattr,,,measurement,"$0=20, $1=2",
Exponential-capacity-3214-20210301-21:50:10-11272,runattr,,,network,Aerocom,
Exponential-capacity-3214-20210301-21:50:10-11272,runattr,,,processid,11272,
Exponential-capacity-3214-20210301-21:50:10-11272,runattr,,,repetition,14,
Exponential-capacity-3214-20210301-21:50:10-11272,runattr,,,replication,#14,
Exponential-capacity-3214-20210301-21:50:10-11272,runattr,,,resultdir,results,
Exponential-capacity-3214-20210301-21:50:10-11272,runattr,,,runnumber,3214,
Exponential-capacity-3214-20210301-21:50:10-11272,runattr,,,seedset,14,
Exponential-capacity-3214-20210301-21:50:10-11272,param,,,**.t,2s,
Exponential-capacity-3214-20210301-21:50:10-11272,param,,,**.k,20ms,
Exponential-capacity-3214-20210301-21:50:10-11272,param,,,**.X,2s,
Exponential-capacity-3214-20210301-21:50:10-11272,param,,,**.m,0.5s,
Exponential-capacity-3214-20210301-21:50:10-11272,param,,,**.tDistribution,"""exponential""",
Exponential-capacity-3214-20210301-21:50:10-11272,param,,,**.operationMode,0,
Exponential-capacity-3214-20210301-21:50:10-11272,param,,,**.s,70 byte,
Exponential-capacity-3214-20210301-21:50:10-11272,param,,,**.dimPoolMax,10000,
Exponential-capacity-3214-20210301-21:50:10-11272,param,,,**.dimPoolMin,8000,
Exponential-capacity-3214-20210301-21:50:10-11272,param,,,**.nDL,16,
Exponential-capacity-3214-20210301-21:50:10-11272,param,,,**.nA,1,
Exponential-capacity-3214-20210301-21:50:10-11272,param,,,**.DLMaxCapacity,0,
Exponential-capacity-3214-20210301-21:50:10-11272,param,,,**.trasmitting,false,
Exponential-capacity-3215-20210301-21:50:10-11272,runattr,,,configname,Exponential-capacity,
Exponential-capacity-3215-20210301-21:50:10-11272,runattr,,,datetime,20210301-21:50:10,
Exponential-capacity-3215-20210301-21:50:10-11272,runattr,,,experiment,Exponential-capacity,
Exponential-capacity-3215-20210301-21:50:10-11272,runattr,,,inifile,../simulations/aerocom.ini,
Exponential-capacity-3215-20210301-21:50:10-11272,runattr,,,iterationvars,"$0=20, $1=2",
Exponential-capacity-3215-20210301-21:50:10-11272,runattr,,,iterationvarsf,"20,2-",
Exponential-capacity-3215-20210301-21:50:10-11272,runattr,,,measurement,"$0=20, $1=2",
Exponential-capacity-3215-20210301-21:50:10-11272,runattr,,,network,Aerocom,
Exponential-capacity-3215-20210301-21:50:10-11272,runattr,,,processid,11272,
Exponential-capacity-3215-20210301-21:50:10-11272,runattr,,,repetition,15,
Exponential-capacity-3215-20210301-21:50:10-11272,runattr,,,replication,#15,
Exponential-capacity-3215-20210301-21:50:10-11272,runattr,,,resultdir,results,
Exponential-capacity-3215-20210301-21:50:10-11272,runattr,,,runnumber,3215,
Exponential-capacity-3215-20210301-21:50:10-11272,runattr,,,seedset,15,
Exponential-capacity-3215-20210301-21:50:10-11272,param,,,**.t,2s,
Exponential-capacity-3215-20210301-21:50:10-11272,param,,,**.k,20ms,
Exponential-capacity-3215-20210301-21:50:10-11272,param,,,**.X,2s,
Exponential-capacity-3215-20210301-21:50:10-11272,param,,,**.m,0.5s,
Exponential-capacity-3215-20210301-21:50:10-11272,param,,,**.tDistribution,"""exponential""",
Exponential-capacity-3215-20210301-21:50:10-11272,param,,,**.operationMode,0,
Exponential-capacity-3215-20210301-21:50:10-11272,param,,,**.s,70 byte,
Exponential-capacity-3215-20210301-21:50:10-11272,param,,,**.dimPoolMax,10000,
Exponential-capacity-3215-20210301-21:50:10-11272,param,,,**.dimPoolMin,8000,
Exponential-capacity-3215-20210301-21:50:10-11272,param,,,**.nDL,16,
Exponential-capacity-3215-20210301-21:50:10-11272,param,,,**.nA,1,
Exponential-capacity-3215-20210301-21:50:10-11272,param,,,**.DLMaxCapacity,0,
Exponential-capacity-3215-20210301-21:50:10-11272,param,,,**.trasmitting,false,
Exponential-capacity-3216-20210301-21:50:09-11277,runattr,,,configname,Exponential-capacity,
Exponential-capacity-3216-20210301-21:50:09-11277,runattr,,,datetime,20210301-21:50:09,
Exponential-capacity-3216-20210301-21:50:09-11277,runattr,,,experiment,Exponential-capacity,
Exponential-capacity-3216-20210301-21:50:09-11277,runattr,,,inifile,../simulations/aerocom.ini,
Exponential-capacity-3216-20210301-21:50:09-11277,runattr,,,iterationvars,"$0=20, $1=2",
Exponential-capacity-3216-20210301-21:50:09-11277,runattr,,,iterationvarsf,"20,2-",
Exponential-capacity-3216-20210301-21:50:09-11277,runattr,,,measurement,"$0=20, $1=2",
Exponential-capacity-3216-20210301-21:50:09-11277,runattr,,,network,Aerocom,
Exponential-capacity-3216-20210301-21:50:09-11277,runattr,,,processid,11277,
Exponential-capacity-3216-20210301-21:50:09-11277,runattr,,,repetition,16,
Exponential-capacity-3216-20210301-21:50:09-11277,runattr,,,replication,#16,
Exponential-capacity-3216-20210301-21:50:09-11277,runattr,,,resultdir,results,
Exponential-capacity-3216-20210301-21:50:09-11277,runattr,,,runnumber,3216,
Exponential-capacity-3216-20210301-21:50:09-11277,runattr,,,seedset,16,
Exponential-capacity-3216-20210301-21:50:09-11277,param,,,**.t,2s,
Exponential-capacity-3216-20210301-21:50:09-11277,param,,,**.k,20ms,
Exponential-capacity-3216-20210301-21:50:09-11277,param,,,**.X,2s,
Exponential-capacity-3216-20210301-21:50:09-11277,param,,,**.m,0.5s,
Exponential-capacity-3216-20210301-21:50:09-11277,param,,,**.tDistribution,"""exponential""",
Exponential-capacity-3216-20210301-21:50:09-11277,param,,,**.operationMode,0,
Exponential-capacity-3216-20210301-21:50:09-11277,param,,,**.s,70 byte,
Exponential-capacity-3216-20210301-21:50:09-11277,param,,,**.dimPoolMax,10000,
Exponential-capacity-3216-20210301-21:50:09-11277,param,,,**.dimPoolMin,8000,
Exponential-capacity-3216-20210301-21:50:09-11277,param,,,**.nDL,16,
Exponential-capacity-3216-20210301-21:50:09-11277,param,,,**.nA,1,
Exponential-capacity-3216-20210301-21:50:09-11277,param,,,**.DLMaxCapacity,0,
Exponential-capacity-3216-20210301-21:50:09-11277,param,,,**.trasmitting,false,
Exponential-capacity-3218-20210301-21:50:09-11277,runattr,,,configname,Exponential-capacity,
Exponential-capacity-3218-20210301-21:50:09-11277,runattr,,,datetime,20210301-21:50:09,
Exponential-capacity-3218-20210301-21:50:09-11277,runattr,,,experiment,Exponential-capacity,
Exponential-capacity-3218-20210301-21:50:09-11277,runattr,,,inifile,../simulations/aerocom.ini,
Exponential-capacity-3218-20210301-21:50:09-11277,runattr,,,iterationvars,"$0=20, $1=2",
Exponential-capacity-3218-20210301-21:50:09-11277,runattr,,,iterationvarsf,"20,2-",
Exponential-capacity-3218-20210301-21:50:09-11277,runattr,,,measurement,"$0=20, $1=2",
Exponential-capacity-3218-20210301-21:50:09-11277,runattr,,,network,Aerocom,
Exponential-capacity-3218-20210301-21:50:09-11277,runattr,,,processid,11277,
Exponential-capacity-3218-20210301-21:50:09-11277,runattr,,,repetition,18,
Exponential-capacity-3218-20210301-21:50:09-11277,runattr,,,replication,#18,
Exponential-capacity-3218-20210301-21:50:09-11277,runattr,,,resultdir,results,
Exponential-capacity-3218-20210301-21:50:09-11277,runattr,,,runnumber,3218,
Exponential-capacity-3218-20210301-21:50:09-11277,runattr,,,seedset,18,
Exponential-capacity-3218-20210301-21:50:09-11277,param,,,**.t,2s,
Exponential-capacity-3218-20210301-21:50:09-11277,param,,,**.k,20ms,
Exponential-capacity-3218-20210301-21:50:09-11277,param,,,**.X,2s,
Exponential-capacity-3218-20210301-21:50:09-11277,param,,,**.m,0.5s,
Exponential-capacity-3218-20210301-21:50:09-11277,param,,,**.tDistribution,"""exponential""",
Exponential-capacity-3218-20210301-21:50:09-11277,param,,,**.operationMode,0,
Exponential-capacity-3218-20210301-21:50:09-11277,param,,,**.s,70 byte,
Exponential-capacity-3218-20210301-21:50:09-11277,param,,,**.dimPoolMax,10000,
Exponential-capacity-3218-20210301-21:50:09-11277,param,,,**.dimPoolMin,8000,
Exponential-capacity-3218-20210301-21:50:09-11277,param,,,**.nDL,16,
Exponential-capacity-3218-20210301-21:50:09-11277,param,,,**.nA,1,
Exponential-capacity-3218-20210301-21:50:09-11277,param,,,**.DLMaxCapacity,0,
Exponential-capacity-3218-20210301-21:50:09-11277,param,,,**.trasmitting,false,
Exponential-capacity-3217-20210301-21:50:09-11277,runattr,,,configname,Exponential-capacity,
Exponential-capacity-3217-20210301-21:50:09-11277,runattr,,,datetime,20210301-21:50:09,
Exponential-capacity-3217-20210301-21:50:09-11277,runattr,,,experiment,Exponential-capacity,
Exponential-capacity-3217-20210301-21:50:09-11277,runattr,,,inifile,../simulations/aerocom.ini,
Exponential-capacity-3217-20210301-21:50:09-11277,runattr,,,iterationvars,"$0=20, $1=2",
Exponential-capacity-3217-20210301-21:50:09-11277,runattr,,,iterationvarsf,"20,2-",
Exponential-capacity-3217-20210301-21:50:09-11277,runattr,,,measurement,"$0=20, $1=2",
Exponential-capacity-3217-20210301-21:50:09-11277,runattr,,,network,Aerocom,
Exponential-capacity-3217-20210301-21:50:09-11277,runattr,,,processid,11277,
Exponential-capacity-3217-20210301-21:50:09-11277,runattr,,,repetition,17,
Exponential-capacity-3217-20210301-21:50:09-11277,runattr,,,replication,#17,
Exponential-capacity-3217-20210301-21:50:09-11277,runattr,,,resultdir,results,
Exponential-capacity-3217-20210301-21:50:09-11277,runattr,,,runnumber,3217,
Exponential-capacity-3217-20210301-21:50:09-11277,runattr,,,seedset,17,
Exponential-capacity-3217-20210301-21:50:09-11277,param,,,**.t,2s,
Exponential-capacity-3217-20210301-21:50:09-11277,param,,,**.k,20ms,
Exponential-capacity-3217-20210301-21:50:09-11277,param,,,**.X,2s,
Exponential-capacity-3217-20210301-21:50:09-11277,param,,,**.m,0.5s,
Exponential-capacity-3217-20210301-21:50:09-11277,param,,,**.tDistribution,"""exponential""",
Exponential-capacity-3217-20210301-21:50:09-11277,param,,,**.operationMode,0,
Exponential-capacity-3217-20210301-21:50:09-11277,param,,,**.s,70 byte,
Exponential-capacity-3217-20210301-21:50:09-11277,param,,,**.dimPoolMax,10000,
Exponential-capacity-3217-20210301-21:50:09-11277,param,,,**.dimPoolMin,8000,
Exponential-capacity-3217-20210301-21:50:09-11277,param,,,**.nDL,16,
Exponential-capacity-3217-20210301-21:50:09-11277,param,,,**.nA,1,
Exponential-capacity-3217-20210301-21:50:09-11277,param,,,**.DLMaxCapacity,0,
Exponential-capacity-3217-20210301-21:50:09-11277,param,,,**.trasmitting,false,
Exponential-capacity-3219-20210301-21:50:09-11277,runattr,,,configname,Exponential-capacity,
Exponential-capacity-3219-20210301-21:50:09-11277,runattr,,,datetime,20210301-21:50:09,
Exponential-capacity-3219-20210301-21:50:09-11277,runattr,,,experiment,Exponential-capacity,
Exponential-capacity-3219-20210301-21:50:09-11277,runattr,,,inifile,../simulations/aerocom.ini,
Exponential-capacity-3219-20210301-21:50:09-11277,runattr,,,iterationvars,"$0=20, $1=2",
Exponential-capacity-3219-20210301-21:50:09-11277,runattr,,,iterationvarsf,"20,2-",
Exponential-capacity-3219-20210301-21:50:09-11277,runattr,,,measurement,"$0=20, $1=2",
Exponential-capacity-3219-20210301-21:50:09-11277,runattr,,,network,Aerocom,
Exponential-capacity-3219-20210301-21:50:09-11277,runattr,,,processid,11277,
Exponential-capacity-3219-20210301-21:50:09-11277,runattr,,,repetition,19,
Exponential-capacity-3219-20210301-21:50:09-11277,runattr,,,replication,#19,
Exponential-capacity-3219-20210301-21:50:09-11277,runattr,,,resultdir,results,
Exponential-capacity-3219-20210301-21:50:09-11277,runattr,,,runnumber,3219,
Exponential-capacity-3219-20210301-21:50:09-11277,runattr,,,seedset,19,
Exponential-capacity-3219-20210301-21:50:09-11277,param,,,**.t,2s,
Exponential-capacity-3219-20210301-21:50:09-11277,param,,,**.k,20ms,
Exponential-capacity-3219-20210301-21:50:09-11277,param,,,**.X,2s,
Exponential-capacity-3219-20210301-21:50:09-11277,param,,,**.m,0.5s,
Exponential-capacity-3219-20210301-21:50:09-11277,param,,,**.tDistribution,"""exponential""",
Exponential-capacity-3219-20210301-21:50:09-11277,param,,,**.operationMode,0,
Exponential-capacity-3219-20210301-21:50:09-11277,param,,,**.s,70 byte,
Exponential-capacity-3219-20210301-21:50:09-11277,param,,,**.dimPoolMax,10000,
Exponential-capacity-3219-20210301-21:50:09-11277,param,,,**.dimPoolMin,8000,
Exponential-capacity-3219-20210301-21:50:09-11277,param,,,**.nDL,16,
Exponential-capacity-3219-20210301-21:50:09-11277,param,,,**.nA,1,
Exponential-capacity-3219-20210301-21:50:09-11277,param,,,**.DLMaxCapacity,0,
Exponential-capacity-3219-20210301-21:50:09-11277,param,,,**.trasmitting,false,
Exponential-capacity-3202-20210301-21:50:08-11267,runattr,,,configname,Exponential-capacity,
Exponential-capacity-3202-20210301-21:50:08-11267,runattr,,,datetime,20210301-21:50:08,
Exponential-capacity-3202-20210301-21:50:08-11267,runattr,,,experiment,Exponential-capacity,
Exponential-capacity-3202-20210301-21:50:08-11267,runattr,,,inifile,../simulations/aerocom.ini,
Exponential-capacity-3202-20210301-21:50:08-11267,runattr,,,iterationvars,"$0=20, $1=2",
Exponential-capacity-3202-20210301-21:50:08-11267,runattr,,,iterationvarsf,"20,2-",
Exponential-capacity-3202-20210301-21:50:08-11267,runattr,,,measurement,"$0=20, $1=2",
Exponential-capacity-3202-20210301-21:50:08-11267,runattr,,,network,Aerocom,
Exponential-capacity-3202-20210301-21:50:08-11267,runattr,,,processid,11267,
Exponential-capacity-3202-20210301-21:50:08-11267,runattr,,,repetition,2,
Exponential-capacity-3202-20210301-21:50:08-11267,runattr,,,replication,#2,
Exponential-capacity-3202-20210301-21:50:08-11267,runattr,,,resultdir,results,
Exponential-capacity-3202-20210301-21:50:08-11267,runattr,,,runnumber,3202,
Exponential-capacity-3202-20210301-21:50:08-11267,runattr,,,seedset,2,
Exponential-capacity-3202-20210301-21:50:08-11267,param,,,**.t,2s,
Exponential-capacity-3202-20210301-21:50:08-11267,param,,,**.k,20ms,
Exponential-capacity-3202-20210301-21:50:08-11267,param,,,**.X,2s,
Exponential-capacity-3202-20210301-21:50:08-11267,param,,,**.m,0.5s,
Exponential-capacity-3202-20210301-21:50:08-11267,param,,,**.tDistribution,"""exponential""",
Exponential-capacity-3202-20210301-21:50:08-11267,param,,,**.operationMode,0,
Exponential-capacity-3202-20210301-21:50:08-11267,param,,,**.s,70 byte,
Exponential-capacity-3202-20210301-21:50:08-11267,param,,,**.dimPoolMax,10000,
Exponential-capacity-3202-20210301-21:50:08-11267,param,,,**.dimPoolMin,8000,
Exponential-capacity-3202-20210301-21:50:08-11267,param,,,**.nDL,16,
Exponential-capacity-3202-20210301-21:50:08-11267,param,,,**.nA,1,
Exponential-capacity-3202-20210301-21:50:08-11267,param,,,**.DLMaxCapacity,0,
Exponential-capacity-3202-20210301-21:50:08-11267,param,,,**.trasmitting,false,
Exponential-capacity-3220-20210301-21:50:10-11277,runattr,,,configname,Exponential-capacity,
Exponential-capacity-3220-20210301-21:50:10-11277,runattr,,,datetime,20210301-21:50:10,
Exponential-capacity-3220-20210301-21:50:10-11277,runattr,,,experiment,Exponential-capacity,
Exponential-capacity-3220-20210301-21:50:10-11277,runattr,,,inifile,../simulations/aerocom.ini,
Exponential-capacity-3220-20210301-21:50:10-11277,runattr,,,iterationvars,"$0=20, $1=2",
Exponential-capacity-3220-20210301-21:50:10-11277,runattr,,,iterationvarsf,"20,2-",
Exponential-capacity-3220-20210301-21:50:10-11277,runattr,,,measurement,"$0=20, $1=2",
Exponential-capacity-3220-20210301-21:50:10-11277,runattr,,,network,Aerocom,
Exponential-capacity-3220-20210301-21:50:10-11277,runattr,,,processid,11277,
Exponential-capacity-3220-20210301-21:50:10-11277,runattr,,,repetition,20,
Exponential-capacity-3220-20210301-21:50:10-11277,runattr,,,replication,#20,
Exponential-capacity-3220-20210301-21:50:10-11277,runattr,,,resultdir,results,
Exponential-capacity-3220-20210301-21:50:10-11277,runattr,,,runnumber,3220,
Exponential-capacity-3220-20210301-21:50:10-11277,runattr,,,seedset,20,
Exponential-capacity-3220-20210301-21:50:10-11277,param,,,**.t,2s,
Exponential-capacity-3220-20210301-21:50:10-11277,param,,,**.k,20ms,
Exponential-capacity-3220-20210301-21:50:10-11277,param,,,**.X,2s,
Exponential-capacity-3220-20210301-21:50:10-11277,param,,,**.m,0.5s,
Exponential-capacity-3220-20210301-21:50:10-11277,param,,,**.tDistribution,"""exponential""",
Exponential-capacity-3220-20210301-21:50:10-11277,param,,,**.operationMode,0,
Exponential-capacity-3220-20210301-21:50:10-11277,param,,,**.s,70 byte,
Exponential-capacity-3220-20210301-21:50:10-11277,param,,,**.dimPoolMax,10000,
Exponential-capacity-3220-20210301-21:50:10-11277,param,,,**.dimPoolMin,8000,
Exponential-capacity-3220-20210301-21:50:10-11277,param,,,**.nDL,16,
Exponential-capacity-3220-20210301-21:50:10-11277,param,,,**.nA,1,
Exponential-capacity-3220-20210301-21:50:10-11277,param,,,**.DLMaxCapacity,0,
Exponential-capacity-3220-20210301-21:50:10-11277,param,,,**.trasmitting,false,
Exponential-capacity-3221-20210301-21:50:10-11277,runattr,,,configname,Exponential-capacity,
Exponential-capacity-3221-20210301-21:50:10-11277,runattr,,,datetime,20210301-21:50:10,
Exponential-capacity-3221-20210301-21:50:10-11277,runattr,,,experiment,Exponential-capacity,
Exponential-capacity-3221-20210301-21:50:10-11277,runattr,,,inifile,../simulations/aerocom.ini,
Exponential-capacity-3221-20210301-21:50:10-11277,runattr,,,iterationvars,"$0=20, $1=2",
Exponential-capacity-3221-20210301-21:50:10-11277,runattr,,,iterationvarsf,"20,2-",
Exponential-capacity-3221-20210301-21:50:10-11277,runattr,,,measurement,"$0=20, $1=2",
Exponential-capacity-3221-20210301-21:50:10-11277,runattr,,,network,Aerocom,
Exponential-capacity-3221-20210301-21:50:10-11277,runattr,,,processid,11277,
Exponential-capacity-3221-20210301-21:50:10-11277,runattr,,,repetition,21,
Exponential-capacity-3221-20210301-21:50:10-11277,runattr,,,replication,#21,
Exponential-capacity-3221-20210301-21:50:10-11277,runattr,,,resultdir,results,
Exponential-capacity-3221-20210301-21:50:10-11277,runattr,,,runnumber,3221,
Exponential-capacity-3221-20210301-21:50:10-11277,runattr,,,seedset,21,
Exponential-capacity-3221-20210301-21:50:10-11277,param,,,**.t,2s,
Exponential-capacity-3221-20210301-21:50:10-11277,param,,,**.k,20ms,
Exponential-capacity-3221-20210301-21:50:10-11277,param,,,**.X,2s,
Exponential-capacity-3221-20210301-21:50:10-11277,param,,,**.m,0.5s,
Exponential-capacity-3221-20210301-21:50:10-11277,param,,,**.tDistribution,"""exponential""",
Exponential-capacity-3221-20210301-21:50:10-11277,param,,,**.operationMode,0,
Exponential-capacity-3221-20210301-21:50:10-11277,param,,,**.s,70 byte,
Exponential-capacity-3221-20210301-21:50:10-11277,param,,,**.dimPoolMax,10000,
Exponential-capacity-3221-20210301-21:50:10-11277,param,,,**.dimPoolMin,8000,
Exponential-capacity-3221-20210301-21:50:10-11277,param,,,**.nDL,16,
Exponential-capacity-3221-20210301-21:50:10-11277,param,,,**.nA,1,
Exponential-capacity-3221-20210301-21:50:10-11277,param,,,**.DLMaxCapacity,0,
Exponential-capacity-3221-20210301-21:50:10-11277,param,,,**.trasmitting,false,
Exponential-capacity-3222-20210301-21:50:11-11277,runattr,,,configname,Exponential-capacity,
Exponential-capacity-3222-20210301-21:50:11-11277,runattr,,,datetime,20210301-21:50:11,
Exponential-capacity-3222-20210301-21:50:11-11277,runattr,,,experiment,Exponential-capacity,
Exponential-capacity-3222-20210301-21:50:11-11277,runattr,,,inifile,../simulations/aerocom.ini,
Exponential-capacity-3222-20210301-21:50:11-11277,runattr,,,iterationvars,"$0=20, $1=2",
Exponential-capacity-3222-20210301-21:50:11-11277,runattr,,,iterationvarsf,"20,2-",
Exponential-capacity-3222-20210301-21:50:11-11277,runattr,,,measurement,"$0=20, $1=2",
Exponential-capacity-3222-20210301-21:50:11-11277,runattr,,,network,Aerocom,
Exponential-capacity-3222-20210301-21:50:11-11277,runattr,,,processid,11277,
Exponential-capacity-3222-20210301-21:50:11-11277,runattr,,,repetition,22,
Exponential-capacity-3222-20210301-21:50:11-11277,runattr,,,replication,#22,
Exponential-capacity-3222-20210301-21:50:11-11277,runattr,,,resultdir,results,
Exponential-capacity-3222-20210301-21:50:11-11277,runattr,,,runnumber,3222,
Exponential-capacity-3222-20210301-21:50:11-11277,runattr,,,seedset,22,
Exponential-capacity-3222-20210301-21:50:11-11277,param,,,**.t,2s,
Exponential-capacity-3222-20210301-21:50:11-11277,param,,,**.k,20ms,
Exponential-capacity-3222-20210301-21:50:11-11277,param,,,**.X,2s,
Exponential-capacity-3222-20210301-21:50:11-11277,param,,,**.m,0.5s,
Exponential-capacity-3222-20210301-21:50:11-11277,param,,,**.tDistribution,"""exponential""",
Exponential-capacity-3222-20210301-21:50:11-11277,param,,,**.operationMode,0,
Exponential-capacity-3222-20210301-21:50:11-11277,param,,,**.s,70 byte,
Exponential-capacity-3222-20210301-21:50:11-11277,param,,,**.dimPoolMax,10000,
Exponential-capacity-3222-20210301-21:50:11-11277,param,,,**.dimPoolMin,8000,
Exponential-capacity-3222-20210301-21:50:11-11277,param,,,**.nDL,16,
Exponential-capacity-3222-20210301-21:50:11-11277,param,,,**.nA,1,
Exponential-capacity-3222-20210301-21:50:11-11277,param,,,**.DLMaxCapacity,0,
Exponential-capacity-3222-20210301-21:50:11-11277,param,,,**.trasmitting,false,
Exponential-capacity-3223-20210301-21:50:11-11277,runattr,,,configname,Exponential-capacity,
Exponential-capacity-3223-20210301-21:50:11-11277,runattr,,,datetime,20210301-21:50:11,
Exponential-capacity-3223-20210301-21:50:11-11277,runattr,,,experiment,Exponential-capacity,
Exponential-capacity-3223-20210301-21:50:11-11277,runattr,,,inifile,../simulations/aerocom.ini,
Exponential-capacity-3223-20210301-21:50:11-11277,runattr,,,iterationvars,"$0=20, $1=2",
Exponential-capacity-3223-20210301-21:50:11-11277,runattr,,,iterationvarsf,"20,2-",
Exponential-capacity-3223-20210301-21:50:11-11277,runattr,,,measurement,"$0=20, $1=2",
Exponential-capacity-3223-20210301-21:50:11-11277,runattr,,,network,Aerocom,
Exponential-capacity-3223-20210301-21:50:11-11277,runattr,,,processid,11277,
Exponential-capacity-3223-20210301-21:50:11-11277,runattr,,,repetition,23,
Exponential-capacity-3223-20210301-21:50:11-11277,runattr,,,replication,#23,
Exponential-capacity-3223-20210301-21:50:11-11277,runattr,,,resultdir,results,
Exponential-capacity-3223-20210301-21:50:11-11277,runattr,,,runnumber,3223,
Exponential-capacity-3223-20210301-21:50:11-11277,runattr,,,seedset,23,
Exponential-capacity-3223-20210301-21:50:11-11277,param,,,**.t,2s,
Exponential-capacity-3223-20210301-21:50:11-11277,param,,,**.k,20ms,
Exponential-capacity-3223-20210301-21:50:11-11277,param,,,**.X,2s,
Exponential-capacity-3223-20210301-21:50:11-11277,param,,,**.m,0.5s,
Exponential-capacity-3223-20210301-21:50:11-11277,param,,,**.tDistribution,"""exponential""",
Exponential-capacity-3223-20210301-21:50:11-11277,param,,,**.operationMode,0,
Exponential-capacity-3223-20210301-21:50:11-11277,param,,,**.s,70 byte,
Exponential-capacity-3223-20210301-21:50:11-11277,param,,,**.dimPoolMax,10000,
Exponential-capacity-3223-20210301-21:50:11-11277,param,,,**.dimPoolMin,8000,
Exponential-capacity-3223-20210301-21:50:11-11277,param,,,**.nDL,16,
Exponential-capacity-3223-20210301-21:50:11-11277,param,,,**.nA,1,
Exponential-capacity-3223-20210301-21:50:11-11277,param,,,**.DLMaxCapacity,0,
Exponential-capacity-3223-20210301-21:50:11-11277,param,,,**.trasmitting,false,
Exponential-capacity-3224-20210301-21:50:09-11282,runattr,,,configname,Exponential-capacity,
Exponential-capacity-3224-20210301-21:50:09-11282,runattr,,,datetime,20210301-21:50:09,
Exponential-capacity-3224-20210301-21:50:09-11282,runattr,,,experiment,Exponential-capacity,
Exponential-capacity-3224-20210301-21:50:09-11282,runattr,,,inifile,../simulations/aerocom.ini,
Exponential-capacity-3224-20210301-21:50:09-11282,runattr,,,iterationvars,"$0=20, $1=2",
Exponential-capacity-3224-20210301-21:50:09-11282,runattr,,,iterationvarsf,"20,2-",
Exponential-capacity-3224-20210301-21:50:09-11282,runattr,,,measurement,"$0=20, $1=2",
Exponential-capacity-3224-20210301-21:50:09-11282,runattr,,,network,Aerocom,
Exponential-capacity-3224-20210301-21:50:09-11282,runattr,,,processid,11282,
Exponential-capacity-3224-20210301-21:50:09-11282,runattr,,,repetition,24,
Exponential-capacity-3224-20210301-21:50:09-11282,runattr,,,replication,#24,
Exponential-capacity-3224-20210301-21:50:09-11282,runattr,,,resultdir,results,
Exponential-capacity-3224-20210301-21:50:09-11282,runattr,,,runnumber,3224,
Exponential-capacity-3224-20210301-21:50:09-11282,runattr,,,seedset,24,
Exponential-capacity-3224-20210301-21:50:09-11282,param,,,**.t,2s,
Exponential-capacity-3224-20210301-21:50:09-11282,param,,,**.k,20ms,
Exponential-capacity-3224-20210301-21:50:09-11282,param,,,**.X,2s,
Exponential-capacity-3224-20210301-21:50:09-11282,param,,,**.m,0.5s,
Exponential-capacity-3224-20210301-21:50:09-11282,param,,,**.tDistribution,"""exponential""",
Exponential-capacity-3224-20210301-21:50:09-11282,param,,,**.operationMode,0,
Exponential-capacity-3224-20210301-21:50:09-11282,param,,,**.s,70 byte,
Exponential-capacity-3224-20210301-21:50:09-11282,param,,,**.dimPoolMax,10000,
Exponential-capacity-3224-20210301-21:50:09-11282,param,,,**.dimPoolMin,8000,
Exponential-capacity-3224-20210301-21:50:09-11282,param,,,**.nDL,16,
Exponential-capacity-3224-20210301-21:50:09-11282,param,,,**.nA,1,
Exponential-capacity-3224-20210301-21:50:09-11282,param,,,**.DLMaxCapacity,0,
Exponential-capacity-3224-20210301-21:50:09-11282,param,,,**.trasmitting,false,
Exponential-capacity-3225-20210301-21:50:09-11282,runattr,,,configname,Exponential-capacity,
Exponential-capacity-3225-20210301-21:50:09-11282,runattr,,,datetime,20210301-21:50:09,
Exponential-capacity-3225-20210301-21:50:09-11282,runattr,,,experiment,Exponential-capacity,
Exponential-capacity-3225-20210301-21:50:09-11282,runattr,,,inifile,../simulations/aerocom.ini,
Exponential-capacity-3225-20210301-21:50:09-11282,runattr,,,iterationvars,"$0=20, $1=2",
Exponential-capacity-3225-20210301-21:50:09-11282,runattr,,,iterationvarsf,"20,2-",
Exponential-capacity-3225-20210301-21:50:09-11282,runattr,,,measurement,"$0=20, $1=2",
Exponential-capacity-3225-20210301-21:50:09-11282,runattr,,,network,Aerocom,
Exponential-capacity-3225-20210301-21:50:09-11282,runattr,,,processid,11282,
Exponential-capacity-3225-20210301-21:50:09-11282,runattr,,,repetition,25,
Exponential-capacity-3225-20210301-21:50:09-11282,runattr,,,replication,#25,
Exponential-capacity-3225-20210301-21:50:09-11282,runattr,,,resultdir,results,
Exponential-capacity-3225-20210301-21:50:09-11282,runattr,,,runnumber,3225,
Exponential-capacity-3225-20210301-21:50:09-11282,runattr,,,seedset,25,
Exponential-capacity-3225-20210301-21:50:09-11282,param,,,**.t,2s,
Exponential-capacity-3225-20210301-21:50:09-11282,param,,,**.k,20ms,
Exponential-capacity-3225-20210301-21:50:09-11282,param,,,**.X,2s,
Exponential-capacity-3225-20210301-21:50:09-11282,param,,,**.m,0.5s,
Exponential-capacity-3225-20210301-21:50:09-11282,param,,,**.tDistribution,"""exponential""",
Exponential-capacity-3225-20210301-21:50:09-11282,param,,,**.operationMode,0,
Exponential-capacity-3225-20210301-21:50:09-11282,param,,,**.s,70 byte,
Exponential-capacity-3225-20210301-21:50:09-11282,param,,,**.dimPoolMax,10000,
Exponential-capacity-3225-20210301-21:50:09-11282,param,,,**.dimPoolMin,8000,
Exponential-capacity-3225-20210301-21:50:09-11282,param,,,**.nDL,16,
Exponential-capacity-3225-20210301-21:50:09-11282,param,,,**.nA,1,
Exponential-capacity-3225-20210301-21:50:09-11282,param,,,**.DLMaxCapacity,0,
Exponential-capacity-3225-20210301-21:50:09-11282,param,,,**.trasmitting,false,
Exponential-capacity-3226-20210301-21:50:09-11282,runattr,,,configname,Exponential-capacity,
Exponential-capacity-3226-20210301-21:50:09-11282,runattr,,,datetime,20210301-21:50:09,
Exponential-capacity-3226-20210301-21:50:09-11282,runattr,,,experiment,Exponential-capacity,
Exponential-capacity-3226-20210301-21:50:09-11282,runattr,,,inifile,../simulations/aerocom.ini,
Exponential-capacity-3226-20210301-21:50:09-11282,runattr,,,iterationvars,"$0=20, $1=2",
Exponential-capacity-3226-20210301-21:50:09-11282,runattr,,,iterationvarsf,"20,2-",
Exponential-capacity-3226-20210301-21:50:09-11282,runattr,,,measurement,"$0=20, $1=2",
Exponential-capacity-3226-20210301-21:50:09-11282,runattr,,,network,Aerocom,
Exponential-capacity-3226-20210301-21:50:09-11282,runattr,,,processid,11282,
Exponential-capacity-3226-20210301-21:50:09-11282,runattr,,,repetition,26,
Exponential-capacity-3226-20210301-21:50:09-11282,runattr,,,replication,#26,
Exponential-capacity-3226-20210301-21:50:09-11282,runattr,,,resultdir,results,
Exponential-capacity-3226-20210301-21:50:09-11282,runattr,,,runnumber,3226,
Exponential-capacity-3226-20210301-21:50:09-11282,runattr,,,seedset,26,
Exponential-capacity-3226-20210301-21:50:09-11282,param,,,**.t,2s,
Exponential-capacity-3226-20210301-21:50:09-11282,param,,,**.k,20ms,
Exponential-capacity-3226-20210301-21:50:09-11282,param,,,**.X,2s,
Exponential-capacity-3226-20210301-21:50:09-11282,param,,,**.m,0.5s,
Exponential-capacity-3226-20210301-21:50:09-11282,param,,,**.tDistribution,"""exponential""",
Exponential-capacity-3226-20210301-21:50:09-11282,param,,,**.operationMode,0,
Exponential-capacity-3226-20210301-21:50:09-11282,param,,,**.s,70 byte,
Exponential-capacity-3226-20210301-21:50:09-11282,param,,,**.dimPoolMax,10000,
Exponential-capacity-3226-20210301-21:50:09-11282,param,,,**.dimPoolMin,8000,
Exponential-capacity-3226-20210301-21:50:09-11282,param,,,**.nDL,16,
Exponential-capacity-3226-20210301-21:50:09-11282,param,,,**.nA,1,
Exponential-capacity-3226-20210301-21:50:09-11282,param,,,**.DLMaxCapacity,0,
Exponential-capacity-3226-20210301-21:50:09-11282,param,,,**.trasmitting,false,
Exponential-capacity-3227-20210301-21:50:10-11282,runattr,,,configname,Exponential-capacity,
Exponential-capacity-3227-20210301-21:50:10-11282,runattr,,,datetime,20210301-21:50:10,
Exponential-capacity-3227-20210301-21:50:10-11282,runattr,,,experiment,Exponential-capacity,
Exponential-capacity-3227-20210301-21:50:10-11282,runattr,,,inifile,../simulations/aerocom.ini,
Exponential-capacity-3227-20210301-21:50:10-11282,runattr,,,iterationvars,"$0=20, $1=2",
Exponential-capacity-3227-20210301-21:50:10-11282,runattr,,,iterationvarsf,"20,2-",
Exponential-capacity-3227-20210301-21:50:10-11282,runattr,,,measurement,"$0=20, $1=2",
Exponential-capacity-3227-20210301-21:50:10-11282,runattr,,,network,Aerocom,
Exponential-capacity-3227-20210301-21:50:10-11282,runattr,,,processid,11282,
Exponential-capacity-3227-20210301-21:50:10-11282,runattr,,,repetition,27,
Exponential-capacity-3227-20210301-21:50:10-11282,runattr,,,replication,#27,
Exponential-capacity-3227-20210301-21:50:10-11282,runattr,,,resultdir,results,
Exponential-capacity-3227-20210301-21:50:10-11282,runattr,,,runnumber,3227,
Exponential-capacity-3227-20210301-21:50:10-11282,runattr,,,seedset,27,
Exponential-capacity-3227-20210301-21:50:10-11282,param,,,**.t,2s,
Exponential-capacity-3227-20210301-21:50:10-11282,param,,,**.k,20ms,
Exponential-capacity-3227-20210301-21:50:10-11282,param,,,**.X,2s,
Exponential-capacity-3227-20210301-21:50:10-11282,param,,,**.m,0.5s,
Exponential-capacity-3227-20210301-21:50:10-11282,param,,,**.tDistribution,"""exponential""",
Exponential-capacity-3227-20210301-21:50:10-11282,param,,,**.operationMode,0,
Exponential-capacity-3227-20210301-21:50:10-11282,param,,,**.s,70 byte,
Exponential-capacity-3227-20210301-21:50:10-11282,param,,,**.dimPoolMax,10000,
Exponential-capacity-3227-20210301-21:50:10-11282,param,,,**.dimPoolMin,8000,
Exponential-capacity-3227-20210301-21:50:10-11282,param,,,**.nDL,16,
Exponential-capacity-3227-20210301-21:50:10-11282,param,,,**.nA,1,
Exponential-capacity-3227-20210301-21:50:10-11282,param,,,**.DLMaxCapacity,0,
Exponential-capacity-3227-20210301-21:50:10-11282,param,,,**.trasmitting,false,
Exponential-capacity-3228-20210301-21:50:10-11282,runattr,,,configname,Exponential-capacity,
Exponential-capacity-3228-20210301-21:50:10-11282,runattr,,,datetime,20210301-21:50:10,
Exponential-capacity-3228-20210301-21:50:10-11282,runattr,,,experiment,Exponential-capacity,
Exponential-capacity-3228-20210301-21:50:10-11282,runattr,,,inifile,../simulations/aerocom.ini,
Exponential-capacity-3228-20210301-21:50:10-11282,runattr,,,iterationvars,"$0=20, $1=2",
Exponential-capacity-3228-20210301-21:50:10-11282,runattr,,,iterationvarsf,"20,2-",
Exponential-capacity-3228-20210301-21:50:10-11282,runattr,,,measurement,"$0=20, $1=2",
Exponential-capacity-3228-20210301-21:50:10-11282,runattr,,,network,Aerocom,
Exponential-capacity-3228-20210301-21:50:10-11282,runattr,,,processid,11282,
Exponential-capacity-3228-20210301-21:50:10-11282,runattr,,,repetition,28,
Exponential-capacity-3228-20210301-21:50:10-11282,runattr,,,replication,#28,
Exponential-capacity-3228-20210301-21:50:10-11282,runattr,,,resultdir,results,
Exponential-capacity-3228-20210301-21:50:10-11282,runattr,,,runnumber,3228,
Exponential-capacity-3228-20210301-21:50:10-11282,runattr,,,seedset,28,
Exponential-capacity-3228-20210301-21:50:10-11282,param,,,**.t,2s,
Exponential-capacity-3228-20210301-21:50:10-11282,param,,,**.k,20ms,
Exponential-capacity-3228-20210301-21:50:10-11282,param,,,**.X,2s,
Exponential-capacity-3228-20210301-21:50:10-11282,param,,,**.m,0.5s,
Exponential-capacity-3228-20210301-21:50:10-11282,param,,,**.tDistribution,"""exponential""",
Exponential-capacity-3228-20210301-21:50:10-11282,param,,,**.operationMode,0,
Exponential-capacity-3228-20210301-21:50:10-11282,param,,,**.s,70 byte,
Exponential-capacity-3228-20210301-21:50:10-11282,param,,,**.dimPoolMax,10000,
Exponential-capacity-3228-20210301-21:50:10-11282,param,,,**.dimPoolMin,8000,
Exponential-capacity-3228-20210301-21:50:10-11282,param,,,**.nDL,16,
Exponential-capacity-3228-20210301-21:50:10-11282,param,,,**.nA,1,
Exponential-capacity-3228-20210301-21:50:10-11282,param,,,**.DLMaxCapacity,0,
Exponential-capacity-3228-20210301-21:50:10-11282,param,,,**.trasmitting,false,
Exponential-capacity-3203-20210301-21:50:09-11267,runattr,,,configname,Exponential-capacity,
Exponential-capacity-3203-20210301-21:50:09-11267,runattr,,,datetime,20210301-21:50:09,
Exponential-capacity-3203-20210301-21:50:09-11267,runattr,,,experiment,Exponential-capacity,
Exponential-capacity-3203-20210301-21:50:09-11267,runattr,,,inifile,../simulations/aerocom.ini,
Exponential-capacity-3203-20210301-21:50:09-11267,runattr,,,iterationvars,"$0=20, $1=2",
Exponential-capacity-3203-20210301-21:50:09-11267,runattr,,,iterationvarsf,"20,2-",
Exponential-capacity-3203-20210301-21:50:09-11267,runattr,,,measurement,"$0=20, $1=2",
Exponential-capacity-3203-20210301-21:50:09-11267,runattr,,,network,Aerocom,
Exponential-capacity-3203-20210301-21:50:09-11267,runattr,,,processid,11267,
Exponential-capacity-3203-20210301-21:50:09-11267,runattr,,,repetition,3,
Exponential-capacity-3203-20210301-21:50:09-11267,runattr,,,replication,#3,
Exponential-capacity-3203-20210301-21:50:09-11267,runattr,,,resultdir,results,
Exponential-capacity-3203-20210301-21:50:09-11267,runattr,,,runnumber,3203,
Exponential-capacity-3203-20210301-21:50:09-11267,runattr,,,seedset,3,
Exponential-capacity-3203-20210301-21:50:09-11267,param,,,**.t,2s,
Exponential-capacity-3203-20210301-21:50:09-11267,param,,,**.k,20ms,
Exponential-capacity-3203-20210301-21:50:09-11267,param,,,**.X,2s,
Exponential-capacity-3203-20210301-21:50:09-11267,param,,,**.m,0.5s,
Exponential-capacity-3203-20210301-21:50:09-11267,param,,,**.tDistribution,"""exponential""",
Exponential-capacity-3203-20210301-21:50:09-11267,param,,,**.operationMode,0,
Exponential-capacity-3203-20210301-21:50:09-11267,param,,,**.s,70 byte,
Exponential-capacity-3203-20210301-21:50:09-11267,param,,,**.dimPoolMax,10000,
Exponential-capacity-3203-20210301-21:50:09-11267,param,,,**.dimPoolMin,8000,
Exponential-capacity-3203-20210301-21:50:09-11267,param,,,**.nDL,16,
Exponential-capacity-3203-20210301-21:50:09-11267,param,,,**.nA,1,
Exponential-capacity-3203-20210301-21:50:09-11267,param,,,**.DLMaxCapacity,0,
Exponential-capacity-3203-20210301-21:50:09-11267,param,,,**.trasmitting,false,
Exponential-capacity-3229-20210301-21:50:10-11282,runattr,,,configname,Exponential-capacity,
Exponential-capacity-3229-20210301-21:50:10-11282,runattr,,,datetime,20210301-21:50:10,
Exponential-capacity-3229-20210301-21:50:10-11282,runattr,,,experiment,Exponential-capacity,
Exponential-capacity-3229-20210301-21:50:10-11282,runattr,,,inifile,../simulations/aerocom.ini,
Exponential-capacity-3229-20210301-21:50:10-11282,runattr,,,iterationvars,"$0=20, $1=2",
Exponential-capacity-3229-20210301-21:50:10-11282,runattr,,,iterationvarsf,"20,2-",
Exponential-capacity-3229-20210301-21:50:10-11282,runattr,,,measurement,"$0=20, $1=2",
Exponential-capacity-3229-20210301-21:50:10-11282,runattr,,,network,Aerocom,
Exponential-capacity-3229-20210301-21:50:10-11282,runattr,,,processid,11282,
Exponential-capacity-3229-20210301-21:50:10-11282,runattr,,,repetition,29,
Exponential-capacity-3229-20210301-21:50:10-11282,runattr,,,replication,#29,
Exponential-capacity-3229-20210301-21:50:10-11282,runattr,,,resultdir,results,
Exponential-capacity-3229-20210301-21:50:10-11282,runattr,,,runnumber,3229,
Exponential-capacity-3229-20210301-21:50:10-11282,runattr,,,seedset,29,
Exponential-capacity-3229-20210301-21:50:10-11282,param,,,**.t,2s,
Exponential-capacity-3229-20210301-21:50:10-11282,param,,,**.k,20ms,
Exponential-capacity-3229-20210301-21:50:10-11282,param,,,**.X,2s,
Exponential-capacity-3229-20210301-21:50:10-11282,param,,,**.m,0.5s,
Exponential-capacity-3229-20210301-21:50:10-11282,param,,,**.tDistribution,"""exponential""",
Exponential-capacity-3229-20210301-21:50:10-11282,param,,,**.operationMode,0,
Exponential-capacity-3229-20210301-21:50:10-11282,param,,,**.s,70 byte,
Exponential-capacity-3229-20210301-21:50:10-11282,param,,,**.dimPoolMax,10000,
Exponential-capacity-3229-20210301-21:50:10-11282,param,,,**.dimPoolMin,8000,
Exponential-capacity-3229-20210301-21:50:10-11282,param,,,**.nDL,16,
Exponential-capacity-3229-20210301-21:50:10-11282,param,,,**.nA,1,
Exponential-capacity-3229-20210301-21:50:10-11282,param,,,**.DLMaxCapacity,0,
Exponential-capacity-3229-20210301-21:50:10-11282,param,,,**.trasmitting,false,
Exponential-capacity-3230-20210301-21:50:10-11282,runattr,,,configname,Exponential-capacity,
Exponential-capacity-3230-20210301-21:50:10-11282,runattr,,,datetime,20210301-21:50:10,
Exponential-capacity-3230-20210301-21:50:10-11282,runattr,,,experiment,Exponential-capacity,
Exponential-capacity-3230-20210301-21:50:10-11282,runattr,,,inifile,../simulations/aerocom.ini,
Exponential-capacity-3230-20210301-21:50:10-11282,runattr,,,iterationvars,"$0=20, $1=2",
Exponential-capacity-3230-20210301-21:50:10-11282,runattr,,,iterationvarsf,"20,2-",
Exponential-capacity-3230-20210301-21:50:10-11282,runattr,,,measurement,"$0=20, $1=2",
Exponential-capacity-3230-20210301-21:50:10-11282,runattr,,,network,Aerocom,
Exponential-capacity-3230-20210301-21:50:10-11282,runattr,,,processid,11282,
Exponential-capacity-3230-20210301-21:50:10-11282,runattr,,,repetition,30,
Exponential-capacity-3230-20210301-21:50:10-11282,runattr,,,replication,#30,
Exponential-capacity-3230-20210301-21:50:10-11282,runattr,,,resultdir,results,
Exponential-capacity-3230-20210301-21:50:10-11282,runattr,,,runnumber,3230,
Exponential-capacity-3230-20210301-21:50:10-11282,runattr,,,seedset,30,
Exponential-capacity-3230-20210301-21:50:10-11282,param,,,**.t,2s,
Exponential-capacity-3230-20210301-21:50:10-11282,param,,,**.k,20ms,
Exponential-capacity-3230-20210301-21:50:10-11282,param,,,**.X,2s,
Exponential-capacity-3230-20210301-21:50:10-11282,param,,,**.m,0.5s,
Exponential-capacity-3230-20210301-21:50:10-11282,param,,,**.tDistribution,"""exponential""",
Exponential-capacity-3230-20210301-21:50:10-11282,param,,,**.operationMode,0,
Exponential-capacity-3230-20210301-21:50:10-11282,param,,,**.s,70 byte,
Exponential-capacity-3230-20210301-21:50:10-11282,param,,,**.dimPoolMax,10000,
Exponential-capacity-3230-20210301-21:50:10-11282,param,,,**.dimPoolMin,8000,
Exponential-capacity-3230-20210301-21:50:10-11282,param,,,**.nDL,16,
Exponential-capacity-3230-20210301-21:50:10-11282,param,,,**.nA,1,
Exponential-capacity-3230-20210301-21:50:10-11282,param,,,**.DLMaxCapacity,0,
Exponential-capacity-3230-20210301-21:50:10-11282,param,,,**.trasmitting,false,
Exponential-capacity-3232-20210301-21:50:09-11287,runattr,,,configname,Exponential-capacity,
Exponential-capacity-3232-20210301-21:50:09-11287,runattr,,,datetime,20210301-21:50:09,
Exponential-capacity-3232-20210301-21:50:09-11287,runattr,,,experiment,Exponential-capacity,
Exponential-capacity-3232-20210301-21:50:09-11287,runattr,,,inifile,../simulations/aerocom.ini,
Exponential-capacity-3232-20210301-21:50:09-11287,runattr,,,iterationvars,"$0=20, $1=2",
Exponential-capacity-3232-20210301-21:50:09-11287,runattr,,,iterationvarsf,"20,2-",
Exponential-capacity-3232-20210301-21:50:09-11287,runattr,,,measurement,"$0=20, $1=2",
Exponential-capacity-3232-20210301-21:50:09-11287,runattr,,,network,Aerocom,
Exponential-capacity-3232-20210301-21:50:09-11287,runattr,,,processid,11287,
Exponential-capacity-3232-20210301-21:50:09-11287,runattr,,,repetition,32,
Exponential-capacity-3232-20210301-21:50:09-11287,runattr,,,replication,#32,
Exponential-capacity-3232-20210301-21:50:09-11287,runattr,,,resultdir,results,
Exponential-capacity-3232-20210301-21:50:09-11287,runattr,,,runnumber,3232,
Exponential-capacity-3232-20210301-21:50:09-11287,runattr,,,seedset,32,
Exponential-capacity-3232-20210301-21:50:09-11287,param,,,**.t,2s,
Exponential-capacity-3232-20210301-21:50:09-11287,param,,,**.k,20ms,
Exponential-capacity-3232-20210301-21:50:09-11287,param,,,**.X,2s,
Exponential-capacity-3232-20210301-21:50:09-11287,param,,,**.m,0.5s,
Exponential-capacity-3232-20210301-21:50:09-11287,param,,,**.tDistribution,"""exponential""",
Exponential-capacity-3232-20210301-21:50:09-11287,param,,,**.operationMode,0,
Exponential-capacity-3232-20210301-21:50:09-11287,param,,,**.s,70 byte,
Exponential-capacity-3232-20210301-21:50:09-11287,param,,,**.dimPoolMax,10000,
Exponential-capacity-3232-20210301-21:50:09-11287,param,,,**.dimPoolMin,8000,
Exponential-capacity-3232-20210301-21:50:09-11287,param,,,**.nDL,16,
Exponential-capacity-3232-20210301-21:50:09-11287,param,,,**.nA,1,
Exponential-capacity-3232-20210301-21:50:09-11287,param,,,**.DLMaxCapacity,0,
Exponential-capacity-3232-20210301-21:50:09-11287,param,,,**.trasmitting,false,
Exponential-capacity-3231-20210301-21:50:11-11282,runattr,,,configname,Exponential-capacity,
Exponential-capacity-3231-20210301-21:50:11-11282,runattr,,,datetime,20210301-21:50:11,
Exponential-capacity-3231-20210301-21:50:11-11282,runattr,,,experiment,Exponential-capacity,
Exponential-capacity-3231-20210301-21:50:11-11282,runattr,,,inifile,../simulations/aerocom.ini,
Exponential-capacity-3231-20210301-21:50:11-11282,runattr,,,iterationvars,"$0=20, $1=2",
Exponential-capacity-3231-20210301-21:50:11-11282,runattr,,,iterationvarsf,"20,2-",
Exponential-capacity-3231-20210301-21:50:11-11282,runattr,,,measurement,"$0=20, $1=2",
Exponential-capacity-3231-20210301-21:50:11-11282,runattr,,,network,Aerocom,
Exponential-capacity-3231-20210301-21:50:11-11282,runattr,,,processid,11282,
Exponential-capacity-3231-20210301-21:50:11-11282,runattr,,,repetition,31,
Exponential-capacity-3231-20210301-21:50:11-11282,runattr,,,replication,#31,
Exponential-capacity-3231-20210301-21:50:11-11282,runattr,,,resultdir,results,
Exponential-capacity-3231-20210301-21:50:11-11282,runattr,,,runnumber,3231,
Exponential-capacity-3231-20210301-21:50:11-11282,runattr,,,seedset,31,
Exponential-capacity-3231-20210301-21:50:11-11282,param,,,**.t,2s,
Exponential-capacity-3231-20210301-21:50:11-11282,param,,,**.k,20ms,
Exponential-capacity-3231-20210301-21:50:11-11282,param,,,**.X,2s,
Exponential-capacity-3231-20210301-21:50:11-11282,param,,,**.m,0.5s,
Exponential-capacity-3231-20210301-21:50:11-11282,param,,,**.tDistribution,"""exponential""",
Exponential-capacity-3231-20210301-21:50:11-11282,param,,,**.operationMode,0,
Exponential-capacity-3231-20210301-21:50:11-11282,param,,,**.s,70 byte,
Exponential-capacity-3231-20210301-21:50:11-11282,param,,,**.dimPoolMax,10000,
Exponential-capacity-3231-20210301-21:50:11-11282,param,,,**.dimPoolMin,8000,
Exponential-capacity-3231-20210301-21:50:11-11282,param,,,**.nDL,16,
Exponential-capacity-3231-20210301-21:50:11-11282,param,,,**.nA,1,
Exponential-capacity-3231-20210301-21:50:11-11282,param,,,**.DLMaxCapacity,0,
Exponential-capacity-3231-20210301-21:50:11-11282,param,,,**.trasmitting,false,
Exponential-capacity-3233-20210301-21:50:09-11287,runattr,,,configname,Exponential-capacity,
Exponential-capacity-3233-20210301-21:50:09-11287,runattr,,,datetime,20210301-21:50:09,
Exponential-capacity-3233-20210301-21:50:09-11287,runattr,,,experiment,Exponential-capacity,
Exponential-capacity-3233-20210301-21:50:09-11287,runattr,,,inifile,../simulations/aerocom.ini,
Exponential-capacity-3233-20210301-21:50:09-11287,runattr,,,iterationvars,"$0=20, $1=2",
Exponential-capacity-3233-20210301-21:50:09-11287,runattr,,,iterationvarsf,"20,2-",
Exponential-capacity-3233-20210301-21:50:09-11287,runattr,,,measurement,"$0=20, $1=2",
Exponential-capacity-3233-20210301-21:50:09-11287,runattr,,,network,Aerocom,
Exponential-capacity-3233-20210301-21:50:09-11287,runattr,,,processid,11287,
Exponential-capacity-3233-20210301-21:50:09-11287,runattr,,,repetition,33,
Exponential-capacity-3233-20210301-21:50:09-11287,runattr,,,replication,#33,
Exponential-capacity-3233-20210301-21:50:09-11287,runattr,,,resultdir,results,
Exponential-capacity-3233-20210301-21:50:09-11287,runattr,,,runnumber,3233,
Exponential-capacity-3233-20210301-21:50:09-11287,runattr,,,seedset,33,
Exponential-capacity-3233-20210301-21:50:09-11287,param,,,**.t,2s,
Exponential-capacity-3233-20210301-21:50:09-11287,param,,,**.k,20ms,
Exponential-capacity-3233-20210301-21:50:09-11287,param,,,**.X,2s,
Exponential-capacity-3233-20210301-21:50:09-11287,param,,,**.m,0.5s,
Exponential-capacity-3233-20210301-21:50:09-11287,param,,,**.tDistribution,"""exponential""",
Exponential-capacity-3233-20210301-21:50:09-11287,param,,,**.operationMode,0,
Exponential-capacity-3233-20210301-21:50:09-11287,param,,,**.s,70 byte,
Exponential-capacity-3233-20210301-21:50:09-11287,param,,,**.dimPoolMax,10000,
Exponential-capacity-3233-20210301-21:50:09-11287,param,,,**.dimPoolMin,8000,
Exponential-capacity-3233-20210301-21:50:09-11287,param,,,**.nDL,16,
Exponential-capacity-3233-20210301-21:50:09-11287,param,,,**.nA,1,
Exponential-capacity-3233-20210301-21:50:09-11287,param,,,**.DLMaxCapacity,0,
Exponential-capacity-3233-20210301-21:50:09-11287,param,,,**.trasmitting,false,
Exponential-capacity-3234-20210301-21:50:10-11287,runattr,,,configname,Exponential-capacity,
Exponential-capacity-3234-20210301-21:50:10-11287,runattr,,,datetime,20210301-21:50:10,
Exponential-capacity-3234-20210301-21:50:10-11287,runattr,,,experiment,Exponential-capacity,
Exponential-capacity-3234-20210301-21:50:10-11287,runattr,,,inifile,../simulations/aerocom.ini,
Exponential-capacity-3234-20210301-21:50:10-11287,runattr,,,iterationvars,"$0=20, $1=2",
Exponential-capacity-3234-20210301-21:50:10-11287,runattr,,,iterationvarsf,"20,2-",
Exponential-capacity-3234-20210301-21:50:10-11287,runattr,,,measurement,"$0=20, $1=2",
Exponential-capacity-3234-20210301-21:50:10-11287,runattr,,,network,Aerocom,
Exponential-capacity-3234-20210301-21:50:10-11287,runattr,,,processid,11287,
Exponential-capacity-3234-20210301-21:50:10-11287,runattr,,,repetition,34,
Exponential-capacity-3234-20210301-21:50:10-11287,runattr,,,replication,#34,
Exponential-capacity-3234-20210301-21:50:10-11287,runattr,,,resultdir,results,
Exponential-capacity-3234-20210301-21:50:10-11287,runattr,,,runnumber,3234,
Exponential-capacity-3234-20210301-21:50:10-11287,runattr,,,seedset,34,
Exponential-capacity-3234-20210301-21:50:10-11287,param,,,**.t,2s,
Exponential-capacity-3234-20210301-21:50:10-11287,param,,,**.k,20ms,
Exponential-capacity-3234-20210301-21:50:10-11287,param,,,**.X,2s,
Exponential-capacity-3234-20210301-21:50:10-11287,param,,,**.m,0.5s,
Exponential-capacity-3234-20210301-21:50:10-11287,param,,,**.tDistribution,"""exponential""",
Exponential-capacity-3234-20210301-21:50:10-11287,param,,,**.operationMode,0,
Exponential-capacity-3234-20210301-21:50:10-11287,param,,,**.s,70 byte,
Exponential-capacity-3234-20210301-21:50:10-11287,param,,,**.dimPoolMax,10000,
Exponential-capacity-3234-20210301-21:50:10-11287,param,,,**.dimPoolMin,8000,
Exponential-capacity-3234-20210301-21:50:10-11287,param,,,**.nDL,16,
Exponential-capacity-3234-20210301-21:50:10-11287,param,,,**.nA,1,
Exponential-capacity-3234-20210301-21:50:10-11287,param,,,**.DLMaxCapacity,0,
Exponential-capacity-3234-20210301-21:50:10-11287,param,,,**.trasmitting,false,
Exponential-capacity-3235-20210301-21:50:10-11287,runattr,,,configname,Exponential-capacity,
Exponential-capacity-3235-20210301-21:50:10-11287,runattr,,,datetime,20210301-21:50:10,
Exponential-capacity-3235-20210301-21:50:10-11287,runattr,,,experiment,Exponential-capacity,
Exponential-capacity-3235-20210301-21:50:10-11287,runattr,,,inifile,../simulations/aerocom.ini,
Exponential-capacity-3235-20210301-21:50:10-11287,runattr,,,iterationvars,"$0=20, $1=2",
Exponential-capacity-3235-20210301-21:50:10-11287,runattr,,,iterationvarsf,"20,2-",
Exponential-capacity-3235-20210301-21:50:10-11287,runattr,,,measurement,"$0=20, $1=2",
Exponential-capacity-3235-20210301-21:50:10-11287,runattr,,,network,Aerocom,
Exponential-capacity-3235-20210301-21:50:10-11287,runattr,,,processid,11287,
Exponential-capacity-3235-20210301-21:50:10-11287,runattr,,,repetition,35,
Exponential-capacity-3235-20210301-21:50:10-11287,runattr,,,replication,#35,
Exponential-capacity-3235-20210301-21:50:10-11287,runattr,,,resultdir,results,
Exponential-capacity-3235-20210301-21:50:10-11287,runattr,,,runnumber,3235,
Exponential-capacity-3235-20210301-21:50:10-11287,runattr,,,seedset,35,
Exponential-capacity-3235-20210301-21:50:10-11287,param,,,**.t,2s,
Exponential-capacity-3235-20210301-21:50:10-11287,param,,,**.k,20ms,
Exponential-capacity-3235-20210301-21:50:10-11287,param,,,**.X,2s,
Exponential-capacity-3235-20210301-21:50:10-11287,param,,,**.m,0.5s,
Exponential-capacity-3235-20210301-21:50:10-11287,param,,,**.tDistribution,"""exponential""",
Exponential-capacity-3235-20210301-21:50:10-11287,param,,,**.operationMode,0,
Exponential-capacity-3235-20210301-21:50:10-11287,param,,,**.s,70 byte,
Exponential-capacity-3235-20210301-21:50:10-11287,param,,,**.dimPoolMax,10000,
Exponential-capacity-3235-20210301-21:50:10-11287,param,,,**.dimPoolMin,8000,
Exponential-capacity-3235-20210301-21:50:10-11287,param,,,**.nDL,16,
Exponential-capacity-3235-20210301-21:50:10-11287,param,,,**.nA,1,
Exponential-capacity-3235-20210301-21:50:10-11287,param,,,**.DLMaxCapacity,0,
Exponential-capacity-3235-20210301-21:50:10-11287,param,,,**.trasmitting,false,
Exponential-capacity-3236-20210301-21:50:10-11287,runattr,,,configname,Exponential-capacity,
Exponential-capacity-3236-20210301-21:50:10-11287,runattr,,,datetime,20210301-21:50:10,
Exponential-capacity-3236-20210301-21:50:10-11287,runattr,,,experiment,Exponential-capacity,
Exponential-capacity-3236-20210301-21:50:10-11287,runattr,,,inifile,../simulations/aerocom.ini,
Exponential-capacity-3236-20210301-21:50:10-11287,runattr,,,iterationvars,"$0=20, $1=2",
Exponential-capacity-3236-20210301-21:50:10-11287,runattr,,,iterationvarsf,"20,2-",
Exponential-capacity-3236-20210301-21:50:10-11287,runattr,,,measurement,"$0=20, $1=2",
Exponential-capacity-3236-20210301-21:50:10-11287,runattr,,,network,Aerocom,
Exponential-capacity-3236-20210301-21:50:10-11287,runattr,,,processid,11287,
Exponential-capacity-3236-20210301-21:50:10-11287,runattr,,,repetition,36,
Exponential-capacity-3236-20210301-21:50:10-11287,runattr,,,replication,#36,
Exponential-capacity-3236-20210301-21:50:10-11287,runattr,,,resultdir,results,
Exponential-capacity-3236-20210301-21:50:10-11287,runattr,,,runnumber,3236,
Exponential-capacity-3236-20210301-21:50:10-11287,runattr,,,seedset,36,
Exponential-capacity-3236-20210301-21:50:10-11287,param,,,**.t,2s,
Exponential-capacity-3236-20210301-21:50:10-11287,param,,,**.k,20ms,
Exponential-capacity-3236-20210301-21:50:10-11287,param,,,**.X,2s,
Exponential-capacity-3236-20210301-21:50:10-11287,param,,,**.m,0.5s,
Exponential-capacity-3236-20210301-21:50:10-11287,param,,,**.tDistribution,"""exponential""",
Exponential-capacity-3236-20210301-21:50:10-11287,param,,,**.operationMode,0,
Exponential-capacity-3236-20210301-21:50:10-11287,param,,,**.s,70 byte,
Exponential-capacity-3236-20210301-21:50:10-11287,param,,,**.dimPoolMax,10000,
Exponential-capacity-3236-20210301-21:50:10-11287,param,,,**.dimPoolMin,8000,
Exponential-capacity-3236-20210301-21:50:10-11287,param,,,**.nDL,16,
Exponential-capacity-3236-20210301-21:50:10-11287,param,,,**.nA,1,
Exponential-capacity-3236-20210301-21:50:10-11287,param,,,**.DLMaxCapacity,0,
Exponential-capacity-3236-20210301-21:50:10-11287,param,,,**.trasmitting,false,
Exponential-capacity-3237-20210301-21:50:10-11287,runattr,,,configname,Exponential-capacity,
Exponential-capacity-3237-20210301-21:50:10-11287,runattr,,,datetime,20210301-21:50:10,
Exponential-capacity-3237-20210301-21:50:10-11287,runattr,,,experiment,Exponential-capacity,
Exponential-capacity-3237-20210301-21:50:10-11287,runattr,,,inifile,../simulations/aerocom.ini,
Exponential-capacity-3237-20210301-21:50:10-11287,runattr,,,iterationvars,"$0=20, $1=2",
Exponential-capacity-3237-20210301-21:50:10-11287,runattr,,,iterationvarsf,"20,2-",
Exponential-capacity-3237-20210301-21:50:10-11287,runattr,,,measurement,"$0=20, $1=2",
Exponential-capacity-3237-20210301-21:50:10-11287,runattr,,,network,Aerocom,
Exponential-capacity-3237-20210301-21:50:10-11287,runattr,,,processid,11287,
Exponential-capacity-3237-20210301-21:50:10-11287,runattr,,,repetition,37,
Exponential-capacity-3237-20210301-21:50:10-11287,runattr,,,replication,#37,
Exponential-capacity-3237-20210301-21:50:10-11287,runattr,,,resultdir,results,
Exponential-capacity-3237-20210301-21:50:10-11287,runattr,,,runnumber,3237,
Exponential-capacity-3237-20210301-21:50:10-11287,runattr,,,seedset,37,
Exponential-capacity-3237-20210301-21:50:10-11287,param,,,**.t,2s,
Exponential-capacity-3237-20210301-21:50:10-11287,param,,,**.k,20ms,
Exponential-capacity-3237-20210301-21:50:10-11287,param,,,**.X,2s,
Exponential-capacity-3237-20210301-21:50:10-11287,param,,,**.m,0.5s,
Exponential-capacity-3237-20210301-21:50:10-11287,param,,,**.tDistribution,"""exponential""",
Exponential-capacity-3237-20210301-21:50:10-11287,param,,,**.operationMode,0,
Exponential-capacity-3237-20210301-21:50:10-11287,param,,,**.s,70 byte,
Exponential-capacity-3237-20210301-21:50:10-11287,param,,,**.dimPoolMax,10000,
Exponential-capacity-3237-20210301-21:50:10-11287,param,,,**.dimPoolMin,8000,
Exponential-capacity-3237-20210301-21:50:10-11287,param,,,**.nDL,16,
Exponential-capacity-3237-20210301-21:50:10-11287,param,,,**.nA,1,
Exponential-capacity-3237-20210301-21:50:10-11287,param,,,**.DLMaxCapacity,0,
Exponential-capacity-3237-20210301-21:50:10-11287,param,,,**.trasmitting,false,
Exponential-capacity-3238-20210301-21:50:11-11287,runattr,,,configname,Exponential-capacity,
Exponential-capacity-3238-20210301-21:50:11-11287,runattr,,,datetime,20210301-21:50:11,
Exponential-capacity-3238-20210301-21:50:11-11287,runattr,,,experiment,Exponential-capacity,
Exponential-capacity-3238-20210301-21:50:11-11287,runattr,,,inifile,../simulations/aerocom.ini,
Exponential-capacity-3238-20210301-21:50:11-11287,runattr,,,iterationvars,"$0=20, $1=2",
Exponential-capacity-3238-20210301-21:50:11-11287,runattr,,,iterationvarsf,"20,2-",
Exponential-capacity-3238-20210301-21:50:11-11287,runattr,,,measurement,"$0=20, $1=2",
Exponential-capacity-3238-20210301-21:50:11-11287,runattr,,,network,Aerocom,
Exponential-capacity-3238-20210301-21:50:11-11287,runattr,,,processid,11287,
Exponential-capacity-3238-20210301-21:50:11-11287,runattr,,,repetition,38,
Exponential-capacity-3238-20210301-21:50:11-11287,runattr,,,replication,#38,
Exponential-capacity-3238-20210301-21:50:11-11287,runattr,,,resultdir,results,
Exponential-capacity-3238-20210301-21:50:11-11287,runattr,,,runnumber,3238,
Exponential-capacity-3238-20210301-21:50:11-11287,runattr,,,seedset,38,
Exponential-capacity-3238-20210301-21:50:11-11287,param,,,**.t,2s,
Exponential-capacity-3238-20210301-21:50:11-11287,param,,,**.k,20ms,
Exponential-capacity-3238-20210301-21:50:11-11287,param,,,**.X,2s,
Exponential-capacity-3238-20210301-21:50:11-11287,param,,,**.m,0.5s,
Exponential-capacity-3238-20210301-21:50:11-11287,param,,,**.tDistribution,"""exponential""",
Exponential-capacity-3238-20210301-21:50:11-11287,param,,,**.operationMode,0,
Exponential-capacity-3238-20210301-21:50:11-11287,param,,,**.s,70 byte,
Exponential-capacity-3238-20210301-21:50:11-11287,param,,,**.dimPoolMax,10000,
Exponential-capacity-3238-20210301-21:50:11-11287,param,,,**.dimPoolMin,8000,
Exponential-capacity-3238-20210301-21:50:11-11287,param,,,**.nDL,16,
Exponential-capacity-3238-20210301-21:50:11-11287,param,,,**.nA,1,
Exponential-capacity-3238-20210301-21:50:11-11287,param,,,**.DLMaxCapacity,0,
Exponential-capacity-3238-20210301-21:50:11-11287,param,,,**.trasmitting,false,
Exponential-capacity-3239-20210301-21:50:11-11287,runattr,,,configname,Exponential-capacity,
Exponential-capacity-3239-20210301-21:50:11-11287,runattr,,,datetime,20210301-21:50:11,
Exponential-capacity-3239-20210301-21:50:11-11287,runattr,,,experiment,Exponential-capacity,
Exponential-capacity-3239-20210301-21:50:11-11287,runattr,,,inifile,../simulations/aerocom.ini,
Exponential-capacity-3239-20210301-21:50:11-11287,runattr,,,iterationvars,"$0=20, $1=2",
Exponential-capacity-3239-20210301-21:50:11-11287,runattr,,,iterationvarsf,"20,2-",
Exponential-capacity-3239-20210301-21:50:11-11287,runattr,,,measurement,"$0=20, $1=2",
Exponential-capacity-3239-20210301-21:50:11-11287,runattr,,,network,Aerocom,
Exponential-capacity-3239-20210301-21:50:11-11287,runattr,,,processid,11287,
Exponential-capacity-3239-20210301-21:50:11-11287,runattr,,,repetition,39,
Exponential-capacity-3239-20210301-21:50:11-11287,runattr,,,replication,#39,
Exponential-capacity-3239-20210301-21:50:11-11287,runattr,,,resultdir,results,
Exponential-capacity-3239-20210301-21:50:11-11287,runattr,,,runnumber,3239,
Exponential-capacity-3239-20210301-21:50:11-11287,runattr,,,seedset,39,
Exponential-capacity-3239-20210301-21:50:11-11287,param,,,**.t,2s,
Exponential-capacity-3239-20210301-21:50:11-11287,param,,,**.k,20ms,
Exponential-capacity-3239-20210301-21:50:11-11287,param,,,**.X,2s,
Exponential-capacity-3239-20210301-21:50:11-11287,param,,,**.m,0.5s,
Exponential-capacity-3239-20210301-21:50:11-11287,param,,,**.tDistribution,"""exponential""",
Exponential-capacity-3239-20210301-21:50:11-11287,param,,,**.operationMode,0,
Exponential-capacity-3239-20210301-21:50:11-11287,param,,,**.s,70 byte,
Exponential-capacity-3239-20210301-21:50:11-11287,param,,,**.dimPoolMax,10000,
Exponential-capacity-3239-20210301-21:50:11-11287,param,,,**.dimPoolMin,8000,
Exponential-capacity-3239-20210301-21:50:11-11287,param,,,**.nDL,16,
Exponential-capacity-3239-20210301-21:50:11-11287,param,,,**.nA,1,
Exponential-capacity-3239-20210301-21:50:11-11287,param,,,**.DLMaxCapacity,0,
Exponential-capacity-3239-20210301-21:50:11-11287,param,,,**.trasmitting,false,
Exponential-capacity-3204-20210301-21:50:09-11267,runattr,,,configname,Exponential-capacity,
Exponential-capacity-3204-20210301-21:50:09-11267,runattr,,,datetime,20210301-21:50:09,
Exponential-capacity-3204-20210301-21:50:09-11267,runattr,,,experiment,Exponential-capacity,
Exponential-capacity-3204-20210301-21:50:09-11267,runattr,,,inifile,../simulations/aerocom.ini,
Exponential-capacity-3204-20210301-21:50:09-11267,runattr,,,iterationvars,"$0=20, $1=2",
Exponential-capacity-3204-20210301-21:50:09-11267,runattr,,,iterationvarsf,"20,2-",
Exponential-capacity-3204-20210301-21:50:09-11267,runattr,,,measurement,"$0=20, $1=2",
Exponential-capacity-3204-20210301-21:50:09-11267,runattr,,,network,Aerocom,
Exponential-capacity-3204-20210301-21:50:09-11267,runattr,,,processid,11267,
Exponential-capacity-3204-20210301-21:50:09-11267,runattr,,,repetition,4,
Exponential-capacity-3204-20210301-21:50:09-11267,runattr,,,replication,#4,
Exponential-capacity-3204-20210301-21:50:09-11267,runattr,,,resultdir,results,
Exponential-capacity-3204-20210301-21:50:09-11267,runattr,,,runnumber,3204,
Exponential-capacity-3204-20210301-21:50:09-11267,runattr,,,seedset,4,
Exponential-capacity-3204-20210301-21:50:09-11267,param,,,**.t,2s,
Exponential-capacity-3204-20210301-21:50:09-11267,param,,,**.k,20ms,
Exponential-capacity-3204-20210301-21:50:09-11267,param,,,**.X,2s,
Exponential-capacity-3204-20210301-21:50:09-11267,param,,,**.m,0.5s,
Exponential-capacity-3204-20210301-21:50:09-11267,param,,,**.tDistribution,"""exponential""",
Exponential-capacity-3204-20210301-21:50:09-11267,param,,,**.operationMode,0,
Exponential-capacity-3204-20210301-21:50:09-11267,param,,,**.s,70 byte,
Exponential-capacity-3204-20210301-21:50:09-11267,param,,,**.dimPoolMax,10000,
Exponential-capacity-3204-20210301-21:50:09-11267,param,,,**.dimPoolMin,8000,
Exponential-capacity-3204-20210301-21:50:09-11267,param,,,**.nDL,16,
Exponential-capacity-3204-20210301-21:50:09-11267,param,,,**.nA,1,
Exponential-capacity-3204-20210301-21:50:09-11267,param,,,**.DLMaxCapacity,0,
Exponential-capacity-3204-20210301-21:50:09-11267,param,,,**.trasmitting,false,
Exponential-capacity-3240-20210301-21:50:09-11292,runattr,,,configname,Exponential-capacity,
Exponential-capacity-3240-20210301-21:50:09-11292,runattr,,,datetime,20210301-21:50:09,
Exponential-capacity-3240-20210301-21:50:09-11292,runattr,,,experiment,Exponential-capacity,
Exponential-capacity-3240-20210301-21:50:09-11292,runattr,,,inifile,../simulations/aerocom.ini,
Exponential-capacity-3240-20210301-21:50:09-11292,runattr,,,iterationvars,"$0=20, $1=2",
Exponential-capacity-3240-20210301-21:50:09-11292,runattr,,,iterationvarsf,"20,2-",
Exponential-capacity-3240-20210301-21:50:09-11292,runattr,,,measurement,"$0=20, $1=2",
Exponential-capacity-3240-20210301-21:50:09-11292,runattr,,,network,Aerocom,
Exponential-capacity-3240-20210301-21:50:09-11292,runattr,,,processid,11292,
Exponential-capacity-3240-20210301-21:50:09-11292,runattr,,,repetition,40,
Exponential-capacity-3240-20210301-21:50:09-11292,runattr,,,replication,#40,
Exponential-capacity-3240-20210301-21:50:09-11292,runattr,,,resultdir,results,
Exponential-capacity-3240-20210301-21:50:09-11292,runattr,,,runnumber,3240,
Exponential-capacity-3240-20210301-21:50:09-11292,runattr,,,seedset,40,
Exponential-capacity-3240-20210301-21:50:09-11292,param,,,**.t,2s,
Exponential-capacity-3240-20210301-21:50:09-11292,param,,,**.k,20ms,
Exponential-capacity-3240-20210301-21:50:09-11292,param,,,**.X,2s,
Exponential-capacity-3240-20210301-21:50:09-11292,param,,,**.m,0.5s,
Exponential-capacity-3240-20210301-21:50:09-11292,param,,,**.tDistribution,"""exponential""",
Exponential-capacity-3240-20210301-21:50:09-11292,param,,,**.operationMode,0,
Exponential-capacity-3240-20210301-21:50:09-11292,param,,,**.s,70 byte,
Exponential-capacity-3240-20210301-21:50:09-11292,param,,,**.dimPoolMax,10000,
Exponential-capacity-3240-20210301-21:50:09-11292,param,,,**.dimPoolMin,8000,
Exponential-capacity-3240-20210301-21:50:09-11292,param,,,**.nDL,16,
Exponential-capacity-3240-20210301-21:50:09-11292,param,,,**.nA,1,
Exponential-capacity-3240-20210301-21:50:09-11292,param,,,**.DLMaxCapacity,0,
Exponential-capacity-3240-20210301-21:50:09-11292,param,,,**.trasmitting,false,
Exponential-capacity-3241-20210301-21:50:10-11292,runattr,,,configname,Exponential-capacity,
Exponential-capacity-3241-20210301-21:50:10-11292,runattr,,,datetime,20210301-21:50:10,
Exponential-capacity-3241-20210301-21:50:10-11292,runattr,,,experiment,Exponential-capacity,
Exponential-capacity-3241-20210301-21:50:10-11292,runattr,,,inifile,../simulations/aerocom.ini,
Exponential-capacity-3241-20210301-21:50:10-11292,runattr,,,iterationvars,"$0=20, $1=2",
Exponential-capacity-3241-20210301-21:50:10-11292,runattr,,,iterationvarsf,"20,2-",
Exponential-capacity-3241-20210301-21:50:10-11292,runattr,,,measurement,"$0=20, $1=2",
Exponential-capacity-3241-20210301-21:50:10-11292,runattr,,,network,Aerocom,
Exponential-capacity-3241-20210301-21:50:10-11292,runattr,,,processid,11292,
Exponential-capacity-3241-20210301-21:50:10-11292,runattr,,,repetition,41,
Exponential-capacity-3241-20210301-21:50:10-11292,runattr,,,replication,#41,
Exponential-capacity-3241-20210301-21:50:10-11292,runattr,,,resultdir,results,
Exponential-capacity-3241-20210301-21:50:10-11292,runattr,,,runnumber,3241,
Exponential-capacity-3241-20210301-21:50:10-11292,runattr,,,seedset,41,
Exponential-capacity-3241-20210301-21:50:10-11292,param,,,**.t,2s,
Exponential-capacity-3241-20210301-21:50:10-11292,param,,,**.k,20ms,
Exponential-capacity-3241-20210301-21:50:10-11292,param,,,**.X,2s,
Exponential-capacity-3241-20210301-21:50:10-11292,param,,,**.m,0.5s,
Exponential-capacity-3241-20210301-21:50:10-11292,param,,,**.tDistribution,"""exponential""",
Exponential-capacity-3241-20210301-21:50:10-11292,param,,,**.operationMode,0,
Exponential-capacity-3241-20210301-21:50:10-11292,param,,,**.s,70 byte,
Exponential-capacity-3241-20210301-21:50:10-11292,param,,,**.dimPoolMax,10000,
Exponential-capacity-3241-20210301-21:50:10-11292,param,,,**.dimPoolMin,8000,
Exponential-capacity-3241-20210301-21:50:10-11292,param,,,**.nDL,16,
Exponential-capacity-3241-20210301-21:50:10-11292,param,,,**.nA,1,
Exponential-capacity-3241-20210301-21:50:10-11292,param,,,**.DLMaxCapacity,0,
Exponential-capacity-3241-20210301-21:50:10-11292,param,,,**.trasmitting,false,
Exponential-capacity-3243-20210301-21:50:10-11292,runattr,,,configname,Exponential-capacity,
Exponential-capacity-3243-20210301-21:50:10-11292,runattr,,,datetime,20210301-21:50:10,
Exponential-capacity-3243-20210301-21:50:10-11292,runattr,,,experiment,Exponential-capacity,
Exponential-capacity-3243-20210301-21:50:10-11292,runattr,,,inifile,../simulations/aerocom.ini,
Exponential-capacity-3243-20210301-21:50:10-11292,runattr,,,iterationvars,"$0=20, $1=2",
Exponential-capacity-3243-20210301-21:50:10-11292,runattr,,,iterationvarsf,"20,2-",
Exponential-capacity-3243-20210301-21:50:10-11292,runattr,,,measurement,"$0=20, $1=2",
Exponential-capacity-3243-20210301-21:50:10-11292,runattr,,,network,Aerocom,
Exponential-capacity-3243-20210301-21:50:10-11292,runattr,,,processid,11292,
Exponential-capacity-3243-20210301-21:50:10-11292,runattr,,,repetition,43,
Exponential-capacity-3243-20210301-21:50:10-11292,runattr,,,replication,#43,
Exponential-capacity-3243-20210301-21:50:10-11292,runattr,,,resultdir,results,
Exponential-capacity-3243-20210301-21:50:10-11292,runattr,,,runnumber,3243,
Exponential-capacity-3243-20210301-21:50:10-11292,runattr,,,seedset,43,
Exponential-capacity-3243-20210301-21:50:10-11292,param,,,**.t,2s,
Exponential-capacity-3243-20210301-21:50:10-11292,param,,,**.k,20ms,
Exponential-capacity-3243-20210301-21:50:10-11292,param,,,**.X,2s,
Exponential-capacity-3243-20210301-21:50:10-11292,param,,,**.m,0.5s,
Exponential-capacity-3243-20210301-21:50:10-11292,param,,,**.tDistribution,"""exponential""",
Exponential-capacity-3243-20210301-21:50:10-11292,param,,,**.operationMode,0,
Exponential-capacity-3243-20210301-21:50:10-11292,param,,,**.s,70 byte,
Exponential-capacity-3243-20210301-21:50:10-11292,param,,,**.dimPoolMax,10000,
Exponential-capacity-3243-20210301-21:50:10-11292,param,,,**.dimPoolMin,8000,
Exponential-capacity-3243-20210301-21:50:10-11292,param,,,**.nDL,16,
Exponential-capacity-3243-20210301-21:50:10-11292,param,,,**.nA,1,
Exponential-capacity-3243-20210301-21:50:10-11292,param,,,**.DLMaxCapacity,0,
Exponential-capacity-3243-20210301-21:50:10-11292,param,,,**.trasmitting,false,
Exponential-capacity-3242-20210301-21:50:10-11292,runattr,,,configname,Exponential-capacity,
Exponential-capacity-3242-20210301-21:50:10-11292,runattr,,,datetime,20210301-21:50:10,
Exponential-capacity-3242-20210301-21:50:10-11292,runattr,,,experiment,Exponential-capacity,
Exponential-capacity-3242-20210301-21:50:10-11292,runattr,,,inifile,../simulations/aerocom.ini,
Exponential-capacity-3242-20210301-21:50:10-11292,runattr,,,iterationvars,"$0=20, $1=2",
Exponential-capacity-3242-20210301-21:50:10-11292,runattr,,,iterationvarsf,"20,2-",
Exponential-capacity-3242-20210301-21:50:10-11292,runattr,,,measurement,"$0=20, $1=2",
Exponential-capacity-3242-20210301-21:50:10-11292,runattr,,,network,Aerocom,
Exponential-capacity-3242-20210301-21:50:10-11292,runattr,,,processid,11292,
Exponential-capacity-3242-20210301-21:50:10-11292,runattr,,,repetition,42,
Exponential-capacity-3242-20210301-21:50:10-11292,runattr,,,replication,#42,
Exponential-capacity-3242-20210301-21:50:10-11292,runattr,,,resultdir,results,
Exponential-capacity-3242-20210301-21:50:10-11292,runattr,,,runnumber,3242,
Exponential-capacity-3242-20210301-21:50:10-11292,runattr,,,seedset,42,
Exponential-capacity-3242-20210301-21:50:10-11292,param,,,**.t,2s,
Exponential-capacity-3242-20210301-21:50:10-11292,param,,,**.k,20ms,
Exponential-capacity-3242-20210301-21:50:10-11292,param,,,**.X,2s,
Exponential-capacity-3242-20210301-21:50:10-11292,param,,,**.m,0.5s,
Exponential-capacity-3242-20210301-21:50:10-11292,param,,,**.tDistribution,"""exponential""",
Exponential-capacity-3242-20210301-21:50:10-11292,param,,,**.operationMode,0,
Exponential-capacity-3242-20210301-21:50:10-11292,param,,,**.s,70 byte,
Exponential-capacity-3242-20210301-21:50:10-11292,param,,,**.dimPoolMax,10000,
Exponential-capacity-3242-20210301-21:50:10-11292,param,,,**.dimPoolMin,8000,
Exponential-capacity-3242-20210301-21:50:10-11292,param,,,**.nDL,16,
Exponential-capacity-3242-20210301-21:50:10-11292,param,,,**.nA,1,
Exponential-capacity-3242-20210301-21:50:10-11292,param,,,**.DLMaxCapacity,0,
Exponential-capacity-3242-20210301-21:50:10-11292,param,,,**.trasmitting,false,
Exponential-capacity-3244-20210301-21:50:10-11292,runattr,,,configname,Exponential-capacity,
Exponential-capacity-3244-20210301-21:50:10-11292,runattr,,,datetime,20210301-21:50:10,
Exponential-capacity-3244-20210301-21:50:10-11292,runattr,,,experiment,Exponential-capacity,
Exponential-capacity-3244-20210301-21:50:10-11292,runattr,,,inifile,../simulations/aerocom.ini,
Exponential-capacity-3244-20210301-21:50:10-11292,runattr,,,iterationvars,"$0=20, $1=2",
Exponential-capacity-3244-20210301-21:50:10-11292,runattr,,,iterationvarsf,"20,2-",
Exponential-capacity-3244-20210301-21:50:10-11292,runattr,,,measurement,"$0=20, $1=2",
Exponential-capacity-3244-20210301-21:50:10-11292,runattr,,,network,Aerocom,
Exponential-capacity-3244-20210301-21:50:10-11292,runattr,,,processid,11292,
Exponential-capacity-3244-20210301-21:50:10-11292,runattr,,,repetition,44,
Exponential-capacity-3244-20210301-21:50:10-11292,runattr,,,replication,#44,
Exponential-capacity-3244-20210301-21:50:10-11292,runattr,,,resultdir,results,
Exponential-capacity-3244-20210301-21:50:10-11292,runattr,,,runnumber,3244,
Exponential-capacity-3244-20210301-21:50:10-11292,runattr,,,seedset,44,
Exponential-capacity-3244-20210301-21:50:10-11292,param,,,**.t,2s,
Exponential-capacity-3244-20210301-21:50:10-11292,param,,,**.k,20ms,
Exponential-capacity-3244-20210301-21:50:10-11292,param,,,**.X,2s,
Exponential-capacity-3244-20210301-21:50:10-11292,param,,,**.m,0.5s,
Exponential-capacity-3244-20210301-21:50:10-11292,param,,,**.tDistribution,"""exponential""",
Exponential-capacity-3244-20210301-21:50:10-11292,param,,,**.operationMode,0,
Exponential-capacity-3244-20210301-21:50:10-11292,param,,,**.s,70 byte,
Exponential-capacity-3244-20210301-21:50:10-11292,param,,,**.dimPoolMax,10000,
Exponential-capacity-3244-20210301-21:50:10-11292,param,,,**.dimPoolMin,8000,
Exponential-capacity-3244-20210301-21:50:10-11292,param,,,**.nDL,16,
Exponential-capacity-3244-20210301-21:50:10-11292,param,,,**.nA,1,
Exponential-capacity-3244-20210301-21:50:10-11292,param,,,**.DLMaxCapacity,0,
Exponential-capacity-3244-20210301-21:50:10-11292,param,,,**.trasmitting,false,
Exponential-capacity-3245-20210301-21:50:11-11292,runattr,,,configname,Exponential-capacity,
Exponential-capacity-3245-20210301-21:50:11-11292,runattr,,,datetime,20210301-21:50:11,
Exponential-capacity-3245-20210301-21:50:11-11292,runattr,,,experiment,Exponential-capacity,
Exponential-capacity-3245-20210301-21:50:11-11292,runattr,,,inifile,../simulations/aerocom.ini,
Exponential-capacity-3245-20210301-21:50:11-11292,runattr,,,iterationvars,"$0=20, $1=2",
Exponential-capacity-3245-20210301-21:50:11-11292,runattr,,,iterationvarsf,"20,2-",
Exponential-capacity-3245-20210301-21:50:11-11292,runattr,,,measurement,"$0=20, $1=2",
Exponential-capacity-3245-20210301-21:50:11-11292,runattr,,,network,Aerocom,
Exponential-capacity-3245-20210301-21:50:11-11292,runattr,,,processid,11292,
Exponential-capacity-3245-20210301-21:50:11-11292,runattr,,,repetition,45,
Exponential-capacity-3245-20210301-21:50:11-11292,runattr,,,replication,#45,
Exponential-capacity-3245-20210301-21:50:11-11292,runattr,,,resultdir,results,
Exponential-capacity-3245-20210301-21:50:11-11292,runattr,,,runnumber,3245,
Exponential-capacity-3245-20210301-21:50:11-11292,runattr,,,seedset,45,
Exponential-capacity-3245-20210301-21:50:11-11292,param,,,**.t,2s,
Exponential-capacity-3245-20210301-21:50:11-11292,param,,,**.k,20ms,
Exponential-capacity-3245-20210301-21:50:11-11292,param,,,**.X,2s,
Exponential-capacity-3245-20210301-21:50:11-11292,param,,,**.m,0.5s,
Exponential-capacity-3245-20210301-21:50:11-11292,param,,,**.tDistribution,"""exponential""",
Exponential-capacity-3245-20210301-21:50:11-11292,param,,,**.operationMode,0,
Exponential-capacity-3245-20210301-21:50:11-11292,param,,,**.s,70 byte,
Exponential-capacity-3245-20210301-21:50:11-11292,param,,,**.dimPoolMax,10000,
Exponential-capacity-3245-20210301-21:50:11-11292,param,,,**.dimPoolMin,8000,
Exponential-capacity-3245-20210301-21:50:11-11292,param,,,**.nDL,16,
Exponential-capacity-3245-20210301-21:50:11-11292,param,,,**.nA,1,
Exponential-capacity-3245-20210301-21:50:11-11292,param,,,**.DLMaxCapacity,0,
Exponential-capacity-3245-20210301-21:50:11-11292,param,,,**.trasmitting,false,
Exponential-capacity-3246-20210301-21:50:11-11292,runattr,,,configname,Exponential-capacity,
Exponential-capacity-3246-20210301-21:50:11-11292,runattr,,,datetime,20210301-21:50:11,
Exponential-capacity-3246-20210301-21:50:11-11292,runattr,,,experiment,Exponential-capacity,
Exponential-capacity-3246-20210301-21:50:11-11292,runattr,,,inifile,../simulations/aerocom.ini,
Exponential-capacity-3246-20210301-21:50:11-11292,runattr,,,iterationvars,"$0=20, $1=2",
Exponential-capacity-3246-20210301-21:50:11-11292,runattr,,,iterationvarsf,"20,2-",
Exponential-capacity-3246-20210301-21:50:11-11292,runattr,,,measurement,"$0=20, $1=2",
Exponential-capacity-3246-20210301-21:50:11-11292,runattr,,,network,Aerocom,
Exponential-capacity-3246-20210301-21:50:11-11292,runattr,,,processid,11292,
Exponential-capacity-3246-20210301-21:50:11-11292,runattr,,,repetition,46,
Exponential-capacity-3246-20210301-21:50:11-11292,runattr,,,replication,#46,
Exponential-capacity-3246-20210301-21:50:11-11292,runattr,,,resultdir,results,
Exponential-capacity-3246-20210301-21:50:11-11292,runattr,,,runnumber,3246,
Exponential-capacity-3246-20210301-21:50:11-11292,runattr,,,seedset,46,
Exponential-capacity-3246-20210301-21:50:11-11292,param,,,**.t,2s,
Exponential-capacity-3246-20210301-21:50:11-11292,param,,,**.k,20ms,
Exponential-capacity-3246-20210301-21:50:11-11292,param,,,**.X,2s,
Exponential-capacity-3246-20210301-21:50:11-11292,param,,,**.m,0.5s,
Exponential-capacity-3246-20210301-21:50:11-11292,param,,,**.tDistribution,"""exponential""",
Exponential-capacity-3246-20210301-21:50:11-11292,param,,,**.operationMode,0,
Exponential-capacity-3246-20210301-21:50:11-11292,param,,,**.s,70 byte,
Exponential-capacity-3246-20210301-21:50:11-11292,param,,,**.dimPoolMax,10000,
Exponential-capacity-3246-20210301-21:50:11-11292,param,,,**.dimPoolMin,8000,
Exponential-capacity-3246-20210301-21:50:11-11292,param,,,**.nDL,16,
Exponential-capacity-3246-20210301-21:50:11-11292,param,,,**.nA,1,
Exponential-capacity-3246-20210301-21:50:11-11292,param,,,**.DLMaxCapacity,0,
Exponential-capacity-3246-20210301-21:50:11-11292,param,,,**.trasmitting,false,
Exponential-capacity-3247-20210301-21:50:11-11292,runattr,,,configname,Exponential-capacity,
Exponential-capacity-3247-20210301-21:50:11-11292,runattr,,,datetime,20210301-21:50:11,
Exponential-capacity-3247-20210301-21:50:11-11292,runattr,,,experiment,Exponential-capacity,
Exponential-capacity-3247-20210301-21:50:11-11292,runattr,,,inifile,../simulations/aerocom.ini,
Exponential-capacity-3247-20210301-21:50:11-11292,runattr,,,iterationvars,"$0=20, $1=2",
Exponential-capacity-3247-20210301-21:50:11-11292,runattr,,,iterationvarsf,"20,2-",
Exponential-capacity-3247-20210301-21:50:11-11292,runattr,,,measurement,"$0=20, $1=2",
Exponential-capacity-3247-20210301-21:50:11-11292,runattr,,,network,Aerocom,
Exponential-capacity-3247-20210301-21:50:11-11292,runattr,,,processid,11292,
Exponential-capacity-3247-20210301-21:50:11-11292,runattr,,,repetition,47,
Exponential-capacity-3247-20210301-21:50:11-11292,runattr,,,replication,#47,
Exponential-capacity-3247-20210301-21:50:11-11292,runattr,,,resultdir,results,
Exponential-capacity-3247-20210301-21:50:11-11292,runattr,,,runnumber,3247,
Exponential-capacity-3247-20210301-21:50:11-11292,runattr,,,seedset,47,
Exponential-capacity-3247-20210301-21:50:11-11292,param,,,**.t,2s,
Exponential-capacity-3247-20210301-21:50:11-11292,param,,,**.k,20ms,
Exponential-capacity-3247-20210301-21:50:11-11292,param,,,**.X,2s,
Exponential-capacity-3247-20210301-21:50:11-11292,param,,,**.m,0.5s,
Exponential-capacity-3247-20210301-21:50:11-11292,param,,,**.tDistribution,"""exponential""",
Exponential-capacity-3247-20210301-21:50:11-11292,param,,,**.operationMode,0,
Exponential-capacity-3247-20210301-21:50:11-11292,param,,,**.s,70 byte,
Exponential-capacity-3247-20210301-21:50:11-11292,param,,,**.dimPoolMax,10000,
Exponential-capacity-3247-20210301-21:50:11-11292,param,,,**.dimPoolMin,8000,
Exponential-capacity-3247-20210301-21:50:11-11292,param,,,**.nDL,16,
Exponential-capacity-3247-20210301-21:50:11-11292,param,,,**.nA,1,
Exponential-capacity-3247-20210301-21:50:11-11292,param,,,**.DLMaxCapacity,0,
Exponential-capacity-3247-20210301-21:50:11-11292,param,,,**.trasmitting,false,
Exponential-capacity-3248-20210301-21:50:09-11297,runattr,,,configname,Exponential-capacity,
Exponential-capacity-3248-20210301-21:50:09-11297,runattr,,,datetime,20210301-21:50:09,
Exponential-capacity-3248-20210301-21:50:09-11297,runattr,,,experiment,Exponential-capacity,
Exponential-capacity-3248-20210301-21:50:09-11297,runattr,,,inifile,../simulations/aerocom.ini,
Exponential-capacity-3248-20210301-21:50:09-11297,runattr,,,iterationvars,"$0=20, $1=2",
Exponential-capacity-3248-20210301-21:50:09-11297,runattr,,,iterationvarsf,"20,2-",
Exponential-capacity-3248-20210301-21:50:09-11297,runattr,,,measurement,"$0=20, $1=2",
Exponential-capacity-3248-20210301-21:50:09-11297,runattr,,,network,Aerocom,
Exponential-capacity-3248-20210301-21:50:09-11297,runattr,,,processid,11297,
Exponential-capacity-3248-20210301-21:50:09-11297,runattr,,,repetition,48,
Exponential-capacity-3248-20210301-21:50:09-11297,runattr,,,replication,#48,
Exponential-capacity-3248-20210301-21:50:09-11297,runattr,,,resultdir,results,
Exponential-capacity-3248-20210301-21:50:09-11297,runattr,,,runnumber,3248,
Exponential-capacity-3248-20210301-21:50:09-11297,runattr,,,seedset,48,
Exponential-capacity-3248-20210301-21:50:09-11297,param,,,**.t,2s,
Exponential-capacity-3248-20210301-21:50:09-11297,param,,,**.k,20ms,
Exponential-capacity-3248-20210301-21:50:09-11297,param,,,**.X,2s,
Exponential-capacity-3248-20210301-21:50:09-11297,param,,,**.m,0.5s,
Exponential-capacity-3248-20210301-21:50:09-11297,param,,,**.tDistribution,"""exponential""",
Exponential-capacity-3248-20210301-21:50:09-11297,param,,,**.operationMode,0,
Exponential-capacity-3248-20210301-21:50:09-11297,param,,,**.s,70 byte,
Exponential-capacity-3248-20210301-21:50:09-11297,param,,,**.dimPoolMax,10000,
Exponential-capacity-3248-20210301-21:50:09-11297,param,,,**.dimPoolMin,8000,
Exponential-capacity-3248-20210301-21:50:09-11297,param,,,**.nDL,16,
Exponential-capacity-3248-20210301-21:50:09-11297,param,,,**.nA,1,
Exponential-capacity-3248-20210301-21:50:09-11297,param,,,**.DLMaxCapacity,0,
Exponential-capacity-3248-20210301-21:50:09-11297,param,,,**.trasmitting,false,
Exponential-capacity-3249-20210301-21:50:10-11297,runattr,,,configname,Exponential-capacity,
Exponential-capacity-3249-20210301-21:50:10-11297,runattr,,,datetime,20210301-21:50:10,
Exponential-capacity-3249-20210301-21:50:10-11297,runattr,,,experiment,Exponential-capacity,
Exponential-capacity-3249-20210301-21:50:10-11297,runattr,,,inifile,../simulations/aerocom.ini,
Exponential-capacity-3249-20210301-21:50:10-11297,runattr,,,iterationvars,"$0=20, $1=2",
Exponential-capacity-3249-20210301-21:50:10-11297,runattr,,,iterationvarsf,"20,2-",
Exponential-capacity-3249-20210301-21:50:10-11297,runattr,,,measurement,"$0=20, $1=2",
Exponential-capacity-3249-20210301-21:50:10-11297,runattr,,,network,Aerocom,
Exponential-capacity-3249-20210301-21:50:10-11297,runattr,,,processid,11297,
Exponential-capacity-3249-20210301-21:50:10-11297,runattr,,,repetition,49,
Exponential-capacity-3249-20210301-21:50:10-11297,runattr,,,replication,#49,
Exponential-capacity-3249-20210301-21:50:10-11297,runattr,,,resultdir,results,
Exponential-capacity-3249-20210301-21:50:10-11297,runattr,,,runnumber,3249,
Exponential-capacity-3249-20210301-21:50:10-11297,runattr,,,seedset,49,
Exponential-capacity-3249-20210301-21:50:10-11297,param,,,**.t,2s,
Exponential-capacity-3249-20210301-21:50:10-11297,param,,,**.k,20ms,
Exponential-capacity-3249-20210301-21:50:10-11297,param,,,**.X,2s,
Exponential-capacity-3249-20210301-21:50:10-11297,param,,,**.m,0.5s,
Exponential-capacity-3249-20210301-21:50:10-11297,param,,,**.tDistribution,"""exponential""",
Exponential-capacity-3249-20210301-21:50:10-11297,param,,,**.operationMode,0,
Exponential-capacity-3249-20210301-21:50:10-11297,param,,,**.s,70 byte,
Exponential-capacity-3249-20210301-21:50:10-11297,param,,,**.dimPoolMax,10000,
Exponential-capacity-3249-20210301-21:50:10-11297,param,,,**.dimPoolMin,8000,
Exponential-capacity-3249-20210301-21:50:10-11297,param,,,**.nDL,16,
Exponential-capacity-3249-20210301-21:50:10-11297,param,,,**.nA,1,
Exponential-capacity-3249-20210301-21:50:10-11297,param,,,**.DLMaxCapacity,0,
Exponential-capacity-3249-20210301-21:50:10-11297,param,,,**.trasmitting,false,
Exponential-capacity-3205-20210301-21:50:09-11267,runattr,,,configname,Exponential-capacity,
Exponential-capacity-3205-20210301-21:50:09-11267,runattr,,,datetime,20210301-21:50:09,
Exponential-capacity-3205-20210301-21:50:09-11267,runattr,,,experiment,Exponential-capacity,
Exponential-capacity-3205-20210301-21:50:09-11267,runattr,,,inifile,../simulations/aerocom.ini,
Exponential-capacity-3205-20210301-21:50:09-11267,runattr,,,iterationvars,"$0=20, $1=2",
Exponential-capacity-3205-20210301-21:50:09-11267,runattr,,,iterationvarsf,"20,2-",
Exponential-capacity-3205-20210301-21:50:09-11267,runattr,,,measurement,"$0=20, $1=2",
Exponential-capacity-3205-20210301-21:50:09-11267,runattr,,,network,Aerocom,
Exponential-capacity-3205-20210301-21:50:09-11267,runattr,,,processid,11267,
Exponential-capacity-3205-20210301-21:50:09-11267,runattr,,,repetition,5,
Exponential-capacity-3205-20210301-21:50:09-11267,runattr,,,replication,#5,
Exponential-capacity-3205-20210301-21:50:09-11267,runattr,,,resultdir,results,
Exponential-capacity-3205-20210301-21:50:09-11267,runattr,,,runnumber,3205,
Exponential-capacity-3205-20210301-21:50:09-11267,runattr,,,seedset,5,
Exponential-capacity-3205-20210301-21:50:09-11267,param,,,**.t,2s,
Exponential-capacity-3205-20210301-21:50:09-11267,param,,,**.k,20ms,
Exponential-capacity-3205-20210301-21:50:09-11267,param,,,**.X,2s,
Exponential-capacity-3205-20210301-21:50:09-11267,param,,,**.m,0.5s,
Exponential-capacity-3205-20210301-21:50:09-11267,param,,,**.tDistribution,"""exponential""",
Exponential-capacity-3205-20210301-21:50:09-11267,param,,,**.operationMode,0,
Exponential-capacity-3205-20210301-21:50:09-11267,param,,,**.s,70 byte,
Exponential-capacity-3205-20210301-21:50:09-11267,param,,,**.dimPoolMax,10000,
Exponential-capacity-3205-20210301-21:50:09-11267,param,,,**.dimPoolMin,8000,
Exponential-capacity-3205-20210301-21:50:09-11267,param,,,**.nDL,16,
Exponential-capacity-3205-20210301-21:50:09-11267,param,,,**.nA,1,
Exponential-capacity-3205-20210301-21:50:09-11267,param,,,**.DLMaxCapacity,0,
Exponential-capacity-3205-20210301-21:50:09-11267,param,,,**.trasmitting,false,
Exponential-capacity-3250-20210301-21:50:10-11297,runattr,,,configname,Exponential-capacity,
Exponential-capacity-3250-20210301-21:50:10-11297,runattr,,,datetime,20210301-21:50:10,
Exponential-capacity-3250-20210301-21:50:10-11297,runattr,,,experiment,Exponential-capacity,
Exponential-capacity-3250-20210301-21:50:10-11297,runattr,,,inifile,../simulations/aerocom.ini,
Exponential-capacity-3250-20210301-21:50:10-11297,runattr,,,iterationvars,"$0=20, $1=2",
Exponential-capacity-3250-20210301-21:50:10-11297,runattr,,,iterationvarsf,"20,2-",
Exponential-capacity-3250-20210301-21:50:10-11297,runattr,,,measurement,"$0=20, $1=2",
Exponential-capacity-3250-20210301-21:50:10-11297,runattr,,,network,Aerocom,
Exponential-capacity-3250-20210301-21:50:10-11297,runattr,,,processid,11297,
Exponential-capacity-3250-20210301-21:50:10-11297,runattr,,,repetition,50,
Exponential-capacity-3250-20210301-21:50:10-11297,runattr,,,replication,#50,
Exponential-capacity-3250-20210301-21:50:10-11297,runattr,,,resultdir,results,
Exponential-capacity-3250-20210301-21:50:10-11297,runattr,,,runnumber,3250,
Exponential-capacity-3250-20210301-21:50:10-11297,runattr,,,seedset,50,
Exponential-capacity-3250-20210301-21:50:10-11297,param,,,**.t,2s,
Exponential-capacity-3250-20210301-21:50:10-11297,param,,,**.k,20ms,
Exponential-capacity-3250-20210301-21:50:10-11297,param,,,**.X,2s,
Exponential-capacity-3250-20210301-21:50:10-11297,param,,,**.m,0.5s,
Exponential-capacity-3250-20210301-21:50:10-11297,param,,,**.tDistribution,"""exponential""",
Exponential-capacity-3250-20210301-21:50:10-11297,param,,,**.operationMode,0,
Exponential-capacity-3250-20210301-21:50:10-11297,param,,,**.s,70 byte,
Exponential-capacity-3250-20210301-21:50:10-11297,param,,,**.dimPoolMax,10000,
Exponential-capacity-3250-20210301-21:50:10-11297,param,,,**.dimPoolMin,8000,
Exponential-capacity-3250-20210301-21:50:10-11297,param,,,**.nDL,16,
Exponential-capacity-3250-20210301-21:50:10-11297,param,,,**.nA,1,
Exponential-capacity-3250-20210301-21:50:10-11297,param,,,**.DLMaxCapacity,0,
Exponential-capacity-3250-20210301-21:50:10-11297,param,,,**.trasmitting,false,
Exponential-capacity-3251-20210301-21:50:10-11297,runattr,,,configname,Exponential-capacity,
Exponential-capacity-3251-20210301-21:50:10-11297,runattr,,,datetime,20210301-21:50:10,
Exponential-capacity-3251-20210301-21:50:10-11297,runattr,,,experiment,Exponential-capacity,
Exponential-capacity-3251-20210301-21:50:10-11297,runattr,,,inifile,../simulations/aerocom.ini,
Exponential-capacity-3251-20210301-21:50:10-11297,runattr,,,iterationvars,"$0=20, $1=2",
Exponential-capacity-3251-20210301-21:50:10-11297,runattr,,,iterationvarsf,"20,2-",
Exponential-capacity-3251-20210301-21:50:10-11297,runattr,,,measurement,"$0=20, $1=2",
Exponential-capacity-3251-20210301-21:50:10-11297,runattr,,,network,Aerocom,
Exponential-capacity-3251-20210301-21:50:10-11297,runattr,,,processid,11297,
Exponential-capacity-3251-20210301-21:50:10-11297,runattr,,,repetition,51,
Exponential-capacity-3251-20210301-21:50:10-11297,runattr,,,replication,#51,
Exponential-capacity-3251-20210301-21:50:10-11297,runattr,,,resultdir,results,
Exponential-capacity-3251-20210301-21:50:10-11297,runattr,,,runnumber,3251,
Exponential-capacity-3251-20210301-21:50:10-11297,runattr,,,seedset,51,
Exponential-capacity-3251-20210301-21:50:10-11297,param,,,**.t,2s,
Exponential-capacity-3251-20210301-21:50:10-11297,param,,,**.k,20ms,
Exponential-capacity-3251-20210301-21:50:10-11297,param,,,**.X,2s,
Exponential-capacity-3251-20210301-21:50:10-11297,param,,,**.m,0.5s,
Exponential-capacity-3251-20210301-21:50:10-11297,param,,,**.tDistribution,"""exponential""",
Exponential-capacity-3251-20210301-21:50:10-11297,param,,,**.operationMode,0,
Exponential-capacity-3251-20210301-21:50:10-11297,param,,,**.s,70 byte,
Exponential-capacity-3251-20210301-21:50:10-11297,param,,,**.dimPoolMax,10000,
Exponential-capacity-3251-20210301-21:50:10-11297,param,,,**.dimPoolMin,8000,
Exponential-capacity-3251-20210301-21:50:10-11297,param,,,**.nDL,16,
Exponential-capacity-3251-20210301-21:50:10-11297,param,,,**.nA,1,
Exponential-capacity-3251-20210301-21:50:10-11297,param,,,**.DLMaxCapacity,0,
Exponential-capacity-3251-20210301-21:50:10-11297,param,,,**.trasmitting,false,
Exponential-capacity-3252-20210301-21:50:10-11297,runattr,,,configname,Exponential-capacity,
Exponential-capacity-3252-20210301-21:50:10-11297,runattr,,,datetime,20210301-21:50:10,
Exponential-capacity-3252-20210301-21:50:10-11297,runattr,,,experiment,Exponential-capacity,
Exponential-capacity-3252-20210301-21:50:10-11297,runattr,,,inifile,../simulations/aerocom.ini,
Exponential-capacity-3252-20210301-21:50:10-11297,runattr,,,iterationvars,"$0=20, $1=2",
Exponential-capacity-3252-20210301-21:50:10-11297,runattr,,,iterationvarsf,"20,2-",
Exponential-capacity-3252-20210301-21:50:10-11297,runattr,,,measurement,"$0=20, $1=2",
Exponential-capacity-3252-20210301-21:50:10-11297,runattr,,,network,Aerocom,
Exponential-capacity-3252-20210301-21:50:10-11297,runattr,,,processid,11297,
Exponential-capacity-3252-20210301-21:50:10-11297,runattr,,,repetition,52,
Exponential-capacity-3252-20210301-21:50:10-11297,runattr,,,replication,#52,
Exponential-capacity-3252-20210301-21:50:10-11297,runattr,,,resultdir,results,
Exponential-capacity-3252-20210301-21:50:10-11297,runattr,,,runnumber,3252,
Exponential-capacity-3252-20210301-21:50:10-11297,runattr,,,seedset,52,
Exponential-capacity-3252-20210301-21:50:10-11297,param,,,**.t,2s,
Exponential-capacity-3252-20210301-21:50:10-11297,param,,,**.k,20ms,
Exponential-capacity-3252-20210301-21:50:10-11297,param,,,**.X,2s,
Exponential-capacity-3252-20210301-21:50:10-11297,param,,,**.m,0.5s,
Exponential-capacity-3252-20210301-21:50:10-11297,param,,,**.tDistribution,"""exponential""",
Exponential-capacity-3252-20210301-21:50:10-11297,param,,,**.operationMode,0,
Exponential-capacity-3252-20210301-21:50:10-11297,param,,,**.s,70 byte,
Exponential-capacity-3252-20210301-21:50:10-11297,param,,,**.dimPoolMax,10000,
Exponential-capacity-3252-20210301-21:50:10-11297,param,,,**.dimPoolMin,8000,
Exponential-capacity-3252-20210301-21:50:10-11297,param,,,**.nDL,16,
Exponential-capacity-3252-20210301-21:50:10-11297,param,,,**.nA,1,
Exponential-capacity-3252-20210301-21:50:10-11297,param,,,**.DLMaxCapacity,0,
Exponential-capacity-3252-20210301-21:50:10-11297,param,,,**.trasmitting,false,
Exponential-capacity-3253-20210301-21:50:11-11297,runattr,,,configname,Exponential-capacity,
Exponential-capacity-3253-20210301-21:50:11-11297,runattr,,,datetime,20210301-21:50:11,
Exponential-capacity-3253-20210301-21:50:11-11297,runattr,,,experiment,Exponential-capacity,
Exponential-capacity-3253-20210301-21:50:11-11297,runattr,,,inifile,../simulations/aerocom.ini,
Exponential-capacity-3253-20210301-21:50:11-11297,runattr,,,iterationvars,"$0=20, $1=2",
Exponential-capacity-3253-20210301-21:50:11-11297,runattr,,,iterationvarsf,"20,2-",
Exponential-capacity-3253-20210301-21:50:11-11297,runattr,,,measurement,"$0=20, $1=2",
Exponential-capacity-3253-20210301-21:50:11-11297,runattr,,,network,Aerocom,
Exponential-capacity-3253-20210301-21:50:11-11297,runattr,,,processid,11297,
Exponential-capacity-3253-20210301-21:50:11-11297,runattr,,,repetition,53,
Exponential-capacity-3253-20210301-21:50:11-11297,runattr,,,replication,#53,
Exponential-capacity-3253-20210301-21:50:11-11297,runattr,,,resultdir,results,
Exponential-capacity-3253-20210301-21:50:11-11297,runattr,,,runnumber,3253,
Exponential-capacity-3253-20210301-21:50:11-11297,runattr,,,seedset,53,
Exponential-capacity-3253-20210301-21:50:11-11297,param,,,**.t,2s,
Exponential-capacity-3253-20210301-21:50:11-11297,param,,,**.k,20ms,
Exponential-capacity-3253-20210301-21:50:11-11297,param,,,**.X,2s,
Exponential-capacity-3253-20210301-21:50:11-11297,param,,,**.m,0.5s,
Exponential-capacity-3253-20210301-21:50:11-11297,param,,,**.tDistribution,"""exponential""",
Exponential-capacity-3253-20210301-21:50:11-11297,param,,,**.operationMode,0,
Exponential-capacity-3253-20210301-21:50:11-11297,param,,,**.s,70 byte,
Exponential-capacity-3253-20210301-21:50:11-11297,param,,,**.dimPoolMax,10000,
Exponential-capacity-3253-20210301-21:50:11-11297,param,,,**.dimPoolMin,8000,
Exponential-capacity-3253-20210301-21:50:11-11297,param,,,**.nDL,16,
Exponential-capacity-3253-20210301-21:50:11-11297,param,,,**.nA,1,
Exponential-capacity-3253-20210301-21:50:11-11297,param,,,**.DLMaxCapacity,0,
Exponential-capacity-3253-20210301-21:50:11-11297,param,,,**.trasmitting,false,
Exponential-capacity-3254-20210301-21:50:11-11297,runattr,,,configname,Exponential-capacity,
Exponential-capacity-3254-20210301-21:50:11-11297,runattr,,,datetime,20210301-21:50:11,
Exponential-capacity-3254-20210301-21:50:11-11297,runattr,,,experiment,Exponential-capacity,
Exponential-capacity-3254-20210301-21:50:11-11297,runattr,,,inifile,../simulations/aerocom.ini,
Exponential-capacity-3254-20210301-21:50:11-11297,runattr,,,iterationvars,"$0=20, $1=2",
Exponential-capacity-3254-20210301-21:50:11-11297,runattr,,,iterationvarsf,"20,2-",
Exponential-capacity-3254-20210301-21:50:11-11297,runattr,,,measurement,"$0=20, $1=2",
Exponential-capacity-3254-20210301-21:50:11-11297,runattr,,,network,Aerocom,
Exponential-capacity-3254-20210301-21:50:11-11297,runattr,,,processid,11297,
Exponential-capacity-3254-20210301-21:50:11-11297,runattr,,,repetition,54,
Exponential-capacity-3254-20210301-21:50:11-11297,runattr,,,replication,#54,
Exponential-capacity-3254-20210301-21:50:11-11297,runattr,,,resultdir,results,
Exponential-capacity-3254-20210301-21:50:11-11297,runattr,,,runnumber,3254,
Exponential-capacity-3254-20210301-21:50:11-11297,runattr,,,seedset,54,
Exponential-capacity-3254-20210301-21:50:11-11297,param,,,**.t,2s,
Exponential-capacity-3254-20210301-21:50:11-11297,param,,,**.k,20ms,
Exponential-capacity-3254-20210301-21:50:11-11297,param,,,**.X,2s,
Exponential-capacity-3254-20210301-21:50:11-11297,param,,,**.m,0.5s,
Exponential-capacity-3254-20210301-21:50:11-11297,param,,,**.tDistribution,"""exponential""",
Exponential-capacity-3254-20210301-21:50:11-11297,param,,,**.operationMode,0,
Exponential-capacity-3254-20210301-21:50:11-11297,param,,,**.s,70 byte,
Exponential-capacity-3254-20210301-21:50:11-11297,param,,,**.dimPoolMax,10000,
Exponential-capacity-3254-20210301-21:50:11-11297,param,,,**.dimPoolMin,8000,
Exponential-capacity-3254-20210301-21:50:11-11297,param,,,**.nDL,16,
Exponential-capacity-3254-20210301-21:50:11-11297,param,,,**.nA,1,
Exponential-capacity-3254-20210301-21:50:11-11297,param,,,**.DLMaxCapacity,0,
Exponential-capacity-3254-20210301-21:50:11-11297,param,,,**.trasmitting,false,
Exponential-capacity-3255-20210301-21:50:11-11297,runattr,,,configname,Exponential-capacity,
Exponential-capacity-3255-20210301-21:50:11-11297,runattr,,,datetime,20210301-21:50:11,
Exponential-capacity-3255-20210301-21:50:11-11297,runattr,,,experiment,Exponential-capacity,
Exponential-capacity-3255-20210301-21:50:11-11297,runattr,,,inifile,../simulations/aerocom.ini,
Exponential-capacity-3255-20210301-21:50:11-11297,runattr,,,iterationvars,"$0=20, $1=2",
Exponential-capacity-3255-20210301-21:50:11-11297,runattr,,,iterationvarsf,"20,2-",
Exponential-capacity-3255-20210301-21:50:11-11297,runattr,,,measurement,"$0=20, $1=2",
Exponential-capacity-3255-20210301-21:50:11-11297,runattr,,,network,Aerocom,
Exponential-capacity-3255-20210301-21:50:11-11297,runattr,,,processid,11297,
Exponential-capacity-3255-20210301-21:50:11-11297,runattr,,,repetition,55,
Exponential-capacity-3255-20210301-21:50:11-11297,runattr,,,replication,#55,
Exponential-capacity-3255-20210301-21:50:11-11297,runattr,,,resultdir,results,
Exponential-capacity-3255-20210301-21:50:11-11297,runattr,,,runnumber,3255,
Exponential-capacity-3255-20210301-21:50:11-11297,runattr,,,seedset,55,
Exponential-capacity-3255-20210301-21:50:11-11297,param,,,**.t,2s,
Exponential-capacity-3255-20210301-21:50:11-11297,param,,,**.k,20ms,
Exponential-capacity-3255-20210301-21:50:11-11297,param,,,**.X,2s,
Exponential-capacity-3255-20210301-21:50:11-11297,param,,,**.m,0.5s,
Exponential-capacity-3255-20210301-21:50:11-11297,param,,,**.tDistribution,"""exponential""",
Exponential-capacity-3255-20210301-21:50:11-11297,param,,,**.operationMode,0,
Exponential-capacity-3255-20210301-21:50:11-11297,param,,,**.s,70 byte,
Exponential-capacity-3255-20210301-21:50:11-11297,param,,,**.dimPoolMax,10000,
Exponential-capacity-3255-20210301-21:50:11-11297,param,,,**.dimPoolMin,8000,
Exponential-capacity-3255-20210301-21:50:11-11297,param,,,**.nDL,16,
Exponential-capacity-3255-20210301-21:50:11-11297,param,,,**.nA,1,
Exponential-capacity-3255-20210301-21:50:11-11297,param,,,**.DLMaxCapacity,0,
Exponential-capacity-3255-20210301-21:50:11-11297,param,,,**.trasmitting,false,
Exponential-capacity-3256-20210301-21:50:10-11302,runattr,,,configname,Exponential-capacity,
Exponential-capacity-3256-20210301-21:50:10-11302,runattr,,,datetime,20210301-21:50:10,
Exponential-capacity-3256-20210301-21:50:10-11302,runattr,,,experiment,Exponential-capacity,
Exponential-capacity-3256-20210301-21:50:10-11302,runattr,,,inifile,../simulations/aerocom.ini,
Exponential-capacity-3256-20210301-21:50:10-11302,runattr,,,iterationvars,"$0=20, $1=2",
Exponential-capacity-3256-20210301-21:50:10-11302,runattr,,,iterationvarsf,"20,2-",
Exponential-capacity-3256-20210301-21:50:10-11302,runattr,,,measurement,"$0=20, $1=2",
Exponential-capacity-3256-20210301-21:50:10-11302,runattr,,,network,Aerocom,
Exponential-capacity-3256-20210301-21:50:10-11302,runattr,,,processid,11302,
Exponential-capacity-3256-20210301-21:50:10-11302,runattr,,,repetition,56,
Exponential-capacity-3256-20210301-21:50:10-11302,runattr,,,replication,#56,
Exponential-capacity-3256-20210301-21:50:10-11302,runattr,,,resultdir,results,
Exponential-capacity-3256-20210301-21:50:10-11302,runattr,,,runnumber,3256,
Exponential-capacity-3256-20210301-21:50:10-11302,runattr,,,seedset,56,
Exponential-capacity-3256-20210301-21:50:10-11302,param,,,**.t,2s,
Exponential-capacity-3256-20210301-21:50:10-11302,param,,,**.k,20ms,
Exponential-capacity-3256-20210301-21:50:10-11302,param,,,**.X,2s,
Exponential-capacity-3256-20210301-21:50:10-11302,param,,,**.m,0.5s,
Exponential-capacity-3256-20210301-21:50:10-11302,param,,,**.tDistribution,"""exponential""",
Exponential-capacity-3256-20210301-21:50:10-11302,param,,,**.operationMode,0,
Exponential-capacity-3256-20210301-21:50:10-11302,param,,,**.s,70 byte,
Exponential-capacity-3256-20210301-21:50:10-11302,param,,,**.dimPoolMax,10000,
Exponential-capacity-3256-20210301-21:50:10-11302,param,,,**.dimPoolMin,8000,
Exponential-capacity-3256-20210301-21:50:10-11302,param,,,**.nDL,16,
Exponential-capacity-3256-20210301-21:50:10-11302,param,,,**.nA,1,
Exponential-capacity-3256-20210301-21:50:10-11302,param,,,**.DLMaxCapacity,0,
Exponential-capacity-3256-20210301-21:50:10-11302,param,,,**.trasmitting,false,
Exponential-capacity-3258-20210301-21:50:10-11302,runattr,,,configname,Exponential-capacity,
Exponential-capacity-3258-20210301-21:50:10-11302,runattr,,,datetime,20210301-21:50:10,
Exponential-capacity-3258-20210301-21:50:10-11302,runattr,,,experiment,Exponential-capacity,
Exponential-capacity-3258-20210301-21:50:10-11302,runattr,,,inifile,../simulations/aerocom.ini,
Exponential-capacity-3258-20210301-21:50:10-11302,runattr,,,iterationvars,"$0=20, $1=2",
Exponential-capacity-3258-20210301-21:50:10-11302,runattr,,,iterationvarsf,"20,2-",
Exponential-capacity-3258-20210301-21:50:10-11302,runattr,,,measurement,"$0=20, $1=2",
Exponential-capacity-3258-20210301-21:50:10-11302,runattr,,,network,Aerocom,
Exponential-capacity-3258-20210301-21:50:10-11302,runattr,,,processid,11302,
Exponential-capacity-3258-20210301-21:50:10-11302,runattr,,,repetition,58,
Exponential-capacity-3258-20210301-21:50:10-11302,runattr,,,replication,#58,
Exponential-capacity-3258-20210301-21:50:10-11302,runattr,,,resultdir,results,
Exponential-capacity-3258-20210301-21:50:10-11302,runattr,,,runnumber,3258,
Exponential-capacity-3258-20210301-21:50:10-11302,runattr,,,seedset,58,
Exponential-capacity-3258-20210301-21:50:10-11302,param,,,**.t,2s,
Exponential-capacity-3258-20210301-21:50:10-11302,param,,,**.k,20ms,
Exponential-capacity-3258-20210301-21:50:10-11302,param,,,**.X,2s,
Exponential-capacity-3258-20210301-21:50:10-11302,param,,,**.m,0.5s,
Exponential-capacity-3258-20210301-21:50:10-11302,param,,,**.tDistribution,"""exponential""",
Exponential-capacity-3258-20210301-21:50:10-11302,param,,,**.operationMode,0,
Exponential-capacity-3258-20210301-21:50:10-11302,param,,,**.s,70 byte,
Exponential-capacity-3258-20210301-21:50:10-11302,param,,,**.dimPoolMax,10000,
Exponential-capacity-3258-20210301-21:50:10-11302,param,,,**.dimPoolMin,8000,
Exponential-capacity-3258-20210301-21:50:10-11302,param,,,**.nDL,16,
Exponential-capacity-3258-20210301-21:50:10-11302,param,,,**.nA,1,
Exponential-capacity-3258-20210301-21:50:10-11302,param,,,**.DLMaxCapacity,0,
Exponential-capacity-3258-20210301-21:50:10-11302,param,,,**.trasmitting,false,
Exponential-capacity-3257-20210301-21:50:10-11302,runattr,,,configname,Exponential-capacity,
Exponential-capacity-3257-20210301-21:50:10-11302,runattr,,,datetime,20210301-21:50:10,
Exponential-capacity-3257-20210301-21:50:10-11302,runattr,,,experiment,Exponential-capacity,
Exponential-capacity-3257-20210301-21:50:10-11302,runattr,,,inifile,../simulations/aerocom.ini,
Exponential-capacity-3257-20210301-21:50:10-11302,runattr,,,iterationvars,"$0=20, $1=2",
Exponential-capacity-3257-20210301-21:50:10-11302,runattr,,,iterationvarsf,"20,2-",
Exponential-capacity-3257-20210301-21:50:10-11302,runattr,,,measurement,"$0=20, $1=2",
Exponential-capacity-3257-20210301-21:50:10-11302,runattr,,,network,Aerocom,
Exponential-capacity-3257-20210301-21:50:10-11302,runattr,,,processid,11302,
Exponential-capacity-3257-20210301-21:50:10-11302,runattr,,,repetition,57,
Exponential-capacity-3257-20210301-21:50:10-11302,runattr,,,replication,#57,
Exponential-capacity-3257-20210301-21:50:10-11302,runattr,,,resultdir,results,
Exponential-capacity-3257-20210301-21:50:10-11302,runattr,,,runnumber,3257,
Exponential-capacity-3257-20210301-21:50:10-11302,runattr,,,seedset,57,
Exponential-capacity-3257-20210301-21:50:10-11302,param,,,**.t,2s,
Exponential-capacity-3257-20210301-21:50:10-11302,param,,,**.k,20ms,
Exponential-capacity-3257-20210301-21:50:10-11302,param,,,**.X,2s,
Exponential-capacity-3257-20210301-21:50:10-11302,param,,,**.m,0.5s,
Exponential-capacity-3257-20210301-21:50:10-11302,param,,,**.tDistribution,"""exponential""",
Exponential-capacity-3257-20210301-21:50:10-11302,param,,,**.operationMode,0,
Exponential-capacity-3257-20210301-21:50:10-11302,param,,,**.s,70 byte,
Exponential-capacity-3257-20210301-21:50:10-11302,param,,,**.dimPoolMax,10000,
Exponential-capacity-3257-20210301-21:50:10-11302,param,,,**.dimPoolMin,8000,
Exponential-capacity-3257-20210301-21:50:10-11302,param,,,**.nDL,16,
Exponential-capacity-3257-20210301-21:50:10-11302,param,,,**.nA,1,
Exponential-capacity-3257-20210301-21:50:10-11302,param,,,**.DLMaxCapacity,0,
Exponential-capacity-3257-20210301-21:50:10-11302,param,,,**.trasmitting,false,
Exponential-capacity-3259-20210301-21:50:10-11302,runattr,,,configname,Exponential-capacity,
Exponential-capacity-3259-20210301-21:50:10-11302,runattr,,,datetime,20210301-21:50:10,
Exponential-capacity-3259-20210301-21:50:10-11302,runattr,,,experiment,Exponential-capacity,
Exponential-capacity-3259-20210301-21:50:10-11302,runattr,,,inifile,../simulations/aerocom.ini,
Exponential-capacity-3259-20210301-21:50:10-11302,runattr,,,iterationvars,"$0=20, $1=2",
Exponential-capacity-3259-20210301-21:50:10-11302,runattr,,,iterationvarsf,"20,2-",
Exponential-capacity-3259-20210301-21:50:10-11302,runattr,,,measurement,"$0=20, $1=2",
Exponential-capacity-3259-20210301-21:50:10-11302,runattr,,,network,Aerocom,
Exponential-capacity-3259-20210301-21:50:10-11302,runattr,,,processid,11302,
Exponential-capacity-3259-20210301-21:50:10-11302,runattr,,,repetition,59,
Exponential-capacity-3259-20210301-21:50:10-11302,runattr,,,replication,#59,
Exponential-capacity-3259-20210301-21:50:10-11302,runattr,,,resultdir,results,
Exponential-capacity-3259-20210301-21:50:10-11302,runattr,,,runnumber,3259,
Exponential-capacity-3259-20210301-21:50:10-11302,runattr,,,seedset,59,
Exponential-capacity-3259-20210301-21:50:10-11302,param,,,**.t,2s,
Exponential-capacity-3259-20210301-21:50:10-11302,param,,,**.k,20ms,
Exponential-capacity-3259-20210301-21:50:10-11302,param,,,**.X,2s,
Exponential-capacity-3259-20210301-21:50:10-11302,param,,,**.m,0.5s,
Exponential-capacity-3259-20210301-21:50:10-11302,param,,,**.tDistribution,"""exponential""",
Exponential-capacity-3259-20210301-21:50:10-11302,param,,,**.operationMode,0,
Exponential-capacity-3259-20210301-21:50:10-11302,param,,,**.s,70 byte,
Exponential-capacity-3259-20210301-21:50:10-11302,param,,,**.dimPoolMax,10000,
Exponential-capacity-3259-20210301-21:50:10-11302,param,,,**.dimPoolMin,8000,
Exponential-capacity-3259-20210301-21:50:10-11302,param,,,**.nDL,16,
Exponential-capacity-3259-20210301-21:50:10-11302,param,,,**.nA,1,
Exponential-capacity-3259-20210301-21:50:10-11302,param,,,**.DLMaxCapacity,0,
Exponential-capacity-3259-20210301-21:50:10-11302,param,,,**.trasmitting,false,
Exponential-capacity-3206-20210301-21:50:10-11267,runattr,,,configname,Exponential-capacity,
Exponential-capacity-3206-20210301-21:50:10-11267,runattr,,,datetime,20210301-21:50:10,
Exponential-capacity-3206-20210301-21:50:10-11267,runattr,,,experiment,Exponential-capacity,
Exponential-capacity-3206-20210301-21:50:10-11267,runattr,,,inifile,../simulations/aerocom.ini,
Exponential-capacity-3206-20210301-21:50:10-11267,runattr,,,iterationvars,"$0=20, $1=2",
Exponential-capacity-3206-20210301-21:50:10-11267,runattr,,,iterationvarsf,"20,2-",
Exponential-capacity-3206-20210301-21:50:10-11267,runattr,,,measurement,"$0=20, $1=2",
Exponential-capacity-3206-20210301-21:50:10-11267,runattr,,,network,Aerocom,
Exponential-capacity-3206-20210301-21:50:10-11267,runattr,,,processid,11267,
Exponential-capacity-3206-20210301-21:50:10-11267,runattr,,,repetition,6,
Exponential-capacity-3206-20210301-21:50:10-11267,runattr,,,replication,#6,
Exponential-capacity-3206-20210301-21:50:10-11267,runattr,,,resultdir,results,
Exponential-capacity-3206-20210301-21:50:10-11267,runattr,,,runnumber,3206,
Exponential-capacity-3206-20210301-21:50:10-11267,runattr,,,seedset,6,
Exponential-capacity-3206-20210301-21:50:10-11267,param,,,**.t,2s,
Exponential-capacity-3206-20210301-21:50:10-11267,param,,,**.k,20ms,
Exponential-capacity-3206-20210301-21:50:10-11267,param,,,**.X,2s,
Exponential-capacity-3206-20210301-21:50:10-11267,param,,,**.m,0.5s,
Exponential-capacity-3206-20210301-21:50:10-11267,param,,,**.tDistribution,"""exponential""",
Exponential-capacity-3206-20210301-21:50:10-11267,param,,,**.operationMode,0,
Exponential-capacity-3206-20210301-21:50:10-11267,param,,,**.s,70 byte,
Exponential-capacity-3206-20210301-21:50:10-11267,param,,,**.dimPoolMax,10000,
Exponential-capacity-3206-20210301-21:50:10-11267,param,,,**.dimPoolMin,8000,
Exponential-capacity-3206-20210301-21:50:10-11267,param,,,**.nDL,16,
Exponential-capacity-3206-20210301-21:50:10-11267,param,,,**.nA,1,
Exponential-capacity-3206-20210301-21:50:10-11267,param,,,**.DLMaxCapacity,0,
Exponential-capacity-3206-20210301-21:50:10-11267,param,,,**.trasmitting,false,
Exponential-capacity-3260-20210301-21:50:11-11302,runattr,,,configname,Exponential-capacity,
Exponential-capacity-3260-20210301-21:50:11-11302,runattr,,,datetime,20210301-21:50:11,
Exponential-capacity-3260-20210301-21:50:11-11302,runattr,,,experiment,Exponential-capacity,
Exponential-capacity-3260-20210301-21:50:11-11302,runattr,,,inifile,../simulations/aerocom.ini,
Exponential-capacity-3260-20210301-21:50:11-11302,runattr,,,iterationvars,"$0=20, $1=2",
Exponential-capacity-3260-20210301-21:50:11-11302,runattr,,,iterationvarsf,"20,2-",
Exponential-capacity-3260-20210301-21:50:11-11302,runattr,,,measurement,"$0=20, $1=2",
Exponential-capacity-3260-20210301-21:50:11-11302,runattr,,,network,Aerocom,
Exponential-capacity-3260-20210301-21:50:11-11302,runattr,,,processid,11302,
Exponential-capacity-3260-20210301-21:50:11-11302,runattr,,,repetition,60,
Exponential-capacity-3260-20210301-21:50:11-11302,runattr,,,replication,#60,
Exponential-capacity-3260-20210301-21:50:11-11302,runattr,,,resultdir,results,
Exponential-capacity-3260-20210301-21:50:11-11302,runattr,,,runnumber,3260,
Exponential-capacity-3260-20210301-21:50:11-11302,runattr,,,seedset,60,
Exponential-capacity-3260-20210301-21:50:11-11302,param,,,**.t,2s,
Exponential-capacity-3260-20210301-21:50:11-11302,param,,,**.k,20ms,
Exponential-capacity-3260-20210301-21:50:11-11302,param,,,**.X,2s,
Exponential-capacity-3260-20210301-21:50:11-11302,param,,,**.m,0.5s,
Exponential-capacity-3260-20210301-21:50:11-11302,param,,,**.tDistribution,"""exponential""",
Exponential-capacity-3260-20210301-21:50:11-11302,param,,,**.operationMode,0,
Exponential-capacity-3260-20210301-21:50:11-11302,param,,,**.s,70 byte,
Exponential-capacity-3260-20210301-21:50:11-11302,param,,,**.dimPoolMax,10000,
Exponential-capacity-3260-20210301-21:50:11-11302,param,,,**.dimPoolMin,8000,
Exponential-capacity-3260-20210301-21:50:11-11302,param,,,**.nDL,16,
Exponential-capacity-3260-20210301-21:50:11-11302,param,,,**.nA,1,
Exponential-capacity-3260-20210301-21:50:11-11302,param,,,**.DLMaxCapacity,0,
Exponential-capacity-3260-20210301-21:50:11-11302,param,,,**.trasmitting,false,
Exponential-capacity-3261-20210301-21:50:11-11302,runattr,,,configname,Exponential-capacity,
Exponential-capacity-3261-20210301-21:50:11-11302,runattr,,,datetime,20210301-21:50:11,
Exponential-capacity-3261-20210301-21:50:11-11302,runattr,,,experiment,Exponential-capacity,
Exponential-capacity-3261-20210301-21:50:11-11302,runattr,,,inifile,../simulations/aerocom.ini,
Exponential-capacity-3261-20210301-21:50:11-11302,runattr,,,iterationvars,"$0=20, $1=2",
Exponential-capacity-3261-20210301-21:50:11-11302,runattr,,,iterationvarsf,"20,2-",
Exponential-capacity-3261-20210301-21:50:11-11302,runattr,,,measurement,"$0=20, $1=2",
Exponential-capacity-3261-20210301-21:50:11-11302,runattr,,,network,Aerocom,
Exponential-capacity-3261-20210301-21:50:11-11302,runattr,,,processid,11302,
Exponential-capacity-3261-20210301-21:50:11-11302,runattr,,,repetition,61,
Exponential-capacity-3261-20210301-21:50:11-11302,runattr,,,replication,#61,
Exponential-capacity-3261-20210301-21:50:11-11302,runattr,,,resultdir,results,
Exponential-capacity-3261-20210301-21:50:11-11302,runattr,,,runnumber,3261,
Exponential-capacity-3261-20210301-21:50:11-11302,runattr,,,seedset,61,
Exponential-capacity-3261-20210301-21:50:11-11302,param,,,**.t,2s,
Exponential-capacity-3261-20210301-21:50:11-11302,param,,,**.k,20ms,
Exponential-capacity-3261-20210301-21:50:11-11302,param,,,**.X,2s,
Exponential-capacity-3261-20210301-21:50:11-11302,param,,,**.m,0.5s,
Exponential-capacity-3261-20210301-21:50:11-11302,param,,,**.tDistribution,"""exponential""",
Exponential-capacity-3261-20210301-21:50:11-11302,param,,,**.operationMode,0,
Exponential-capacity-3261-20210301-21:50:11-11302,param,,,**.s,70 byte,
Exponential-capacity-3261-20210301-21:50:11-11302,param,,,**.dimPoolMax,10000,
Exponential-capacity-3261-20210301-21:50:11-11302,param,,,**.dimPoolMin,8000,
Exponential-capacity-3261-20210301-21:50:11-11302,param,,,**.nDL,16,
Exponential-capacity-3261-20210301-21:50:11-11302,param,,,**.nA,1,
Exponential-capacity-3261-20210301-21:50:11-11302,param,,,**.DLMaxCapacity,0,
Exponential-capacity-3261-20210301-21:50:11-11302,param,,,**.trasmitting,false,
Exponential-capacity-3262-20210301-21:50:11-11302,runattr,,,configname,Exponential-capacity,
Exponential-capacity-3262-20210301-21:50:11-11302,runattr,,,datetime,20210301-21:50:11,
Exponential-capacity-3262-20210301-21:50:11-11302,runattr,,,experiment,Exponential-capacity,
Exponential-capacity-3262-20210301-21:50:11-11302,runattr,,,inifile,../simulations/aerocom.ini,
Exponential-capacity-3262-20210301-21:50:11-11302,runattr,,,iterationvars,"$0=20, $1=2",
Exponential-capacity-3262-20210301-21:50:11-11302,runattr,,,iterationvarsf,"20,2-",
Exponential-capacity-3262-20210301-21:50:11-11302,runattr,,,measurement,"$0=20, $1=2",
Exponential-capacity-3262-20210301-21:50:11-11302,runattr,,,network,Aerocom,
Exponential-capacity-3262-20210301-21:50:11-11302,runattr,,,processid,11302,
Exponential-capacity-3262-20210301-21:50:11-11302,runattr,,,repetition,62,
Exponential-capacity-3262-20210301-21:50:11-11302,runattr,,,replication,#62,
Exponential-capacity-3262-20210301-21:50:11-11302,runattr,,,resultdir,results,
Exponential-capacity-3262-20210301-21:50:11-11302,runattr,,,runnumber,3262,
Exponential-capacity-3262-20210301-21:50:11-11302,runattr,,,seedset,62,
Exponential-capacity-3262-20210301-21:50:11-11302,param,,,**.t,2s,
Exponential-capacity-3262-20210301-21:50:11-11302,param,,,**.k,20ms,
Exponential-capacity-3262-20210301-21:50:11-11302,param,,,**.X,2s,
Exponential-capacity-3262-20210301-21:50:11-11302,param,,,**.m,0.5s,
Exponential-capacity-3262-20210301-21:50:11-11302,param,,,**.tDistribution,"""exponential""",
Exponential-capacity-3262-20210301-21:50:11-11302,param,,,**.operationMode,0,
Exponential-capacity-3262-20210301-21:50:11-11302,param,,,**.s,70 byte,
Exponential-capacity-3262-20210301-21:50:11-11302,param,,,**.dimPoolMax,10000,
Exponential-capacity-3262-20210301-21:50:11-11302,param,,,**.dimPoolMin,8000,
Exponential-capacity-3262-20210301-21:50:11-11302,param,,,**.nDL,16,
Exponential-capacity-3262-20210301-21:50:11-11302,param,,,**.nA,1,
Exponential-capacity-3262-20210301-21:50:11-11302,param,,,**.DLMaxCapacity,0,
Exponential-capacity-3262-20210301-21:50:11-11302,param,,,**.trasmitting,false,
Exponential-capacity-3263-20210301-21:50:11-11302,runattr,,,configname,Exponential-capacity,
Exponential-capacity-3263-20210301-21:50:11-11302,runattr,,,datetime,20210301-21:50:11,
Exponential-capacity-3263-20210301-21:50:11-11302,runattr,,,experiment,Exponential-capacity,
Exponential-capacity-3263-20210301-21:50:11-11302,runattr,,,inifile,../simulations/aerocom.ini,
Exponential-capacity-3263-20210301-21:50:11-11302,runattr,,,iterationvars,"$0=20, $1=2",
Exponential-capacity-3263-20210301-21:50:11-11302,runattr,,,iterationvarsf,"20,2-",
Exponential-capacity-3263-20210301-21:50:11-11302,runattr,,,measurement,"$0=20, $1=2",
Exponential-capacity-3263-20210301-21:50:11-11302,runattr,,,network,Aerocom,
Exponential-capacity-3263-20210301-21:50:11-11302,runattr,,,processid,11302,
Exponential-capacity-3263-20210301-21:50:11-11302,runattr,,,repetition,63,
Exponential-capacity-3263-20210301-21:50:11-11302,runattr,,,replication,#63,
Exponential-capacity-3263-20210301-21:50:11-11302,runattr,,,resultdir,results,
Exponential-capacity-3263-20210301-21:50:11-11302,runattr,,,runnumber,3263,
Exponential-capacity-3263-20210301-21:50:11-11302,runattr,,,seedset,63,
Exponential-capacity-3263-20210301-21:50:11-11302,param,,,**.t,2s,
Exponential-capacity-3263-20210301-21:50:11-11302,param,,,**.k,20ms,
Exponential-capacity-3263-20210301-21:50:11-11302,param,,,**.X,2s,
Exponential-capacity-3263-20210301-21:50:11-11302,param,,,**.m,0.5s,
Exponential-capacity-3263-20210301-21:50:11-11302,param,,,**.tDistribution,"""exponential""",
Exponential-capacity-3263-20210301-21:50:11-11302,param,,,**.operationMode,0,
Exponential-capacity-3263-20210301-21:50:11-11302,param,,,**.s,70 byte,
Exponential-capacity-3263-20210301-21:50:11-11302,param,,,**.dimPoolMax,10000,
Exponential-capacity-3263-20210301-21:50:11-11302,param,,,**.dimPoolMin,8000,
Exponential-capacity-3263-20210301-21:50:11-11302,param,,,**.nDL,16,
Exponential-capacity-3263-20210301-21:50:11-11302,param,,,**.nA,1,
Exponential-capacity-3263-20210301-21:50:11-11302,param,,,**.DLMaxCapacity,0,
Exponential-capacity-3263-20210301-21:50:11-11302,param,,,**.trasmitting,false,
Exponential-capacity-3264-20210301-21:50:10-11308,runattr,,,configname,Exponential-capacity,
Exponential-capacity-3264-20210301-21:50:10-11308,runattr,,,datetime,20210301-21:50:10,
Exponential-capacity-3264-20210301-21:50:10-11308,runattr,,,experiment,Exponential-capacity,
Exponential-capacity-3264-20210301-21:50:10-11308,runattr,,,inifile,../simulations/aerocom.ini,
Exponential-capacity-3264-20210301-21:50:10-11308,runattr,,,iterationvars,"$0=20, $1=2",
Exponential-capacity-3264-20210301-21:50:10-11308,runattr,,,iterationvarsf,"20,2-",
Exponential-capacity-3264-20210301-21:50:10-11308,runattr,,,measurement,"$0=20, $1=2",
Exponential-capacity-3264-20210301-21:50:10-11308,runattr,,,network,Aerocom,
Exponential-capacity-3264-20210301-21:50:10-11308,runattr,,,processid,11308,
Exponential-capacity-3264-20210301-21:50:10-11308,runattr,,,repetition,64,
Exponential-capacity-3264-20210301-21:50:10-11308,runattr,,,replication,#64,
Exponential-capacity-3264-20210301-21:50:10-11308,runattr,,,resultdir,results,
Exponential-capacity-3264-20210301-21:50:10-11308,runattr,,,runnumber,3264,
Exponential-capacity-3264-20210301-21:50:10-11308,runattr,,,seedset,64,
Exponential-capacity-3264-20210301-21:50:10-11308,param,,,**.t,2s,
Exponential-capacity-3264-20210301-21:50:10-11308,param,,,**.k,20ms,
Exponential-capacity-3264-20210301-21:50:10-11308,param,,,**.X,2s,
Exponential-capacity-3264-20210301-21:50:10-11308,param,,,**.m,0.5s,
Exponential-capacity-3264-20210301-21:50:10-11308,param,,,**.tDistribution,"""exponential""",
Exponential-capacity-3264-20210301-21:50:10-11308,param,,,**.operationMode,0,
Exponential-capacity-3264-20210301-21:50:10-11308,param,,,**.s,70 byte,
Exponential-capacity-3264-20210301-21:50:10-11308,param,,,**.dimPoolMax,10000,
Exponential-capacity-3264-20210301-21:50:10-11308,param,,,**.dimPoolMin,8000,
Exponential-capacity-3264-20210301-21:50:10-11308,param,,,**.nDL,16,
Exponential-capacity-3264-20210301-21:50:10-11308,param,,,**.nA,1,
Exponential-capacity-3264-20210301-21:50:10-11308,param,,,**.DLMaxCapacity,0,
Exponential-capacity-3264-20210301-21:50:10-11308,param,,,**.trasmitting,false,
Exponential-capacity-3265-20210301-21:50:11-11308,runattr,,,configname,Exponential-capacity,
Exponential-capacity-3265-20210301-21:50:11-11308,runattr,,,datetime,20210301-21:50:11,
Exponential-capacity-3265-20210301-21:50:11-11308,runattr,,,experiment,Exponential-capacity,
Exponential-capacity-3265-20210301-21:50:11-11308,runattr,,,inifile,../simulations/aerocom.ini,
Exponential-capacity-3265-20210301-21:50:11-11308,runattr,,,iterationvars,"$0=20, $1=2",
Exponential-capacity-3265-20210301-21:50:11-11308,runattr,,,iterationvarsf,"20,2-",
Exponential-capacity-3265-20210301-21:50:11-11308,runattr,,,measurement,"$0=20, $1=2",
Exponential-capacity-3265-20210301-21:50:11-11308,runattr,,,network,Aerocom,
Exponential-capacity-3265-20210301-21:50:11-11308,runattr,,,processid,11308,
Exponential-capacity-3265-20210301-21:50:11-11308,runattr,,,repetition,65,
Exponential-capacity-3265-20210301-21:50:11-11308,runattr,,,replication,#65,
Exponential-capacity-3265-20210301-21:50:11-11308,runattr,,,resultdir,results,
Exponential-capacity-3265-20210301-21:50:11-11308,runattr,,,runnumber,3265,
Exponential-capacity-3265-20210301-21:50:11-11308,runattr,,,seedset,65,
Exponential-capacity-3265-20210301-21:50:11-11308,param,,,**.t,2s,
Exponential-capacity-3265-20210301-21:50:11-11308,param,,,**.k,20ms,
Exponential-capacity-3265-20210301-21:50:11-11308,param,,,**.X,2s,
Exponential-capacity-3265-20210301-21:50:11-11308,param,,,**.m,0.5s,
Exponential-capacity-3265-20210301-21:50:11-11308,param,,,**.tDistribution,"""exponential""",
Exponential-capacity-3265-20210301-21:50:11-11308,param,,,**.operationMode,0,
Exponential-capacity-3265-20210301-21:50:11-11308,param,,,**.s,70 byte,
Exponential-capacity-3265-20210301-21:50:11-11308,param,,,**.dimPoolMax,10000,
Exponential-capacity-3265-20210301-21:50:11-11308,param,,,**.dimPoolMin,8000,
Exponential-capacity-3265-20210301-21:50:11-11308,param,,,**.nDL,16,
Exponential-capacity-3265-20210301-21:50:11-11308,param,,,**.nA,1,
Exponential-capacity-3265-20210301-21:50:11-11308,param,,,**.DLMaxCapacity,0,
Exponential-capacity-3265-20210301-21:50:11-11308,param,,,**.trasmitting,false,
Exponential-capacity-3266-20210301-21:50:11-11308,runattr,,,configname,Exponential-capacity,
Exponential-capacity-3266-20210301-21:50:11-11308,runattr,,,datetime,20210301-21:50:11,
Exponential-capacity-3266-20210301-21:50:11-11308,runattr,,,experiment,Exponential-capacity,
Exponential-capacity-3266-20210301-21:50:11-11308,runattr,,,inifile,../simulations/aerocom.ini,
Exponential-capacity-3266-20210301-21:50:11-11308,runattr,,,iterationvars,"$0=20, $1=2",
Exponential-capacity-3266-20210301-21:50:11-11308,runattr,,,iterationvarsf,"20,2-",
Exponential-capacity-3266-20210301-21:50:11-11308,runattr,,,measurement,"$0=20, $1=2",
Exponential-capacity-3266-20210301-21:50:11-11308,runattr,,,network,Aerocom,
Exponential-capacity-3266-20210301-21:50:11-11308,runattr,,,processid,11308,
Exponential-capacity-3266-20210301-21:50:11-11308,runattr,,,repetition,66,
Exponential-capacity-3266-20210301-21:50:11-11308,runattr,,,replication,#66,
Exponential-capacity-3266-20210301-21:50:11-11308,runattr,,,resultdir,results,
Exponential-capacity-3266-20210301-21:50:11-11308,runattr,,,runnumber,3266,
Exponential-capacity-3266-20210301-21:50:11-11308,runattr,,,seedset,66,
Exponential-capacity-3266-20210301-21:50:11-11308,param,,,**.t,2s,
Exponential-capacity-3266-20210301-21:50:11-11308,param,,,**.k,20ms,
Exponential-capacity-3266-20210301-21:50:11-11308,param,,,**.X,2s,
Exponential-capacity-3266-20210301-21:50:11-11308,param,,,**.m,0.5s,
Exponential-capacity-3266-20210301-21:50:11-11308,param,,,**.tDistribution,"""exponential""",
Exponential-capacity-3266-20210301-21:50:11-11308,param,,,**.operationMode,0,
Exponential-capacity-3266-20210301-21:50:11-11308,param,,,**.s,70 byte,
Exponential-capacity-3266-20210301-21:50:11-11308,param,,,**.dimPoolMax,10000,
Exponential-capacity-3266-20210301-21:50:11-11308,param,,,**.dimPoolMin,8000,
Exponential-capacity-3266-20210301-21:50:11-11308,param,,,**.nDL,16,
Exponential-capacity-3266-20210301-21:50:11-11308,param,,,**.nA,1,
Exponential-capacity-3266-20210301-21:50:11-11308,param,,,**.DLMaxCapacity,0,
Exponential-capacity-3266-20210301-21:50:11-11308,param,,,**.trasmitting,false,
Exponential-capacity-3267-20210301-21:50:11-11308,runattr,,,configname,Exponential-capacity,
Exponential-capacity-3267-20210301-21:50:11-11308,runattr,,,datetime,20210301-21:50:11,
Exponential-capacity-3267-20210301-21:50:11-11308,runattr,,,experiment,Exponential-capacity,
Exponential-capacity-3267-20210301-21:50:11-11308,runattr,,,inifile,../simulations/aerocom.ini,
Exponential-capacity-3267-20210301-21:50:11-11308,runattr,,,iterationvars,"$0=20, $1=2",
Exponential-capacity-3267-20210301-21:50:11-11308,runattr,,,iterationvarsf,"20,2-",
Exponential-capacity-3267-20210301-21:50:11-11308,runattr,,,measurement,"$0=20, $1=2",
Exponential-capacity-3267-20210301-21:50:11-11308,runattr,,,network,Aerocom,
Exponential-capacity-3267-20210301-21:50:11-11308,runattr,,,processid,11308,
Exponential-capacity-3267-20210301-21:50:11-11308,runattr,,,repetition,67,
Exponential-capacity-3267-20210301-21:50:11-11308,runattr,,,replication,#67,
Exponential-capacity-3267-20210301-21:50:11-11308,runattr,,,resultdir,results,
Exponential-capacity-3267-20210301-21:50:11-11308,runattr,,,runnumber,3267,
Exponential-capacity-3267-20210301-21:50:11-11308,runattr,,,seedset,67,
Exponential-capacity-3267-20210301-21:50:11-11308,param,,,**.t,2s,
Exponential-capacity-3267-20210301-21:50:11-11308,param,,,**.k,20ms,
Exponential-capacity-3267-20210301-21:50:11-11308,param,,,**.X,2s,
Exponential-capacity-3267-20210301-21:50:11-11308,param,,,**.m,0.5s,
Exponential-capacity-3267-20210301-21:50:11-11308,param,,,**.tDistribution,"""exponential""",
Exponential-capacity-3267-20210301-21:50:11-11308,param,,,**.operationMode,0,
Exponential-capacity-3267-20210301-21:50:11-11308,param,,,**.s,70 byte,
Exponential-capacity-3267-20210301-21:50:11-11308,param,,,**.dimPoolMax,10000,
Exponential-capacity-3267-20210301-21:50:11-11308,param,,,**.dimPoolMin,8000,
Exponential-capacity-3267-20210301-21:50:11-11308,param,,,**.nDL,16,
Exponential-capacity-3267-20210301-21:50:11-11308,param,,,**.nA,1,
Exponential-capacity-3267-20210301-21:50:11-11308,param,,,**.DLMaxCapacity,0,
Exponential-capacity-3267-20210301-21:50:11-11308,param,,,**.trasmitting,false,
Exponential-capacity-3268-20210301-21:50:11-11308,runattr,,,configname,Exponential-capacity,
Exponential-capacity-3268-20210301-21:50:11-11308,runattr,,,datetime,20210301-21:50:11,
Exponential-capacity-3268-20210301-21:50:11-11308,runattr,,,experiment,Exponential-capacity,
Exponential-capacity-3268-20210301-21:50:11-11308,runattr,,,inifile,../simulations/aerocom.ini,
Exponential-capacity-3268-20210301-21:50:11-11308,runattr,,,iterationvars,"$0=20, $1=2",
Exponential-capacity-3268-20210301-21:50:11-11308,runattr,,,iterationvarsf,"20,2-",
Exponential-capacity-3268-20210301-21:50:11-11308,runattr,,,measurement,"$0=20, $1=2",
Exponential-capacity-3268-20210301-21:50:11-11308,runattr,,,network,Aerocom,
Exponential-capacity-3268-20210301-21:50:11-11308,runattr,,,processid,11308,
Exponential-capacity-3268-20210301-21:50:11-11308,runattr,,,repetition,68,
Exponential-capacity-3268-20210301-21:50:11-11308,runattr,,,replication,#68,
Exponential-capacity-3268-20210301-21:50:11-11308,runattr,,,resultdir,results,
Exponential-capacity-3268-20210301-21:50:11-11308,runattr,,,runnumber,3268,
Exponential-capacity-3268-20210301-21:50:11-11308,runattr,,,seedset,68,
Exponential-capacity-3268-20210301-21:50:11-11308,param,,,**.t,2s,
Exponential-capacity-3268-20210301-21:50:11-11308,param,,,**.k,20ms,
Exponential-capacity-3268-20210301-21:50:11-11308,param,,,**.X,2s,
Exponential-capacity-3268-20210301-21:50:11-11308,param,,,**.m,0.5s,
Exponential-capacity-3268-20210301-21:50:11-11308,param,,,**.tDistribution,"""exponential""",
Exponential-capacity-3268-20210301-21:50:11-11308,param,,,**.operationMode,0,
Exponential-capacity-3268-20210301-21:50:11-11308,param,,,**.s,70 byte,
Exponential-capacity-3268-20210301-21:50:11-11308,param,,,**.dimPoolMax,10000,
Exponential-capacity-3268-20210301-21:50:11-11308,param,,,**.dimPoolMin,8000,
Exponential-capacity-3268-20210301-21:50:11-11308,param,,,**.nDL,16,
Exponential-capacity-3268-20210301-21:50:11-11308,param,,,**.nA,1,
Exponential-capacity-3268-20210301-21:50:11-11308,param,,,**.DLMaxCapacity,0,
Exponential-capacity-3268-20210301-21:50:11-11308,param,,,**.trasmitting,false,
Exponential-capacity-3269-20210301-21:50:12-11308,runattr,,,configname,Exponential-capacity,
Exponential-capacity-3269-20210301-21:50:12-11308,runattr,,,datetime,20210301-21:50:12,
Exponential-capacity-3269-20210301-21:50:12-11308,runattr,,,experiment,Exponential-capacity,
Exponential-capacity-3269-20210301-21:50:12-11308,runattr,,,inifile,../simulations/aerocom.ini,
Exponential-capacity-3269-20210301-21:50:12-11308,runattr,,,iterationvars,"$0=20, $1=2",
Exponential-capacity-3269-20210301-21:50:12-11308,runattr,,,iterationvarsf,"20,2-",
Exponential-capacity-3269-20210301-21:50:12-11308,runattr,,,measurement,"$0=20, $1=2",
Exponential-capacity-3269-20210301-21:50:12-11308,runattr,,,network,Aerocom,
Exponential-capacity-3269-20210301-21:50:12-11308,runattr,,,processid,11308,
Exponential-capacity-3269-20210301-21:50:12-11308,runattr,,,repetition,69,
Exponential-capacity-3269-20210301-21:50:12-11308,runattr,,,replication,#69,
Exponential-capacity-3269-20210301-21:50:12-11308,runattr,,,resultdir,results,
Exponential-capacity-3269-20210301-21:50:12-11308,runattr,,,runnumber,3269,
Exponential-capacity-3269-20210301-21:50:12-11308,runattr,,,seedset,69,
Exponential-capacity-3269-20210301-21:50:12-11308,param,,,**.t,2s,
Exponential-capacity-3269-20210301-21:50:12-11308,param,,,**.k,20ms,
Exponential-capacity-3269-20210301-21:50:12-11308,param,,,**.X,2s,
Exponential-capacity-3269-20210301-21:50:12-11308,param,,,**.m,0.5s,
Exponential-capacity-3269-20210301-21:50:12-11308,param,,,**.tDistribution,"""exponential""",
Exponential-capacity-3269-20210301-21:50:12-11308,param,,,**.operationMode,0,
Exponential-capacity-3269-20210301-21:50:12-11308,param,,,**.s,70 byte,
Exponential-capacity-3269-20210301-21:50:12-11308,param,,,**.dimPoolMax,10000,
Exponential-capacity-3269-20210301-21:50:12-11308,param,,,**.dimPoolMin,8000,
Exponential-capacity-3269-20210301-21:50:12-11308,param,,,**.nDL,16,
Exponential-capacity-3269-20210301-21:50:12-11308,param,,,**.nA,1,
Exponential-capacity-3269-20210301-21:50:12-11308,param,,,**.DLMaxCapacity,0,
Exponential-capacity-3269-20210301-21:50:12-11308,param,,,**.trasmitting,false,
Exponential-capacity-3207-20210301-21:50:10-11267,runattr,,,configname,Exponential-capacity,
Exponential-capacity-3207-20210301-21:50:10-11267,runattr,,,datetime,20210301-21:50:10,
Exponential-capacity-3207-20210301-21:50:10-11267,runattr,,,experiment,Exponential-capacity,
Exponential-capacity-3207-20210301-21:50:10-11267,runattr,,,inifile,../simulations/aerocom.ini,
Exponential-capacity-3207-20210301-21:50:10-11267,runattr,,,iterationvars,"$0=20, $1=2",
Exponential-capacity-3207-20210301-21:50:10-11267,runattr,,,iterationvarsf,"20,2-",
Exponential-capacity-3207-20210301-21:50:10-11267,runattr,,,measurement,"$0=20, $1=2",
Exponential-capacity-3207-20210301-21:50:10-11267,runattr,,,network,Aerocom,
Exponential-capacity-3207-20210301-21:50:10-11267,runattr,,,processid,11267,
Exponential-capacity-3207-20210301-21:50:10-11267,runattr,,,repetition,7,
Exponential-capacity-3207-20210301-21:50:10-11267,runattr,,,replication,#7,
Exponential-capacity-3207-20210301-21:50:10-11267,runattr,,,resultdir,results,
Exponential-capacity-3207-20210301-21:50:10-11267,runattr,,,runnumber,3207,
Exponential-capacity-3207-20210301-21:50:10-11267,runattr,,,seedset,7,
Exponential-capacity-3207-20210301-21:50:10-11267,param,,,**.t,2s,
Exponential-capacity-3207-20210301-21:50:10-11267,param,,,**.k,20ms,
Exponential-capacity-3207-20210301-21:50:10-11267,param,,,**.X,2s,
Exponential-capacity-3207-20210301-21:50:10-11267,param,,,**.m,0.5s,
Exponential-capacity-3207-20210301-21:50:10-11267,param,,,**.tDistribution,"""exponential""",
Exponential-capacity-3207-20210301-21:50:10-11267,param,,,**.operationMode,0,
Exponential-capacity-3207-20210301-21:50:10-11267,param,,,**.s,70 byte,
Exponential-capacity-3207-20210301-21:50:10-11267,param,,,**.dimPoolMax,10000,
Exponential-capacity-3207-20210301-21:50:10-11267,param,,,**.dimPoolMin,8000,
Exponential-capacity-3207-20210301-21:50:10-11267,param,,,**.nDL,16,
Exponential-capacity-3207-20210301-21:50:10-11267,param,,,**.nA,1,
Exponential-capacity-3207-20210301-21:50:10-11267,param,,,**.DLMaxCapacity,0,
Exponential-capacity-3207-20210301-21:50:10-11267,param,,,**.trasmitting,false,
Exponential-capacity-3270-20210301-21:50:12-11308,runattr,,,configname,Exponential-capacity,
Exponential-capacity-3270-20210301-21:50:12-11308,runattr,,,datetime,20210301-21:50:12,
Exponential-capacity-3270-20210301-21:50:12-11308,runattr,,,experiment,Exponential-capacity,
Exponential-capacity-3270-20210301-21:50:12-11308,runattr,,,inifile,../simulations/aerocom.ini,
Exponential-capacity-3270-20210301-21:50:12-11308,runattr,,,iterationvars,"$0=20, $1=2",
Exponential-capacity-3270-20210301-21:50:12-11308,runattr,,,iterationvarsf,"20,2-",
Exponential-capacity-3270-20210301-21:50:12-11308,runattr,,,measurement,"$0=20, $1=2",
Exponential-capacity-3270-20210301-21:50:12-11308,runattr,,,network,Aerocom,
Exponential-capacity-3270-20210301-21:50:12-11308,runattr,,,processid,11308,
Exponential-capacity-3270-20210301-21:50:12-11308,runattr,,,repetition,70,
Exponential-capacity-3270-20210301-21:50:12-11308,runattr,,,replication,#70,
Exponential-capacity-3270-20210301-21:50:12-11308,runattr,,,resultdir,results,
Exponential-capacity-3270-20210301-21:50:12-11308,runattr,,,runnumber,3270,
Exponential-capacity-3270-20210301-21:50:12-11308,runattr,,,seedset,70,
Exponential-capacity-3270-20210301-21:50:12-11308,param,,,**.t,2s,
Exponential-capacity-3270-20210301-21:50:12-11308,param,,,**.k,20ms,
Exponential-capacity-3270-20210301-21:50:12-11308,param,,,**.X,2s,
Exponential-capacity-3270-20210301-21:50:12-11308,param,,,**.m,0.5s,
Exponential-capacity-3270-20210301-21:50:12-11308,param,,,**.tDistribution,"""exponential""",
Exponential-capacity-3270-20210301-21:50:12-11308,param,,,**.operationMode,0,
Exponential-capacity-3270-20210301-21:50:12-11308,param,,,**.s,70 byte,
Exponential-capacity-3270-20210301-21:50:12-11308,param,,,**.dimPoolMax,10000,
Exponential-capacity-3270-20210301-21:50:12-11308,param,,,**.dimPoolMin,8000,
Exponential-capacity-3270-20210301-21:50:12-11308,param,,,**.nDL,16,
Exponential-capacity-3270-20210301-21:50:12-11308,param,,,**.nA,1,
Exponential-capacity-3270-20210301-21:50:12-11308,param,,,**.DLMaxCapacity,0,
Exponential-capacity-3270-20210301-21:50:12-11308,param,,,**.trasmitting,false,
Exponential-capacity-3271-20210301-21:50:12-11308,runattr,,,configname,Exponential-capacity,
Exponential-capacity-3271-20210301-21:50:12-11308,runattr,,,datetime,20210301-21:50:12,
Exponential-capacity-3271-20210301-21:50:12-11308,runattr,,,experiment,Exponential-capacity,
Exponential-capacity-3271-20210301-21:50:12-11308,runattr,,,inifile,../simulations/aerocom.ini,
Exponential-capacity-3271-20210301-21:50:12-11308,runattr,,,iterationvars,"$0=20, $1=2",
Exponential-capacity-3271-20210301-21:50:12-11308,runattr,,,iterationvarsf,"20,2-",
Exponential-capacity-3271-20210301-21:50:12-11308,runattr,,,measurement,"$0=20, $1=2",
Exponential-capacity-3271-20210301-21:50:12-11308,runattr,,,network,Aerocom,
Exponential-capacity-3271-20210301-21:50:12-11308,runattr,,,processid,11308,
Exponential-capacity-3271-20210301-21:50:12-11308,runattr,,,repetition,71,
Exponential-capacity-3271-20210301-21:50:12-11308,runattr,,,replication,#71,
Exponential-capacity-3271-20210301-21:50:12-11308,runattr,,,resultdir,results,
Exponential-capacity-3271-20210301-21:50:12-11308,runattr,,,runnumber,3271,
Exponential-capacity-3271-20210301-21:50:12-11308,runattr,,,seedset,71,
Exponential-capacity-3271-20210301-21:50:12-11308,param,,,**.t,2s,
Exponential-capacity-3271-20210301-21:50:12-11308,param,,,**.k,20ms,
Exponential-capacity-3271-20210301-21:50:12-11308,param,,,**.X,2s,
Exponential-capacity-3271-20210301-21:50:12-11308,param,,,**.m,0.5s,
Exponential-capacity-3271-20210301-21:50:12-11308,param,,,**.tDistribution,"""exponential""",
Exponential-capacity-3271-20210301-21:50:12-11308,param,,,**.operationMode,0,
Exponential-capacity-3271-20210301-21:50:12-11308,param,,,**.s,70 byte,
Exponential-capacity-3271-20210301-21:50:12-11308,param,,,**.dimPoolMax,10000,
Exponential-capacity-3271-20210301-21:50:12-11308,param,,,**.dimPoolMin,8000,
Exponential-capacity-3271-20210301-21:50:12-11308,param,,,**.nDL,16,
Exponential-capacity-3271-20210301-21:50:12-11308,param,,,**.nA,1,
Exponential-capacity-3271-20210301-21:50:12-11308,param,,,**.DLMaxCapacity,0,
Exponential-capacity-3271-20210301-21:50:12-11308,param,,,**.trasmitting,false,
Exponential-capacity-3272-20210301-21:50:11-11313,runattr,,,configname,Exponential-capacity,
Exponential-capacity-3272-20210301-21:50:11-11313,runattr,,,datetime,20210301-21:50:11,
Exponential-capacity-3272-20210301-21:50:11-11313,runattr,,,experiment,Exponential-capacity,
Exponential-capacity-3272-20210301-21:50:11-11313,runattr,,,inifile,../simulations/aerocom.ini,
Exponential-capacity-3272-20210301-21:50:11-11313,runattr,,,iterationvars,"$0=20, $1=2",
Exponential-capacity-3272-20210301-21:50:11-11313,runattr,,,iterationvarsf,"20,2-",
Exponential-capacity-3272-20210301-21:50:11-11313,runattr,,,measurement,"$0=20, $1=2",
Exponential-capacity-3272-20210301-21:50:11-11313,runattr,,,network,Aerocom,
Exponential-capacity-3272-20210301-21:50:11-11313,runattr,,,processid,11313,
Exponential-capacity-3272-20210301-21:50:11-11313,runattr,,,repetition,72,
Exponential-capacity-3272-20210301-21:50:11-11313,runattr,,,replication,#72,
Exponential-capacity-3272-20210301-21:50:11-11313,runattr,,,resultdir,results,
Exponential-capacity-3272-20210301-21:50:11-11313,runattr,,,runnumber,3272,
Exponential-capacity-3272-20210301-21:50:11-11313,runattr,,,seedset,72,
Exponential-capacity-3272-20210301-21:50:11-11313,param,,,**.t,2s,
Exponential-capacity-3272-20210301-21:50:11-11313,param,,,**.k,20ms,
Exponential-capacity-3272-20210301-21:50:11-11313,param,,,**.X,2s,
Exponential-capacity-3272-20210301-21:50:11-11313,param,,,**.m,0.5s,
Exponential-capacity-3272-20210301-21:50:11-11313,param,,,**.tDistribution,"""exponential""",
Exponential-capacity-3272-20210301-21:50:11-11313,param,,,**.operationMode,0,
Exponential-capacity-3272-20210301-21:50:11-11313,param,,,**.s,70 byte,
Exponential-capacity-3272-20210301-21:50:11-11313,param,,,**.dimPoolMax,10000,
Exponential-capacity-3272-20210301-21:50:11-11313,param,,,**.dimPoolMin,8000,
Exponential-capacity-3272-20210301-21:50:11-11313,param,,,**.nDL,16,
Exponential-capacity-3272-20210301-21:50:11-11313,param,,,**.nA,1,
Exponential-capacity-3272-20210301-21:50:11-11313,param,,,**.DLMaxCapacity,0,
Exponential-capacity-3272-20210301-21:50:11-11313,param,,,**.trasmitting,false,
Exponential-capacity-3273-20210301-21:50:11-11313,runattr,,,configname,Exponential-capacity,
Exponential-capacity-3273-20210301-21:50:11-11313,runattr,,,datetime,20210301-21:50:11,
Exponential-capacity-3273-20210301-21:50:11-11313,runattr,,,experiment,Exponential-capacity,
Exponential-capacity-3273-20210301-21:50:11-11313,runattr,,,inifile,../simulations/aerocom.ini,
Exponential-capacity-3273-20210301-21:50:11-11313,runattr,,,iterationvars,"$0=20, $1=2",
Exponential-capacity-3273-20210301-21:50:11-11313,runattr,,,iterationvarsf,"20,2-",
Exponential-capacity-3273-20210301-21:50:11-11313,runattr,,,measurement,"$0=20, $1=2",
Exponential-capacity-3273-20210301-21:50:11-11313,runattr,,,network,Aerocom,
Exponential-capacity-3273-20210301-21:50:11-11313,runattr,,,processid,11313,
Exponential-capacity-3273-20210301-21:50:11-11313,runattr,,,repetition,73,
Exponential-capacity-3273-20210301-21:50:11-11313,runattr,,,replication,#73,
Exponential-capacity-3273-20210301-21:50:11-11313,runattr,,,resultdir,results,
Exponential-capacity-3273-20210301-21:50:11-11313,runattr,,,runnumber,3273,
Exponential-capacity-3273-20210301-21:50:11-11313,runattr,,,seedset,73,
Exponential-capacity-3273-20210301-21:50:11-11313,param,,,**.t,2s,
Exponential-capacity-3273-20210301-21:50:11-11313,param,,,**.k,20ms,
Exponential-capacity-3273-20210301-21:50:11-11313,param,,,**.X,2s,
Exponential-capacity-3273-20210301-21:50:11-11313,param,,,**.m,0.5s,
Exponential-capacity-3273-20210301-21:50:11-11313,param,,,**.tDistribution,"""exponential""",
Exponential-capacity-3273-20210301-21:50:11-11313,param,,,**.operationMode,0,
Exponential-capacity-3273-20210301-21:50:11-11313,param,,,**.s,70 byte,
Exponential-capacity-3273-20210301-21:50:11-11313,param,,,**.dimPoolMax,10000,
Exponential-capacity-3273-20210301-21:50:11-11313,param,,,**.dimPoolMin,8000,
Exponential-capacity-3273-20210301-21:50:11-11313,param,,,**.nDL,16,
Exponential-capacity-3273-20210301-21:50:11-11313,param,,,**.nA,1,
Exponential-capacity-3273-20210301-21:50:11-11313,param,,,**.DLMaxCapacity,0,
Exponential-capacity-3273-20210301-21:50:11-11313,param,,,**.trasmitting,false,
Exponential-capacity-3274-20210301-21:50:11-11313,runattr,,,configname,Exponential-capacity,
Exponential-capacity-3274-20210301-21:50:11-11313,runattr,,,datetime,20210301-21:50:11,
Exponential-capacity-3274-20210301-21:50:11-11313,runattr,,,experiment,Exponential-capacity,
Exponential-capacity-3274-20210301-21:50:11-11313,runattr,,,inifile,../simulations/aerocom.ini,
Exponential-capacity-3274-20210301-21:50:11-11313,runattr,,,iterationvars,"$0=20, $1=2",
Exponential-capacity-3274-20210301-21:50:11-11313,runattr,,,iterationvarsf,"20,2-",
Exponential-capacity-3274-20210301-21:50:11-11313,runattr,,,measurement,"$0=20, $1=2",
Exponential-capacity-3274-20210301-21:50:11-11313,runattr,,,network,Aerocom,
Exponential-capacity-3274-20210301-21:50:11-11313,runattr,,,processid,11313,
Exponential-capacity-3274-20210301-21:50:11-11313,runattr,,,repetition,74,
Exponential-capacity-3274-20210301-21:50:11-11313,runattr,,,replication,#74,
Exponential-capacity-3274-20210301-21:50:11-11313,runattr,,,resultdir,results,
Exponential-capacity-3274-20210301-21:50:11-11313,runattr,,,runnumber,3274,
Exponential-capacity-3274-20210301-21:50:11-11313,runattr,,,seedset,74,
Exponential-capacity-3274-20210301-21:50:11-11313,param,,,**.t,2s,
Exponential-capacity-3274-20210301-21:50:11-11313,param,,,**.k,20ms,
Exponential-capacity-3274-20210301-21:50:11-11313,param,,,**.X,2s,
Exponential-capacity-3274-20210301-21:50:11-11313,param,,,**.m,0.5s,
Exponential-capacity-3274-20210301-21:50:11-11313,param,,,**.tDistribution,"""exponential""",
Exponential-capacity-3274-20210301-21:50:11-11313,param,,,**.operationMode,0,
Exponential-capacity-3274-20210301-21:50:11-11313,param,,,**.s,70 byte,
Exponential-capacity-3274-20210301-21:50:11-11313,param,,,**.dimPoolMax,10000,
Exponential-capacity-3274-20210301-21:50:11-11313,param,,,**.dimPoolMin,8000,
Exponential-capacity-3274-20210301-21:50:11-11313,param,,,**.nDL,16,
Exponential-capacity-3274-20210301-21:50:11-11313,param,,,**.nA,1,
Exponential-capacity-3274-20210301-21:50:11-11313,param,,,**.DLMaxCapacity,0,
Exponential-capacity-3274-20210301-21:50:11-11313,param,,,**.trasmitting,false,
Exponential-capacity-3275-20210301-21:50:12-11313,runattr,,,configname,Exponential-capacity,
Exponential-capacity-3275-20210301-21:50:12-11313,runattr,,,datetime,20210301-21:50:12,
Exponential-capacity-3275-20210301-21:50:12-11313,runattr,,,experiment,Exponential-capacity,
Exponential-capacity-3275-20210301-21:50:12-11313,runattr,,,inifile,../simulations/aerocom.ini,
Exponential-capacity-3275-20210301-21:50:12-11313,runattr,,,iterationvars,"$0=20, $1=2",
Exponential-capacity-3275-20210301-21:50:12-11313,runattr,,,iterationvarsf,"20,2-",
Exponential-capacity-3275-20210301-21:50:12-11313,runattr,,,measurement,"$0=20, $1=2",
Exponential-capacity-3275-20210301-21:50:12-11313,runattr,,,network,Aerocom,
Exponential-capacity-3275-20210301-21:50:12-11313,runattr,,,processid,11313,
Exponential-capacity-3275-20210301-21:50:12-11313,runattr,,,repetition,75,
Exponential-capacity-3275-20210301-21:50:12-11313,runattr,,,replication,#75,
Exponential-capacity-3275-20210301-21:50:12-11313,runattr,,,resultdir,results,
Exponential-capacity-3275-20210301-21:50:12-11313,runattr,,,runnumber,3275,
Exponential-capacity-3275-20210301-21:50:12-11313,runattr,,,seedset,75,
Exponential-capacity-3275-20210301-21:50:12-11313,param,,,**.t,2s,
Exponential-capacity-3275-20210301-21:50:12-11313,param,,,**.k,20ms,
Exponential-capacity-3275-20210301-21:50:12-11313,param,,,**.X,2s,
Exponential-capacity-3275-20210301-21:50:12-11313,param,,,**.m,0.5s,
Exponential-capacity-3275-20210301-21:50:12-11313,param,,,**.tDistribution,"""exponential""",
Exponential-capacity-3275-20210301-21:50:12-11313,param,,,**.operationMode,0,
Exponential-capacity-3275-20210301-21:50:12-11313,param,,,**.s,70 byte,
Exponential-capacity-3275-20210301-21:50:12-11313,param,,,**.dimPoolMax,10000,
Exponential-capacity-3275-20210301-21:50:12-11313,param,,,**.dimPoolMin,8000,
Exponential-capacity-3275-20210301-21:50:12-11313,param,,,**.nDL,16,
Exponential-capacity-3275-20210301-21:50:12-11313,param,,,**.nA,1,
Exponential-capacity-3275-20210301-21:50:12-11313,param,,,**.DLMaxCapacity,0,
Exponential-capacity-3275-20210301-21:50:12-11313,param,,,**.trasmitting,false,
Exponential-capacity-3276-20210301-21:50:12-11313,runattr,,,configname,Exponential-capacity,
Exponential-capacity-3276-20210301-21:50:12-11313,runattr,,,datetime,20210301-21:50:12,
Exponential-capacity-3276-20210301-21:50:12-11313,runattr,,,experiment,Exponential-capacity,
Exponential-capacity-3276-20210301-21:50:12-11313,runattr,,,inifile,../simulations/aerocom.ini,
Exponential-capacity-3276-20210301-21:50:12-11313,runattr,,,iterationvars,"$0=20, $1=2",
Exponential-capacity-3276-20210301-21:50:12-11313,runattr,,,iterationvarsf,"20,2-",
Exponential-capacity-3276-20210301-21:50:12-11313,runattr,,,measurement,"$0=20, $1=2",
Exponential-capacity-3276-20210301-21:50:12-11313,runattr,,,network,Aerocom,
Exponential-capacity-3276-20210301-21:50:12-11313,runattr,,,processid,11313,
Exponential-capacity-3276-20210301-21:50:12-11313,runattr,,,repetition,76,
Exponential-capacity-3276-20210301-21:50:12-11313,runattr,,,replication,#76,
Exponential-capacity-3276-20210301-21:50:12-11313,runattr,,,resultdir,results,
Exponential-capacity-3276-20210301-21:50:12-11313,runattr,,,runnumber,3276,
Exponential-capacity-3276-20210301-21:50:12-11313,runattr,,,seedset,76,
Exponential-capacity-3276-20210301-21:50:12-11313,param,,,**.t,2s,
Exponential-capacity-3276-20210301-21:50:12-11313,param,,,**.k,20ms,
Exponential-capacity-3276-20210301-21:50:12-11313,param,,,**.X,2s,
Exponential-capacity-3276-20210301-21:50:12-11313,param,,,**.m,0.5s,
Exponential-capacity-3276-20210301-21:50:12-11313,param,,,**.tDistribution,"""exponential""",
Exponential-capacity-3276-20210301-21:50:12-11313,param,,,**.operationMode,0,
Exponential-capacity-3276-20210301-21:50:12-11313,param,,,**.s,70 byte,
Exponential-capacity-3276-20210301-21:50:12-11313,param,,,**.dimPoolMax,10000,
Exponential-capacity-3276-20210301-21:50:12-11313,param,,,**.dimPoolMin,8000,
Exponential-capacity-3276-20210301-21:50:12-11313,param,,,**.nDL,16,
Exponential-capacity-3276-20210301-21:50:12-11313,param,,,**.nA,1,
Exponential-capacity-3276-20210301-21:50:12-11313,param,,,**.DLMaxCapacity,0,
Exponential-capacity-3276-20210301-21:50:12-11313,param,,,**.trasmitting,false,
Exponential-capacity-3277-20210301-21:50:12-11313,runattr,,,configname,Exponential-capacity,
Exponential-capacity-3277-20210301-21:50:12-11313,runattr,,,datetime,20210301-21:50:12,
Exponential-capacity-3277-20210301-21:50:12-11313,runattr,,,experiment,Exponential-capacity,
Exponential-capacity-3277-20210301-21:50:12-11313,runattr,,,inifile,../simulations/aerocom.ini,
Exponential-capacity-3277-20210301-21:50:12-11313,runattr,,,iterationvars,"$0=20, $1=2",
Exponential-capacity-3277-20210301-21:50:12-11313,runattr,,,iterationvarsf,"20,2-",
Exponential-capacity-3277-20210301-21:50:12-11313,runattr,,,measurement,"$0=20, $1=2",
Exponential-capacity-3277-20210301-21:50:12-11313,runattr,,,network,Aerocom,
Exponential-capacity-3277-20210301-21:50:12-11313,runattr,,,processid,11313,
Exponential-capacity-3277-20210301-21:50:12-11313,runattr,,,repetition,77,
Exponential-capacity-3277-20210301-21:50:12-11313,runattr,,,replication,#77,
Exponential-capacity-3277-20210301-21:50:12-11313,runattr,,,resultdir,results,
Exponential-capacity-3277-20210301-21:50:12-11313,runattr,,,runnumber,3277,
Exponential-capacity-3277-20210301-21:50:12-11313,runattr,,,seedset,77,
Exponential-capacity-3277-20210301-21:50:12-11313,param,,,**.t,2s,
Exponential-capacity-3277-20210301-21:50:12-11313,param,,,**.k,20ms,
Exponential-capacity-3277-20210301-21:50:12-11313,param,,,**.X,2s,
Exponential-capacity-3277-20210301-21:50:12-11313,param,,,**.m,0.5s,
Exponential-capacity-3277-20210301-21:50:12-11313,param,,,**.tDistribution,"""exponential""",
Exponential-capacity-3277-20210301-21:50:12-11313,param,,,**.operationMode,0,
Exponential-capacity-3277-20210301-21:50:12-11313,param,,,**.s,70 byte,
Exponential-capacity-3277-20210301-21:50:12-11313,param,,,**.dimPoolMax,10000,
Exponential-capacity-3277-20210301-21:50:12-11313,param,,,**.dimPoolMin,8000,
Exponential-capacity-3277-20210301-21:50:12-11313,param,,,**.nDL,16,
Exponential-capacity-3277-20210301-21:50:12-11313,param,,,**.nA,1,
Exponential-capacity-3277-20210301-21:50:12-11313,param,,,**.DLMaxCapacity,0,
Exponential-capacity-3277-20210301-21:50:12-11313,param,,,**.trasmitting,false,
Exponential-capacity-3278-20210301-21:50:12-11313,runattr,,,configname,Exponential-capacity,
Exponential-capacity-3278-20210301-21:50:12-11313,runattr,,,datetime,20210301-21:50:12,
Exponential-capacity-3278-20210301-21:50:12-11313,runattr,,,experiment,Exponential-capacity,
Exponential-capacity-3278-20210301-21:50:12-11313,runattr,,,inifile,../simulations/aerocom.ini,
Exponential-capacity-3278-20210301-21:50:12-11313,runattr,,,iterationvars,"$0=20, $1=2",
Exponential-capacity-3278-20210301-21:50:12-11313,runattr,,,iterationvarsf,"20,2-",
Exponential-capacity-3278-20210301-21:50:12-11313,runattr,,,measurement,"$0=20, $1=2",
Exponential-capacity-3278-20210301-21:50:12-11313,runattr,,,network,Aerocom,
Exponential-capacity-3278-20210301-21:50:12-11313,runattr,,,processid,11313,
Exponential-capacity-3278-20210301-21:50:12-11313,runattr,,,repetition,78,
Exponential-capacity-3278-20210301-21:50:12-11313,runattr,,,replication,#78,
Exponential-capacity-3278-20210301-21:50:12-11313,runattr,,,resultdir,results,
Exponential-capacity-3278-20210301-21:50:12-11313,runattr,,,runnumber,3278,
Exponential-capacity-3278-20210301-21:50:12-11313,runattr,,,seedset,78,
Exponential-capacity-3278-20210301-21:50:12-11313,param,,,**.t,2s,
Exponential-capacity-3278-20210301-21:50:12-11313,param,,,**.k,20ms,
Exponential-capacity-3278-20210301-21:50:12-11313,param,,,**.X,2s,
Exponential-capacity-3278-20210301-21:50:12-11313,param,,,**.m,0.5s,
Exponential-capacity-3278-20210301-21:50:12-11313,param,,,**.tDistribution,"""exponential""",
Exponential-capacity-3278-20210301-21:50:12-11313,param,,,**.operationMode,0,
Exponential-capacity-3278-20210301-21:50:12-11313,param,,,**.s,70 byte,
Exponential-capacity-3278-20210301-21:50:12-11313,param,,,**.dimPoolMax,10000,
Exponential-capacity-3278-20210301-21:50:12-11313,param,,,**.dimPoolMin,8000,
Exponential-capacity-3278-20210301-21:50:12-11313,param,,,**.nDL,16,
Exponential-capacity-3278-20210301-21:50:12-11313,param,,,**.nA,1,
Exponential-capacity-3278-20210301-21:50:12-11313,param,,,**.DLMaxCapacity,0,
Exponential-capacity-3278-20210301-21:50:12-11313,param,,,**.trasmitting,false,
Exponential-capacity-3279-20210301-21:50:13-11313,runattr,,,configname,Exponential-capacity,
Exponential-capacity-3279-20210301-21:50:13-11313,runattr,,,datetime,20210301-21:50:13,
Exponential-capacity-3279-20210301-21:50:13-11313,runattr,,,experiment,Exponential-capacity,
Exponential-capacity-3279-20210301-21:50:13-11313,runattr,,,inifile,../simulations/aerocom.ini,
Exponential-capacity-3279-20210301-21:50:13-11313,runattr,,,iterationvars,"$0=20, $1=2",
Exponential-capacity-3279-20210301-21:50:13-11313,runattr,,,iterationvarsf,"20,2-",
Exponential-capacity-3279-20210301-21:50:13-11313,runattr,,,measurement,"$0=20, $1=2",
Exponential-capacity-3279-20210301-21:50:13-11313,runattr,,,network,Aerocom,
Exponential-capacity-3279-20210301-21:50:13-11313,runattr,,,processid,11313,
Exponential-capacity-3279-20210301-21:50:13-11313,runattr,,,repetition,79,
Exponential-capacity-3279-20210301-21:50:13-11313,runattr,,,replication,#79,
Exponential-capacity-3279-20210301-21:50:13-11313,runattr,,,resultdir,results,
Exponential-capacity-3279-20210301-21:50:13-11313,runattr,,,runnumber,3279,
Exponential-capacity-3279-20210301-21:50:13-11313,runattr,,,seedset,79,
Exponential-capacity-3279-20210301-21:50:13-11313,param,,,**.t,2s,
Exponential-capacity-3279-20210301-21:50:13-11313,param,,,**.k,20ms,
Exponential-capacity-3279-20210301-21:50:13-11313,param,,,**.X,2s,
Exponential-capacity-3279-20210301-21:50:13-11313,param,,,**.m,0.5s,
Exponential-capacity-3279-20210301-21:50:13-11313,param,,,**.tDistribution,"""exponential""",
Exponential-capacity-3279-20210301-21:50:13-11313,param,,,**.operationMode,0,
Exponential-capacity-3279-20210301-21:50:13-11313,param,,,**.s,70 byte,
Exponential-capacity-3279-20210301-21:50:13-11313,param,,,**.dimPoolMax,10000,
Exponential-capacity-3279-20210301-21:50:13-11313,param,,,**.dimPoolMin,8000,
Exponential-capacity-3279-20210301-21:50:13-11313,param,,,**.nDL,16,
Exponential-capacity-3279-20210301-21:50:13-11313,param,,,**.nA,1,
Exponential-capacity-3279-20210301-21:50:13-11313,param,,,**.DLMaxCapacity,0,
Exponential-capacity-3279-20210301-21:50:13-11313,param,,,**.trasmitting,false,
Exponential-capacity-3208-20210301-21:50:08-11272,runattr,,,configname,Exponential-capacity,
Exponential-capacity-3208-20210301-21:50:08-11272,runattr,,,datetime,20210301-21:50:08,
Exponential-capacity-3208-20210301-21:50:08-11272,runattr,,,experiment,Exponential-capacity,
Exponential-capacity-3208-20210301-21:50:08-11272,runattr,,,inifile,../simulations/aerocom.ini,
Exponential-capacity-3208-20210301-21:50:08-11272,runattr,,,iterationvars,"$0=20, $1=2",
Exponential-capacity-3208-20210301-21:50:08-11272,runattr,,,iterationvarsf,"20,2-",
Exponential-capacity-3208-20210301-21:50:08-11272,runattr,,,measurement,"$0=20, $1=2",
Exponential-capacity-3208-20210301-21:50:08-11272,runattr,,,network,Aerocom,
Exponential-capacity-3208-20210301-21:50:08-11272,runattr,,,processid,11272,
Exponential-capacity-3208-20210301-21:50:08-11272,runattr,,,repetition,8,
Exponential-capacity-3208-20210301-21:50:08-11272,runattr,,,replication,#8,
Exponential-capacity-3208-20210301-21:50:08-11272,runattr,,,resultdir,results,
Exponential-capacity-3208-20210301-21:50:08-11272,runattr,,,runnumber,3208,
Exponential-capacity-3208-20210301-21:50:08-11272,runattr,,,seedset,8,
Exponential-capacity-3208-20210301-21:50:08-11272,param,,,**.t,2s,
Exponential-capacity-3208-20210301-21:50:08-11272,param,,,**.k,20ms,
Exponential-capacity-3208-20210301-21:50:08-11272,param,,,**.X,2s,
Exponential-capacity-3208-20210301-21:50:08-11272,param,,,**.m,0.5s,
Exponential-capacity-3208-20210301-21:50:08-11272,param,,,**.tDistribution,"""exponential""",
Exponential-capacity-3208-20210301-21:50:08-11272,param,,,**.operationMode,0,
Exponential-capacity-3208-20210301-21:50:08-11272,param,,,**.s,70 byte,
Exponential-capacity-3208-20210301-21:50:08-11272,param,,,**.dimPoolMax,10000,
Exponential-capacity-3208-20210301-21:50:08-11272,param,,,**.dimPoolMin,8000,
Exponential-capacity-3208-20210301-21:50:08-11272,param,,,**.nDL,16,
Exponential-capacity-3208-20210301-21:50:08-11272,param,,,**.nA,1,
Exponential-capacity-3208-20210301-21:50:08-11272,param,,,**.DLMaxCapacity,0,
Exponential-capacity-3208-20210301-21:50:08-11272,param,,,**.trasmitting,false,
Exponential-capacity-3280-20210301-21:50:11-11318,runattr,,,configname,Exponential-capacity,
Exponential-capacity-3280-20210301-21:50:11-11318,runattr,,,datetime,20210301-21:50:11,
Exponential-capacity-3280-20210301-21:50:11-11318,runattr,,,experiment,Exponential-capacity,
Exponential-capacity-3280-20210301-21:50:11-11318,runattr,,,inifile,../simulations/aerocom.ini,
Exponential-capacity-3280-20210301-21:50:11-11318,runattr,,,iterationvars,"$0=20, $1=2",
Exponential-capacity-3280-20210301-21:50:11-11318,runattr,,,iterationvarsf,"20,2-",
Exponential-capacity-3280-20210301-21:50:11-11318,runattr,,,measurement,"$0=20, $1=2",
Exponential-capacity-3280-20210301-21:50:11-11318,runattr,,,network,Aerocom,
Exponential-capacity-3280-20210301-21:50:11-11318,runattr,,,processid,11318,
Exponential-capacity-3280-20210301-21:50:11-11318,runattr,,,repetition,80,
Exponential-capacity-3280-20210301-21:50:11-11318,runattr,,,replication,#80,
Exponential-capacity-3280-20210301-21:50:11-11318,runattr,,,resultdir,results,
Exponential-capacity-3280-20210301-21:50:11-11318,runattr,,,runnumber,3280,
Exponential-capacity-3280-20210301-21:50:11-11318,runattr,,,seedset,80,
Exponential-capacity-3280-20210301-21:50:11-11318,param,,,**.t,2s,
Exponential-capacity-3280-20210301-21:50:11-11318,param,,,**.k,20ms,
Exponential-capacity-3280-20210301-21:50:11-11318,param,,,**.X,2s,
Exponential-capacity-3280-20210301-21:50:11-11318,param,,,**.m,0.5s,
Exponential-capacity-3280-20210301-21:50:11-11318,param,,,**.tDistribution,"""exponential""",
Exponential-capacity-3280-20210301-21:50:11-11318,param,,,**.operationMode,0,
Exponential-capacity-3280-20210301-21:50:11-11318,param,,,**.s,70 byte,
Exponential-capacity-3280-20210301-21:50:11-11318,param,,,**.dimPoolMax,10000,
Exponential-capacity-3280-20210301-21:50:11-11318,param,,,**.dimPoolMin,8000,
Exponential-capacity-3280-20210301-21:50:11-11318,param,,,**.nDL,16,
Exponential-capacity-3280-20210301-21:50:11-11318,param,,,**.nA,1,
Exponential-capacity-3280-20210301-21:50:11-11318,param,,,**.DLMaxCapacity,0,
Exponential-capacity-3280-20210301-21:50:11-11318,param,,,**.trasmitting,false,
Exponential-capacity-3281-20210301-21:50:11-11318,runattr,,,configname,Exponential-capacity,
Exponential-capacity-3281-20210301-21:50:11-11318,runattr,,,datetime,20210301-21:50:11,
Exponential-capacity-3281-20210301-21:50:11-11318,runattr,,,experiment,Exponential-capacity,
Exponential-capacity-3281-20210301-21:50:11-11318,runattr,,,inifile,../simulations/aerocom.ini,
Exponential-capacity-3281-20210301-21:50:11-11318,runattr,,,iterationvars,"$0=20, $1=2",
Exponential-capacity-3281-20210301-21:50:11-11318,runattr,,,iterationvarsf,"20,2-",
Exponential-capacity-3281-20210301-21:50:11-11318,runattr,,,measurement,"$0=20, $1=2",
Exponential-capacity-3281-20210301-21:50:11-11318,runattr,,,network,Aerocom,
Exponential-capacity-3281-20210301-21:50:11-11318,runattr,,,processid,11318,
Exponential-capacity-3281-20210301-21:50:11-11318,runattr,,,repetition,81,
Exponential-capacity-3281-20210301-21:50:11-11318,runattr,,,replication,#81,
Exponential-capacity-3281-20210301-21:50:11-11318,runattr,,,resultdir,results,
Exponential-capacity-3281-20210301-21:50:11-11318,runattr,,,runnumber,3281,
Exponential-capacity-3281-20210301-21:50:11-11318,runattr,,,seedset,81,
Exponential-capacity-3281-20210301-21:50:11-11318,param,,,**.t,2s,
Exponential-capacity-3281-20210301-21:50:11-11318,param,,,**.k,20ms,
Exponential-capacity-3281-20210301-21:50:11-11318,param,,,**.X,2s,
Exponential-capacity-3281-20210301-21:50:11-11318,param,,,**.m,0.5s,
Exponential-capacity-3281-20210301-21:50:11-11318,param,,,**.tDistribution,"""exponential""",
Exponential-capacity-3281-20210301-21:50:11-11318,param,,,**.operationMode,0,
Exponential-capacity-3281-20210301-21:50:11-11318,param,,,**.s,70 byte,
Exponential-capacity-3281-20210301-21:50:11-11318,param,,,**.dimPoolMax,10000,
Exponential-capacity-3281-20210301-21:50:11-11318,param,,,**.dimPoolMin,8000,
Exponential-capacity-3281-20210301-21:50:11-11318,param,,,**.nDL,16,
Exponential-capacity-3281-20210301-21:50:11-11318,param,,,**.nA,1,
Exponential-capacity-3281-20210301-21:50:11-11318,param,,,**.DLMaxCapacity,0,
Exponential-capacity-3281-20210301-21:50:11-11318,param,,,**.trasmitting,false,
Exponential-capacity-3282-20210301-21:50:11-11318,runattr,,,configname,Exponential-capacity,
Exponential-capacity-3282-20210301-21:50:11-11318,runattr,,,datetime,20210301-21:50:11,
Exponential-capacity-3282-20210301-21:50:11-11318,runattr,,,experiment,Exponential-capacity,
Exponential-capacity-3282-20210301-21:50:11-11318,runattr,,,inifile,../simulations/aerocom.ini,
Exponential-capacity-3282-20210301-21:50:11-11318,runattr,,,iterationvars,"$0=20, $1=2",
Exponential-capacity-3282-20210301-21:50:11-11318,runattr,,,iterationvarsf,"20,2-",
Exponential-capacity-3282-20210301-21:50:11-11318,runattr,,,measurement,"$0=20, $1=2",
Exponential-capacity-3282-20210301-21:50:11-11318,runattr,,,network,Aerocom,
Exponential-capacity-3282-20210301-21:50:11-11318,runattr,,,processid,11318,
Exponential-capacity-3282-20210301-21:50:11-11318,runattr,,,repetition,82,
Exponential-capacity-3282-20210301-21:50:11-11318,runattr,,,replication,#82,
Exponential-capacity-3282-20210301-21:50:11-11318,runattr,,,resultdir,results,
Exponential-capacity-3282-20210301-21:50:11-11318,runattr,,,runnumber,3282,
Exponential-capacity-3282-20210301-21:50:11-11318,runattr,,,seedset,82,
Exponential-capacity-3282-20210301-21:50:11-11318,param,,,**.t,2s,
Exponential-capacity-3282-20210301-21:50:11-11318,param,,,**.k,20ms,
Exponential-capacity-3282-20210301-21:50:11-11318,param,,,**.X,2s,
Exponential-capacity-3282-20210301-21:50:11-11318,param,,,**.m,0.5s,
Exponential-capacity-3282-20210301-21:50:11-11318,param,,,**.tDistribution,"""exponential""",
Exponential-capacity-3282-20210301-21:50:11-11318,param,,,**.operationMode,0,
Exponential-capacity-3282-20210301-21:50:11-11318,param,,,**.s,70 byte,
Exponential-capacity-3282-20210301-21:50:11-11318,param,,,**.dimPoolMax,10000,
Exponential-capacity-3282-20210301-21:50:11-11318,param,,,**.dimPoolMin,8000,
Exponential-capacity-3282-20210301-21:50:11-11318,param,,,**.nDL,16,
Exponential-capacity-3282-20210301-21:50:11-11318,param,,,**.nA,1,
Exponential-capacity-3282-20210301-21:50:11-11318,param,,,**.DLMaxCapacity,0,
Exponential-capacity-3282-20210301-21:50:11-11318,param,,,**.trasmitting,false,
Exponential-capacity-3283-20210301-21:50:12-11318,runattr,,,configname,Exponential-capacity,
Exponential-capacity-3283-20210301-21:50:12-11318,runattr,,,datetime,20210301-21:50:12,
Exponential-capacity-3283-20210301-21:50:12-11318,runattr,,,experiment,Exponential-capacity,
Exponential-capacity-3283-20210301-21:50:12-11318,runattr,,,inifile,../simulations/aerocom.ini,
Exponential-capacity-3283-20210301-21:50:12-11318,runattr,,,iterationvars,"$0=20, $1=2",
Exponential-capacity-3283-20210301-21:50:12-11318,runattr,,,iterationvarsf,"20,2-",
Exponential-capacity-3283-20210301-21:50:12-11318,runattr,,,measurement,"$0=20, $1=2",
Exponential-capacity-3283-20210301-21:50:12-11318,runattr,,,network,Aerocom,
Exponential-capacity-3283-20210301-21:50:12-11318,runattr,,,processid,11318,
Exponential-capacity-3283-20210301-21:50:12-11318,runattr,,,repetition,83,
Exponential-capacity-3283-20210301-21:50:12-11318,runattr,,,replication,#83,
Exponential-capacity-3283-20210301-21:50:12-11318,runattr,,,resultdir,results,
Exponential-capacity-3283-20210301-21:50:12-11318,runattr,,,runnumber,3283,
Exponential-capacity-3283-20210301-21:50:12-11318,runattr,,,seedset,83,
Exponential-capacity-3283-20210301-21:50:12-11318,param,,,**.t,2s,
Exponential-capacity-3283-20210301-21:50:12-11318,param,,,**.k,20ms,
Exponential-capacity-3283-20210301-21:50:12-11318,param,,,**.X,2s,
Exponential-capacity-3283-20210301-21:50:12-11318,param,,,**.m,0.5s,
Exponential-capacity-3283-20210301-21:50:12-11318,param,,,**.tDistribution,"""exponential""",
Exponential-capacity-3283-20210301-21:50:12-11318,param,,,**.operationMode,0,
Exponential-capacity-3283-20210301-21:50:12-11318,param,,,**.s,70 byte,
Exponential-capacity-3283-20210301-21:50:12-11318,param,,,**.dimPoolMax,10000,
Exponential-capacity-3283-20210301-21:50:12-11318,param,,,**.dimPoolMin,8000,
Exponential-capacity-3283-20210301-21:50:12-11318,param,,,**.nDL,16,
Exponential-capacity-3283-20210301-21:50:12-11318,param,,,**.nA,1,
Exponential-capacity-3283-20210301-21:50:12-11318,param,,,**.DLMaxCapacity,0,
Exponential-capacity-3283-20210301-21:50:12-11318,param,,,**.trasmitting,false,
Exponential-capacity-3284-20210301-21:50:12-11318,runattr,,,configname,Exponential-capacity,
Exponential-capacity-3284-20210301-21:50:12-11318,runattr,,,datetime,20210301-21:50:12,
Exponential-capacity-3284-20210301-21:50:12-11318,runattr,,,experiment,Exponential-capacity,
Exponential-capacity-3284-20210301-21:50:12-11318,runattr,,,inifile,../simulations/aerocom.ini,
Exponential-capacity-3284-20210301-21:50:12-11318,runattr,,,iterationvars,"$0=20, $1=2",
Exponential-capacity-3284-20210301-21:50:12-11318,runattr,,,iterationvarsf,"20,2-",
Exponential-capacity-3284-20210301-21:50:12-11318,runattr,,,measurement,"$0=20, $1=2",
Exponential-capacity-3284-20210301-21:50:12-11318,runattr,,,network,Aerocom,
Exponential-capacity-3284-20210301-21:50:12-11318,runattr,,,processid,11318,
Exponential-capacity-3284-20210301-21:50:12-11318,runattr,,,repetition,84,
Exponential-capacity-3284-20210301-21:50:12-11318,runattr,,,replication,#84,
Exponential-capacity-3284-20210301-21:50:12-11318,runattr,,,resultdir,results,
Exponential-capacity-3284-20210301-21:50:12-11318,runattr,,,runnumber,3284,
Exponential-capacity-3284-20210301-21:50:12-11318,runattr,,,seedset,84,
Exponential-capacity-3284-20210301-21:50:12-11318,param,,,**.t,2s,
Exponential-capacity-3284-20210301-21:50:12-11318,param,,,**.k,20ms,
Exponential-capacity-3284-20210301-21:50:12-11318,param,,,**.X,2s,
Exponential-capacity-3284-20210301-21:50:12-11318,param,,,**.m,0.5s,
Exponential-capacity-3284-20210301-21:50:12-11318,param,,,**.tDistribution,"""exponential""",
Exponential-capacity-3284-20210301-21:50:12-11318,param,,,**.operationMode,0,
Exponential-capacity-3284-20210301-21:50:12-11318,param,,,**.s,70 byte,
Exponential-capacity-3284-20210301-21:50:12-11318,param,,,**.dimPoolMax,10000,
Exponential-capacity-3284-20210301-21:50:12-11318,param,,,**.dimPoolMin,8000,
Exponential-capacity-3284-20210301-21:50:12-11318,param,,,**.nDL,16,
Exponential-capacity-3284-20210301-21:50:12-11318,param,,,**.nA,1,
Exponential-capacity-3284-20210301-21:50:12-11318,param,,,**.DLMaxCapacity,0,
Exponential-capacity-3284-20210301-21:50:12-11318,param,,,**.trasmitting,false,
Exponential-capacity-3285-20210301-21:50:12-11318,runattr,,,configname,Exponential-capacity,
Exponential-capacity-3285-20210301-21:50:12-11318,runattr,,,datetime,20210301-21:50:12,
Exponential-capacity-3285-20210301-21:50:12-11318,runattr,,,experiment,Exponential-capacity,
Exponential-capacity-3285-20210301-21:50:12-11318,runattr,,,inifile,../simulations/aerocom.ini,
Exponential-capacity-3285-20210301-21:50:12-11318,runattr,,,iterationvars,"$0=20, $1=2",
Exponential-capacity-3285-20210301-21:50:12-11318,runattr,,,iterationvarsf,"20,2-",
Exponential-capacity-3285-20210301-21:50:12-11318,runattr,,,measurement,"$0=20, $1=2",
Exponential-capacity-3285-20210301-21:50:12-11318,runattr,,,network,Aerocom,
Exponential-capacity-3285-20210301-21:50:12-11318,runattr,,,processid,11318,
Exponential-capacity-3285-20210301-21:50:12-11318,runattr,,,repetition,85,
Exponential-capacity-3285-20210301-21:50:12-11318,runattr,,,replication,#85,
Exponential-capacity-3285-20210301-21:50:12-11318,runattr,,,resultdir,results,
Exponential-capacity-3285-20210301-21:50:12-11318,runattr,,,runnumber,3285,
Exponential-capacity-3285-20210301-21:50:12-11318,runattr,,,seedset,85,
Exponential-capacity-3285-20210301-21:50:12-11318,param,,,**.t,2s,
Exponential-capacity-3285-20210301-21:50:12-11318,param,,,**.k,20ms,
Exponential-capacity-3285-20210301-21:50:12-11318,param,,,**.X,2s,
Exponential-capacity-3285-20210301-21:50:12-11318,param,,,**.m,0.5s,
Exponential-capacity-3285-20210301-21:50:12-11318,param,,,**.tDistribution,"""exponential""",
Exponential-capacity-3285-20210301-21:50:12-11318,param,,,**.operationMode,0,
Exponential-capacity-3285-20210301-21:50:12-11318,param,,,**.s,70 byte,
Exponential-capacity-3285-20210301-21:50:12-11318,param,,,**.dimPoolMax,10000,
Exponential-capacity-3285-20210301-21:50:12-11318,param,,,**.dimPoolMin,8000,
Exponential-capacity-3285-20210301-21:50:12-11318,param,,,**.nDL,16,
Exponential-capacity-3285-20210301-21:50:12-11318,param,,,**.nA,1,
Exponential-capacity-3285-20210301-21:50:12-11318,param,,,**.DLMaxCapacity,0,
Exponential-capacity-3285-20210301-21:50:12-11318,param,,,**.trasmitting,false,
Exponential-capacity-3286-20210301-21:50:13-11318,runattr,,,configname,Exponential-capacity,
Exponential-capacity-3286-20210301-21:50:13-11318,runattr,,,datetime,20210301-21:50:13,
Exponential-capacity-3286-20210301-21:50:13-11318,runattr,,,experiment,Exponential-capacity,
Exponential-capacity-3286-20210301-21:50:13-11318,runattr,,,inifile,../simulations/aerocom.ini,
Exponential-capacity-3286-20210301-21:50:13-11318,runattr,,,iterationvars,"$0=20, $1=2",
Exponential-capacity-3286-20210301-21:50:13-11318,runattr,,,iterationvarsf,"20,2-",
Exponential-capacity-3286-20210301-21:50:13-11318,runattr,,,measurement,"$0=20, $1=2",
Exponential-capacity-3286-20210301-21:50:13-11318,runattr,,,network,Aerocom,
Exponential-capacity-3286-20210301-21:50:13-11318,runattr,,,processid,11318,
Exponential-capacity-3286-20210301-21:50:13-11318,runattr,,,repetition,86,
Exponential-capacity-3286-20210301-21:50:13-11318,runattr,,,replication,#86,
Exponential-capacity-3286-20210301-21:50:13-11318,runattr,,,resultdir,results,
Exponential-capacity-3286-20210301-21:50:13-11318,runattr,,,runnumber,3286,
Exponential-capacity-3286-20210301-21:50:13-11318,runattr,,,seedset,86,
Exponential-capacity-3286-20210301-21:50:13-11318,param,,,**.t,2s,
Exponential-capacity-3286-20210301-21:50:13-11318,param,,,**.k,20ms,
Exponential-capacity-3286-20210301-21:50:13-11318,param,,,**.X,2s,
Exponential-capacity-3286-20210301-21:50:13-11318,param,,,**.m,0.5s,
Exponential-capacity-3286-20210301-21:50:13-11318,param,,,**.tDistribution,"""exponential""",
Exponential-capacity-3286-20210301-21:50:13-11318,param,,,**.operationMode,0,
Exponential-capacity-3286-20210301-21:50:13-11318,param,,,**.s,70 byte,
Exponential-capacity-3286-20210301-21:50:13-11318,param,,,**.dimPoolMax,10000,
Exponential-capacity-3286-20210301-21:50:13-11318,param,,,**.dimPoolMin,8000,
Exponential-capacity-3286-20210301-21:50:13-11318,param,,,**.nDL,16,
Exponential-capacity-3286-20210301-21:50:13-11318,param,,,**.nA,1,
Exponential-capacity-3286-20210301-21:50:13-11318,param,,,**.DLMaxCapacity,0,
Exponential-capacity-3286-20210301-21:50:13-11318,param,,,**.trasmitting,false,
Exponential-capacity-3287-20210301-21:50:13-11318,runattr,,,configname,Exponential-capacity,
Exponential-capacity-3287-20210301-21:50:13-11318,runattr,,,datetime,20210301-21:50:13,
Exponential-capacity-3287-20210301-21:50:13-11318,runattr,,,experiment,Exponential-capacity,
Exponential-capacity-3287-20210301-21:50:13-11318,runattr,,,inifile,../simulations/aerocom.ini,
Exponential-capacity-3287-20210301-21:50:13-11318,runattr,,,iterationvars,"$0=20, $1=2",
Exponential-capacity-3287-20210301-21:50:13-11318,runattr,,,iterationvarsf,"20,2-",
Exponential-capacity-3287-20210301-21:50:13-11318,runattr,,,measurement,"$0=20, $1=2",
Exponential-capacity-3287-20210301-21:50:13-11318,runattr,,,network,Aerocom,
Exponential-capacity-3287-20210301-21:50:13-11318,runattr,,,processid,11318,
Exponential-capacity-3287-20210301-21:50:13-11318,runattr,,,repetition,87,
Exponential-capacity-3287-20210301-21:50:13-11318,runattr,,,replication,#87,
Exponential-capacity-3287-20210301-21:50:13-11318,runattr,,,resultdir,results,
Exponential-capacity-3287-20210301-21:50:13-11318,runattr,,,runnumber,3287,
Exponential-capacity-3287-20210301-21:50:13-11318,runattr,,,seedset,87,
Exponential-capacity-3287-20210301-21:50:13-11318,param,,,**.t,2s,
Exponential-capacity-3287-20210301-21:50:13-11318,param,,,**.k,20ms,
Exponential-capacity-3287-20210301-21:50:13-11318,param,,,**.X,2s,
Exponential-capacity-3287-20210301-21:50:13-11318,param,,,**.m,0.5s,
Exponential-capacity-3287-20210301-21:50:13-11318,param,,,**.tDistribution,"""exponential""",
Exponential-capacity-3287-20210301-21:50:13-11318,param,,,**.operationMode,0,
Exponential-capacity-3287-20210301-21:50:13-11318,param,,,**.s,70 byte,
Exponential-capacity-3287-20210301-21:50:13-11318,param,,,**.dimPoolMax,10000,
Exponential-capacity-3287-20210301-21:50:13-11318,param,,,**.dimPoolMin,8000,
Exponential-capacity-3287-20210301-21:50:13-11318,param,,,**.nDL,16,
Exponential-capacity-3287-20210301-21:50:13-11318,param,,,**.nA,1,
Exponential-capacity-3287-20210301-21:50:13-11318,param,,,**.DLMaxCapacity,0,
Exponential-capacity-3287-20210301-21:50:13-11318,param,,,**.trasmitting,false,
Exponential-capacity-3288-20210301-21:50:11-11323,runattr,,,configname,Exponential-capacity,
Exponential-capacity-3288-20210301-21:50:11-11323,runattr,,,datetime,20210301-21:50:11,
Exponential-capacity-3288-20210301-21:50:11-11323,runattr,,,experiment,Exponential-capacity,
Exponential-capacity-3288-20210301-21:50:11-11323,runattr,,,inifile,../simulations/aerocom.ini,
Exponential-capacity-3288-20210301-21:50:11-11323,runattr,,,iterationvars,"$0=20, $1=2",
Exponential-capacity-3288-20210301-21:50:11-11323,runattr,,,iterationvarsf,"20,2-",
Exponential-capacity-3288-20210301-21:50:11-11323,runattr,,,measurement,"$0=20, $1=2",
Exponential-capacity-3288-20210301-21:50:11-11323,runattr,,,network,Aerocom,
Exponential-capacity-3288-20210301-21:50:11-11323,runattr,,,processid,11323,
Exponential-capacity-3288-20210301-21:50:11-11323,runattr,,,repetition,88,
Exponential-capacity-3288-20210301-21:50:11-11323,runattr,,,replication,#88,
Exponential-capacity-3288-20210301-21:50:11-11323,runattr,,,resultdir,results,
Exponential-capacity-3288-20210301-21:50:11-11323,runattr,,,runnumber,3288,
Exponential-capacity-3288-20210301-21:50:11-11323,runattr,,,seedset,88,
Exponential-capacity-3288-20210301-21:50:11-11323,param,,,**.t,2s,
Exponential-capacity-3288-20210301-21:50:11-11323,param,,,**.k,20ms,
Exponential-capacity-3288-20210301-21:50:11-11323,param,,,**.X,2s,
Exponential-capacity-3288-20210301-21:50:11-11323,param,,,**.m,0.5s,
Exponential-capacity-3288-20210301-21:50:11-11323,param,,,**.tDistribution,"""exponential""",
Exponential-capacity-3288-20210301-21:50:11-11323,param,,,**.operationMode,0,
Exponential-capacity-3288-20210301-21:50:11-11323,param,,,**.s,70 byte,
Exponential-capacity-3288-20210301-21:50:11-11323,param,,,**.dimPoolMax,10000,
Exponential-capacity-3288-20210301-21:50:11-11323,param,,,**.dimPoolMin,8000,
Exponential-capacity-3288-20210301-21:50:11-11323,param,,,**.nDL,16,
Exponential-capacity-3288-20210301-21:50:11-11323,param,,,**.nA,1,
Exponential-capacity-3288-20210301-21:50:11-11323,param,,,**.DLMaxCapacity,0,
Exponential-capacity-3288-20210301-21:50:11-11323,param,,,**.trasmitting,false,
Exponential-capacity-3289-20210301-21:50:11-11323,runattr,,,configname,Exponential-capacity,
Exponential-capacity-3289-20210301-21:50:11-11323,runattr,,,datetime,20210301-21:50:11,
Exponential-capacity-3289-20210301-21:50:11-11323,runattr,,,experiment,Exponential-capacity,
Exponential-capacity-3289-20210301-21:50:11-11323,runattr,,,inifile,../simulations/aerocom.ini,
Exponential-capacity-3289-20210301-21:50:11-11323,runattr,,,iterationvars,"$0=20, $1=2",
Exponential-capacity-3289-20210301-21:50:11-11323,runattr,,,iterationvarsf,"20,2-",
Exponential-capacity-3289-20210301-21:50:11-11323,runattr,,,measurement,"$0=20, $1=2",
Exponential-capacity-3289-20210301-21:50:11-11323,runattr,,,network,Aerocom,
Exponential-capacity-3289-20210301-21:50:11-11323,runattr,,,processid,11323,
Exponential-capacity-3289-20210301-21:50:11-11323,runattr,,,repetition,89,
Exponential-capacity-3289-20210301-21:50:11-11323,runattr,,,replication,#89,
Exponential-capacity-3289-20210301-21:50:11-11323,runattr,,,resultdir,results,
Exponential-capacity-3289-20210301-21:50:11-11323,runattr,,,runnumber,3289,
Exponential-capacity-3289-20210301-21:50:11-11323,runattr,,,seedset,89,
Exponential-capacity-3289-20210301-21:50:11-11323,param,,,**.t,2s,
Exponential-capacity-3289-20210301-21:50:11-11323,param,,,**.k,20ms,
Exponential-capacity-3289-20210301-21:50:11-11323,param,,,**.X,2s,
Exponential-capacity-3289-20210301-21:50:11-11323,param,,,**.m,0.5s,
Exponential-capacity-3289-20210301-21:50:11-11323,param,,,**.tDistribution,"""exponential""",
Exponential-capacity-3289-20210301-21:50:11-11323,param,,,**.operationMode,0,
Exponential-capacity-3289-20210301-21:50:11-11323,param,,,**.s,70 byte,
Exponential-capacity-3289-20210301-21:50:11-11323,param,,,**.dimPoolMax,10000,
Exponential-capacity-3289-20210301-21:50:11-11323,param,,,**.dimPoolMin,8000,
Exponential-capacity-3289-20210301-21:50:11-11323,param,,,**.nDL,16,
Exponential-capacity-3289-20210301-21:50:11-11323,param,,,**.nA,1,
Exponential-capacity-3289-20210301-21:50:11-11323,param,,,**.DLMaxCapacity,0,
Exponential-capacity-3289-20210301-21:50:11-11323,param,,,**.trasmitting,false,
Exponential-capacity-3209-20210301-21:50:09-11272,runattr,,,configname,Exponential-capacity,
Exponential-capacity-3209-20210301-21:50:09-11272,runattr,,,datetime,20210301-21:50:09,
Exponential-capacity-3209-20210301-21:50:09-11272,runattr,,,experiment,Exponential-capacity,
Exponential-capacity-3209-20210301-21:50:09-11272,runattr,,,inifile,../simulations/aerocom.ini,
Exponential-capacity-3209-20210301-21:50:09-11272,runattr,,,iterationvars,"$0=20, $1=2",
Exponential-capacity-3209-20210301-21:50:09-11272,runattr,,,iterationvarsf,"20,2-",
Exponential-capacity-3209-20210301-21:50:09-11272,runattr,,,measurement,"$0=20, $1=2",
Exponential-capacity-3209-20210301-21:50:09-11272,runattr,,,network,Aerocom,
Exponential-capacity-3209-20210301-21:50:09-11272,runattr,,,processid,11272,
Exponential-capacity-3209-20210301-21:50:09-11272,runattr,,,repetition,9,
Exponential-capacity-3209-20210301-21:50:09-11272,runattr,,,replication,#9,
Exponential-capacity-3209-20210301-21:50:09-11272,runattr,,,resultdir,results,
Exponential-capacity-3209-20210301-21:50:09-11272,runattr,,,runnumber,3209,
Exponential-capacity-3209-20210301-21:50:09-11272,runattr,,,seedset,9,
Exponential-capacity-3209-20210301-21:50:09-11272,param,,,**.t,2s,
Exponential-capacity-3209-20210301-21:50:09-11272,param,,,**.k,20ms,
Exponential-capacity-3209-20210301-21:50:09-11272,param,,,**.X,2s,
Exponential-capacity-3209-20210301-21:50:09-11272,param,,,**.m,0.5s,
Exponential-capacity-3209-20210301-21:50:09-11272,param,,,**.tDistribution,"""exponential""",
Exponential-capacity-3209-20210301-21:50:09-11272,param,,,**.operationMode,0,
Exponential-capacity-3209-20210301-21:50:09-11272,param,,,**.s,70 byte,
Exponential-capacity-3209-20210301-21:50:09-11272,param,,,**.dimPoolMax,10000,
Exponential-capacity-3209-20210301-21:50:09-11272,param,,,**.dimPoolMin,8000,
Exponential-capacity-3209-20210301-21:50:09-11272,param,,,**.nDL,16,
Exponential-capacity-3209-20210301-21:50:09-11272,param,,,**.nA,1,
Exponential-capacity-3209-20210301-21:50:09-11272,param,,,**.DLMaxCapacity,0,
Exponential-capacity-3209-20210301-21:50:09-11272,param,,,**.trasmitting,false,
Exponential-capacity-3290-20210301-21:50:12-11323,runattr,,,configname,Exponential-capacity,
Exponential-capacity-3290-20210301-21:50:12-11323,runattr,,,datetime,20210301-21:50:12,
Exponential-capacity-3290-20210301-21:50:12-11323,runattr,,,experiment,Exponential-capacity,
Exponential-capacity-3290-20210301-21:50:12-11323,runattr,,,inifile,../simulations/aerocom.ini,
Exponential-capacity-3290-20210301-21:50:12-11323,runattr,,,iterationvars,"$0=20, $1=2",
Exponential-capacity-3290-20210301-21:50:12-11323,runattr,,,iterationvarsf,"20,2-",
Exponential-capacity-3290-20210301-21:50:12-11323,runattr,,,measurement,"$0=20, $1=2",
Exponential-capacity-3290-20210301-21:50:12-11323,runattr,,,network,Aerocom,
Exponential-capacity-3290-20210301-21:50:12-11323,runattr,,,processid,11323,
Exponential-capacity-3290-20210301-21:50:12-11323,runattr,,,repetition,90,
Exponential-capacity-3290-20210301-21:50:12-11323,runattr,,,replication,#90,
Exponential-capacity-3290-20210301-21:50:12-11323,runattr,,,resultdir,results,
Exponential-capacity-3290-20210301-21:50:12-11323,runattr,,,runnumber,3290,
Exponential-capacity-3290-20210301-21:50:12-11323,runattr,,,seedset,90,
Exponential-capacity-3290-20210301-21:50:12-11323,param,,,**.t,2s,
Exponential-capacity-3290-20210301-21:50:12-11323,param,,,**.k,20ms,
Exponential-capacity-3290-20210301-21:50:12-11323,param,,,**.X,2s,
Exponential-capacity-3290-20210301-21:50:12-11323,param,,,**.m,0.5s,
Exponential-capacity-3290-20210301-21:50:12-11323,param,,,**.tDistribution,"""exponential""",
Exponential-capacity-3290-20210301-21:50:12-11323,param,,,**.operationMode,0,
Exponential-capacity-3290-20210301-21:50:12-11323,param,,,**.s,70 byte,
Exponential-capacity-3290-20210301-21:50:12-11323,param,,,**.dimPoolMax,10000,
Exponential-capacity-3290-20210301-21:50:12-11323,param,,,**.dimPoolMin,8000,
Exponential-capacity-3290-20210301-21:50:12-11323,param,,,**.nDL,16,
Exponential-capacity-3290-20210301-21:50:12-11323,param,,,**.nA,1,
Exponential-capacity-3290-20210301-21:50:12-11323,param,,,**.DLMaxCapacity,0,
Exponential-capacity-3290-20210301-21:50:12-11323,param,,,**.trasmitting,false,
Exponential-capacity-3291-20210301-21:50:12-11323,runattr,,,configname,Exponential-capacity,
Exponential-capacity-3291-20210301-21:50:12-11323,runattr,,,datetime,20210301-21:50:12,
Exponential-capacity-3291-20210301-21:50:12-11323,runattr,,,experiment,Exponential-capacity,
Exponential-capacity-3291-20210301-21:50:12-11323,runattr,,,inifile,../simulations/aerocom.ini,
Exponential-capacity-3291-20210301-21:50:12-11323,runattr,,,iterationvars,"$0=20, $1=2",
Exponential-capacity-3291-20210301-21:50:12-11323,runattr,,,iterationvarsf,"20,2-",
Exponential-capacity-3291-20210301-21:50:12-11323,runattr,,,measurement,"$0=20, $1=2",
Exponential-capacity-3291-20210301-21:50:12-11323,runattr,,,network,Aerocom,
Exponential-capacity-3291-20210301-21:50:12-11323,runattr,,,processid,11323,
Exponential-capacity-3291-20210301-21:50:12-11323,runattr,,,repetition,91,
Exponential-capacity-3291-20210301-21:50:12-11323,runattr,,,replication,#91,
Exponential-capacity-3291-20210301-21:50:12-11323,runattr,,,resultdir,results,
Exponential-capacity-3291-20210301-21:50:12-11323,runattr,,,runnumber,3291,
Exponential-capacity-3291-20210301-21:50:12-11323,runattr,,,seedset,91,
Exponential-capacity-3291-20210301-21:50:12-11323,param,,,**.t,2s,
Exponential-capacity-3291-20210301-21:50:12-11323,param,,,**.k,20ms,
Exponential-capacity-3291-20210301-21:50:12-11323,param,,,**.X,2s,
Exponential-capacity-3291-20210301-21:50:12-11323,param,,,**.m,0.5s,
Exponential-capacity-3291-20210301-21:50:12-11323,param,,,**.tDistribution,"""exponential""",
Exponential-capacity-3291-20210301-21:50:12-11323,param,,,**.operationMode,0,
Exponential-capacity-3291-20210301-21:50:12-11323,param,,,**.s,70 byte,
Exponential-capacity-3291-20210301-21:50:12-11323,param,,,**.dimPoolMax,10000,
Exponential-capacity-3291-20210301-21:50:12-11323,param,,,**.dimPoolMin,8000,
Exponential-capacity-3291-20210301-21:50:12-11323,param,,,**.nDL,16,
Exponential-capacity-3291-20210301-21:50:12-11323,param,,,**.nA,1,
Exponential-capacity-3291-20210301-21:50:12-11323,param,,,**.DLMaxCapacity,0,
Exponential-capacity-3291-20210301-21:50:12-11323,param,,,**.trasmitting,false,
Exponential-capacity-3292-20210301-21:50:12-11323,runattr,,,configname,Exponential-capacity,
Exponential-capacity-3292-20210301-21:50:12-11323,runattr,,,datetime,20210301-21:50:12,
Exponential-capacity-3292-20210301-21:50:12-11323,runattr,,,experiment,Exponential-capacity,
Exponential-capacity-3292-20210301-21:50:12-11323,runattr,,,inifile,../simulations/aerocom.ini,
Exponential-capacity-3292-20210301-21:50:12-11323,runattr,,,iterationvars,"$0=20, $1=2",
Exponential-capacity-3292-20210301-21:50:12-11323,runattr,,,iterationvarsf,"20,2-",
Exponential-capacity-3292-20210301-21:50:12-11323,runattr,,,measurement,"$0=20, $1=2",
Exponential-capacity-3292-20210301-21:50:12-11323,runattr,,,network,Aerocom,
Exponential-capacity-3292-20210301-21:50:12-11323,runattr,,,processid,11323,
Exponential-capacity-3292-20210301-21:50:12-11323,runattr,,,repetition,92,
Exponential-capacity-3292-20210301-21:50:12-11323,runattr,,,replication,#92,
Exponential-capacity-3292-20210301-21:50:12-11323,runattr,,,resultdir,results,
Exponential-capacity-3292-20210301-21:50:12-11323,runattr,,,runnumber,3292,
Exponential-capacity-3292-20210301-21:50:12-11323,runattr,,,seedset,92,
Exponential-capacity-3292-20210301-21:50:12-11323,param,,,**.t,2s,
Exponential-capacity-3292-20210301-21:50:12-11323,param,,,**.k,20ms,
Exponential-capacity-3292-20210301-21:50:12-11323,param,,,**.X,2s,
Exponential-capacity-3292-20210301-21:50:12-11323,param,,,**.m,0.5s,
Exponential-capacity-3292-20210301-21:50:12-11323,param,,,**.tDistribution,"""exponential""",
Exponential-capacity-3292-20210301-21:50:12-11323,param,,,**.operationMode,0,
Exponential-capacity-3292-20210301-21:50:12-11323,param,,,**.s,70 byte,
Exponential-capacity-3292-20210301-21:50:12-11323,param,,,**.dimPoolMax,10000,
Exponential-capacity-3292-20210301-21:50:12-11323,param,,,**.dimPoolMin,8000,
Exponential-capacity-3292-20210301-21:50:12-11323,param,,,**.nDL,16,
Exponential-capacity-3292-20210301-21:50:12-11323,param,,,**.nA,1,
Exponential-capacity-3292-20210301-21:50:12-11323,param,,,**.DLMaxCapacity,0,
Exponential-capacity-3292-20210301-21:50:12-11323,param,,,**.trasmitting,false,
Exponential-capacity-3293-20210301-21:50:12-11323,runattr,,,configname,Exponential-capacity,
Exponential-capacity-3293-20210301-21:50:12-11323,runattr,,,datetime,20210301-21:50:12,
Exponential-capacity-3293-20210301-21:50:12-11323,runattr,,,experiment,Exponential-capacity,
Exponential-capacity-3293-20210301-21:50:12-11323,runattr,,,inifile,../simulations/aerocom.ini,
Exponential-capacity-3293-20210301-21:50:12-11323,runattr,,,iterationvars,"$0=20, $1=2",
Exponential-capacity-3293-20210301-21:50:12-11323,runattr,,,iterationvarsf,"20,2-",
Exponential-capacity-3293-20210301-21:50:12-11323,runattr,,,measurement,"$0=20, $1=2",
Exponential-capacity-3293-20210301-21:50:12-11323,runattr,,,network,Aerocom,
Exponential-capacity-3293-20210301-21:50:12-11323,runattr,,,processid,11323,
Exponential-capacity-3293-20210301-21:50:12-11323,runattr,,,repetition,93,
Exponential-capacity-3293-20210301-21:50:12-11323,runattr,,,replication,#93,
Exponential-capacity-3293-20210301-21:50:12-11323,runattr,,,resultdir,results,
Exponential-capacity-3293-20210301-21:50:12-11323,runattr,,,runnumber,3293,
Exponential-capacity-3293-20210301-21:50:12-11323,runattr,,,seedset,93,
Exponential-capacity-3293-20210301-21:50:12-11323,param,,,**.t,2s,
Exponential-capacity-3293-20210301-21:50:12-11323,param,,,**.k,20ms,
Exponential-capacity-3293-20210301-21:50:12-11323,param,,,**.X,2s,
Exponential-capacity-3293-20210301-21:50:12-11323,param,,,**.m,0.5s,
Exponential-capacity-3293-20210301-21:50:12-11323,param,,,**.tDistribution,"""exponential""",
Exponential-capacity-3293-20210301-21:50:12-11323,param,,,**.operationMode,0,
Exponential-capacity-3293-20210301-21:50:12-11323,param,,,**.s,70 byte,
Exponential-capacity-3293-20210301-21:50:12-11323,param,,,**.dimPoolMax,10000,
Exponential-capacity-3293-20210301-21:50:12-11323,param,,,**.dimPoolMin,8000,
Exponential-capacity-3293-20210301-21:50:12-11323,param,,,**.nDL,16,
Exponential-capacity-3293-20210301-21:50:12-11323,param,,,**.nA,1,
Exponential-capacity-3293-20210301-21:50:12-11323,param,,,**.DLMaxCapacity,0,
Exponential-capacity-3293-20210301-21:50:12-11323,param,,,**.trasmitting,false,
Exponential-capacity-3296-20210301-21:50:11-11328,runattr,,,configname,Exponential-capacity,
Exponential-capacity-3296-20210301-21:50:11-11328,runattr,,,datetime,20210301-21:50:11,
Exponential-capacity-3296-20210301-21:50:11-11328,runattr,,,experiment,Exponential-capacity,
Exponential-capacity-3296-20210301-21:50:11-11328,runattr,,,inifile,../simulations/aerocom.ini,
Exponential-capacity-3296-20210301-21:50:11-11328,runattr,,,iterationvars,"$0=20, $1=2",
Exponential-capacity-3296-20210301-21:50:11-11328,runattr,,,iterationvarsf,"20,2-",
Exponential-capacity-3296-20210301-21:50:11-11328,runattr,,,measurement,"$0=20, $1=2",
Exponential-capacity-3296-20210301-21:50:11-11328,runattr,,,network,Aerocom,
Exponential-capacity-3296-20210301-21:50:11-11328,runattr,,,processid,11328,
Exponential-capacity-3296-20210301-21:50:11-11328,runattr,,,repetition,96,
Exponential-capacity-3296-20210301-21:50:11-11328,runattr,,,replication,#96,
Exponential-capacity-3296-20210301-21:50:11-11328,runattr,,,resultdir,results,
Exponential-capacity-3296-20210301-21:50:11-11328,runattr,,,runnumber,3296,
Exponential-capacity-3296-20210301-21:50:11-11328,runattr,,,seedset,96,
Exponential-capacity-3296-20210301-21:50:11-11328,param,,,**.t,2s,
Exponential-capacity-3296-20210301-21:50:11-11328,param,,,**.k,20ms,
Exponential-capacity-3296-20210301-21:50:11-11328,param,,,**.X,2s,
Exponential-capacity-3296-20210301-21:50:11-11328,param,,,**.m,0.5s,
Exponential-capacity-3296-20210301-21:50:11-11328,param,,,**.tDistribution,"""exponential""",
Exponential-capacity-3296-20210301-21:50:11-11328,param,,,**.operationMode,0,
Exponential-capacity-3296-20210301-21:50:11-11328,param,,,**.s,70 byte,
Exponential-capacity-3296-20210301-21:50:11-11328,param,,,**.dimPoolMax,10000,
Exponential-capacity-3296-20210301-21:50:11-11328,param,,,**.dimPoolMin,8000,
Exponential-capacity-3296-20210301-21:50:11-11328,param,,,**.nDL,16,
Exponential-capacity-3296-20210301-21:50:11-11328,param,,,**.nA,1,
Exponential-capacity-3296-20210301-21:50:11-11328,param,,,**.DLMaxCapacity,0,
Exponential-capacity-3296-20210301-21:50:11-11328,param,,,**.trasmitting,false,
Exponential-capacity-3294-20210301-21:50:13-11323,runattr,,,configname,Exponential-capacity,
Exponential-capacity-3294-20210301-21:50:13-11323,runattr,,,datetime,20210301-21:50:13,
Exponential-capacity-3294-20210301-21:50:13-11323,runattr,,,experiment,Exponential-capacity,
Exponential-capacity-3294-20210301-21:50:13-11323,runattr,,,inifile,../simulations/aerocom.ini,
Exponential-capacity-3294-20210301-21:50:13-11323,runattr,,,iterationvars,"$0=20, $1=2",
Exponential-capacity-3294-20210301-21:50:13-11323,runattr,,,iterationvarsf,"20,2-",
Exponential-capacity-3294-20210301-21:50:13-11323,runattr,,,measurement,"$0=20, $1=2",
Exponential-capacity-3294-20210301-21:50:13-11323,runattr,,,network,Aerocom,
Exponential-capacity-3294-20210301-21:50:13-11323,runattr,,,processid,11323,
Exponential-capacity-3294-20210301-21:50:13-11323,runattr,,,repetition,94,
Exponential-capacity-3294-20210301-21:50:13-11323,runattr,,,replication,#94,
Exponential-capacity-3294-20210301-21:50:13-11323,runattr,,,resultdir,results,
Exponential-capacity-3294-20210301-21:50:13-11323,runattr,,,runnumber,3294,
Exponential-capacity-3294-20210301-21:50:13-11323,runattr,,,seedset,94,
Exponential-capacity-3294-20210301-21:50:13-11323,param,,,**.t,2s,
Exponential-capacity-3294-20210301-21:50:13-11323,param,,,**.k,20ms,
Exponential-capacity-3294-20210301-21:50:13-11323,param,,,**.X,2s,
Exponential-capacity-3294-20210301-21:50:13-11323,param,,,**.m,0.5s,
Exponential-capacity-3294-20210301-21:50:13-11323,param,,,**.tDistribution,"""exponential""",
Exponential-capacity-3294-20210301-21:50:13-11323,param,,,**.operationMode,0,
Exponential-capacity-3294-20210301-21:50:13-11323,param,,,**.s,70 byte,
Exponential-capacity-3294-20210301-21:50:13-11323,param,,,**.dimPoolMax,10000,
Exponential-capacity-3294-20210301-21:50:13-11323,param,,,**.dimPoolMin,8000,
Exponential-capacity-3294-20210301-21:50:13-11323,param,,,**.nDL,16,
Exponential-capacity-3294-20210301-21:50:13-11323,param,,,**.nA,1,
Exponential-capacity-3294-20210301-21:50:13-11323,param,,,**.DLMaxCapacity,0,
Exponential-capacity-3294-20210301-21:50:13-11323,param,,,**.trasmitting,false,
Exponential-capacity-3295-20210301-21:50:13-11323,runattr,,,configname,Exponential-capacity,
Exponential-capacity-3295-20210301-21:50:13-11323,runattr,,,datetime,20210301-21:50:13,
Exponential-capacity-3295-20210301-21:50:13-11323,runattr,,,experiment,Exponential-capacity,
Exponential-capacity-3295-20210301-21:50:13-11323,runattr,,,inifile,../simulations/aerocom.ini,
Exponential-capacity-3295-20210301-21:50:13-11323,runattr,,,iterationvars,"$0=20, $1=2",
Exponential-capacity-3295-20210301-21:50:13-11323,runattr,,,iterationvarsf,"20,2-",
Exponential-capacity-3295-20210301-21:50:13-11323,runattr,,,measurement,"$0=20, $1=2",
Exponential-capacity-3295-20210301-21:50:13-11323,runattr,,,network,Aerocom,
Exponential-capacity-3295-20210301-21:50:13-11323,runattr,,,processid,11323,
Exponential-capacity-3295-20210301-21:50:13-11323,runattr,,,repetition,95,
Exponential-capacity-3295-20210301-21:50:13-11323,runattr,,,replication,#95,
Exponential-capacity-3295-20210301-21:50:13-11323,runattr,,,resultdir,results,
Exponential-capacity-3295-20210301-21:50:13-11323,runattr,,,runnumber,3295,
Exponential-capacity-3295-20210301-21:50:13-11323,runattr,,,seedset,95,
Exponential-capacity-3295-20210301-21:50:13-11323,param,,,**.t,2s,
Exponential-capacity-3295-20210301-21:50:13-11323,param,,,**.k,20ms,
Exponential-capacity-3295-20210301-21:50:13-11323,param,,,**.X,2s,
Exponential-capacity-3295-20210301-21:50:13-11323,param,,,**.m,0.5s,
Exponential-capacity-3295-20210301-21:50:13-11323,param,,,**.tDistribution,"""exponential""",
Exponential-capacity-3295-20210301-21:50:13-11323,param,,,**.operationMode,0,
Exponential-capacity-3295-20210301-21:50:13-11323,param,,,**.s,70 byte,
Exponential-capacity-3295-20210301-21:50:13-11323,param,,,**.dimPoolMax,10000,
Exponential-capacity-3295-20210301-21:50:13-11323,param,,,**.dimPoolMin,8000,
Exponential-capacity-3295-20210301-21:50:13-11323,param,,,**.nDL,16,
Exponential-capacity-3295-20210301-21:50:13-11323,param,,,**.nA,1,
Exponential-capacity-3295-20210301-21:50:13-11323,param,,,**.DLMaxCapacity,0,
Exponential-capacity-3295-20210301-21:50:13-11323,param,,,**.trasmitting,false,
Exponential-capacity-3297-20210301-21:50:11-11328,runattr,,,configname,Exponential-capacity,
Exponential-capacity-3297-20210301-21:50:11-11328,runattr,,,datetime,20210301-21:50:11,
Exponential-capacity-3297-20210301-21:50:11-11328,runattr,,,experiment,Exponential-capacity,
Exponential-capacity-3297-20210301-21:50:11-11328,runattr,,,inifile,../simulations/aerocom.ini,
Exponential-capacity-3297-20210301-21:50:11-11328,runattr,,,iterationvars,"$0=20, $1=2",
Exponential-capacity-3297-20210301-21:50:11-11328,runattr,,,iterationvarsf,"20,2-",
Exponential-capacity-3297-20210301-21:50:11-11328,runattr,,,measurement,"$0=20, $1=2",
Exponential-capacity-3297-20210301-21:50:11-11328,runattr,,,network,Aerocom,
Exponential-capacity-3297-20210301-21:50:11-11328,runattr,,,processid,11328,
Exponential-capacity-3297-20210301-21:50:11-11328,runattr,,,repetition,97,
Exponential-capacity-3297-20210301-21:50:11-11328,runattr,,,replication,#97,
Exponential-capacity-3297-20210301-21:50:11-11328,runattr,,,resultdir,results,
Exponential-capacity-3297-20210301-21:50:11-11328,runattr,,,runnumber,3297,
Exponential-capacity-3297-20210301-21:50:11-11328,runattr,,,seedset,97,
Exponential-capacity-3297-20210301-21:50:11-11328,param,,,**.t,2s,
Exponential-capacity-3297-20210301-21:50:11-11328,param,,,**.k,20ms,
Exponential-capacity-3297-20210301-21:50:11-11328,param,,,**.X,2s,
Exponential-capacity-3297-20210301-21:50:11-11328,param,,,**.m,0.5s,
Exponential-capacity-3297-20210301-21:50:11-11328,param,,,**.tDistribution,"""exponential""",
Exponential-capacity-3297-20210301-21:50:11-11328,param,,,**.operationMode,0,
Exponential-capacity-3297-20210301-21:50:11-11328,param,,,**.s,70 byte,
Exponential-capacity-3297-20210301-21:50:11-11328,param,,,**.dimPoolMax,10000,
Exponential-capacity-3297-20210301-21:50:11-11328,param,,,**.dimPoolMin,8000,
Exponential-capacity-3297-20210301-21:50:11-11328,param,,,**.nDL,16,
Exponential-capacity-3297-20210301-21:50:11-11328,param,,,**.nA,1,
Exponential-capacity-3297-20210301-21:50:11-11328,param,,,**.DLMaxCapacity,0,
Exponential-capacity-3297-20210301-21:50:11-11328,param,,,**.trasmitting,false,
Exponential-capacity-3298-20210301-21:50:12-11328,runattr,,,configname,Exponential-capacity,
Exponential-capacity-3298-20210301-21:50:12-11328,runattr,,,datetime,20210301-21:50:12,
Exponential-capacity-3298-20210301-21:50:12-11328,runattr,,,experiment,Exponential-capacity,
Exponential-capacity-3298-20210301-21:50:12-11328,runattr,,,inifile,../simulations/aerocom.ini,
Exponential-capacity-3298-20210301-21:50:12-11328,runattr,,,iterationvars,"$0=20, $1=2",
Exponential-capacity-3298-20210301-21:50:12-11328,runattr,,,iterationvarsf,"20,2-",
Exponential-capacity-3298-20210301-21:50:12-11328,runattr,,,measurement,"$0=20, $1=2",
Exponential-capacity-3298-20210301-21:50:12-11328,runattr,,,network,Aerocom,
Exponential-capacity-3298-20210301-21:50:12-11328,runattr,,,processid,11328,
Exponential-capacity-3298-20210301-21:50:12-11328,runattr,,,repetition,98,
Exponential-capacity-3298-20210301-21:50:12-11328,runattr,,,replication,#98,
Exponential-capacity-3298-20210301-21:50:12-11328,runattr,,,resultdir,results,
Exponential-capacity-3298-20210301-21:50:12-11328,runattr,,,runnumber,3298,
Exponential-capacity-3298-20210301-21:50:12-11328,runattr,,,seedset,98,
Exponential-capacity-3298-20210301-21:50:12-11328,param,,,**.t,2s,
Exponential-capacity-3298-20210301-21:50:12-11328,param,,,**.k,20ms,
Exponential-capacity-3298-20210301-21:50:12-11328,param,,,**.X,2s,
Exponential-capacity-3298-20210301-21:50:12-11328,param,,,**.m,0.5s,
Exponential-capacity-3298-20210301-21:50:12-11328,param,,,**.tDistribution,"""exponential""",
Exponential-capacity-3298-20210301-21:50:12-11328,param,,,**.operationMode,0,
Exponential-capacity-3298-20210301-21:50:12-11328,param,,,**.s,70 byte,
Exponential-capacity-3298-20210301-21:50:12-11328,param,,,**.dimPoolMax,10000,
Exponential-capacity-3298-20210301-21:50:12-11328,param,,,**.dimPoolMin,8000,
Exponential-capacity-3298-20210301-21:50:12-11328,param,,,**.nDL,16,
Exponential-capacity-3298-20210301-21:50:12-11328,param,,,**.nA,1,
Exponential-capacity-3298-20210301-21:50:12-11328,param,,,**.DLMaxCapacity,0,
Exponential-capacity-3298-20210301-21:50:12-11328,param,,,**.trasmitting,false,
Exponential-capacity-3299-20210301-21:50:12-11328,runattr,,,configname,Exponential-capacity,
Exponential-capacity-3299-20210301-21:50:12-11328,runattr,,,datetime,20210301-21:50:12,
Exponential-capacity-3299-20210301-21:50:12-11328,runattr,,,experiment,Exponential-capacity,
Exponential-capacity-3299-20210301-21:50:12-11328,runattr,,,inifile,../simulations/aerocom.ini,
Exponential-capacity-3299-20210301-21:50:12-11328,runattr,,,iterationvars,"$0=20, $1=2",
Exponential-capacity-3299-20210301-21:50:12-11328,runattr,,,iterationvarsf,"20,2-",
Exponential-capacity-3299-20210301-21:50:12-11328,runattr,,,measurement,"$0=20, $1=2",
Exponential-capacity-3299-20210301-21:50:12-11328,runattr,,,network,Aerocom,
Exponential-capacity-3299-20210301-21:50:12-11328,runattr,,,processid,11328,
Exponential-capacity-3299-20210301-21:50:12-11328,runattr,,,repetition,99,
Exponential-capacity-3299-20210301-21:50:12-11328,runattr,,,replication,#99,
Exponential-capacity-3299-20210301-21:50:12-11328,runattr,,,resultdir,results,
Exponential-capacity-3299-20210301-21:50:12-11328,runattr,,,runnumber,3299,
Exponential-capacity-3299-20210301-21:50:12-11328,runattr,,,seedset,99,
Exponential-capacity-3299-20210301-21:50:12-11328,param,,,**.t,2s,
Exponential-capacity-3299-20210301-21:50:12-11328,param,,,**.k,20ms,
Exponential-capacity-3299-20210301-21:50:12-11328,param,,,**.X,2s,
Exponential-capacity-3299-20210301-21:50:12-11328,param,,,**.m,0.5s,
Exponential-capacity-3299-20210301-21:50:12-11328,param,,,**.tDistribution,"""exponential""",
Exponential-capacity-3299-20210301-21:50:12-11328,param,,,**.operationMode,0,
Exponential-capacity-3299-20210301-21:50:12-11328,param,,,**.s,70 byte,
Exponential-capacity-3299-20210301-21:50:12-11328,param,,,**.dimPoolMax,10000,
Exponential-capacity-3299-20210301-21:50:12-11328,param,,,**.dimPoolMin,8000,
Exponential-capacity-3299-20210301-21:50:12-11328,param,,,**.nDL,16,
Exponential-capacity-3299-20210301-21:50:12-11328,param,,,**.nA,1,
Exponential-capacity-3299-20210301-21:50:12-11328,param,,,**.DLMaxCapacity,0,
Exponential-capacity-3299-20210301-21:50:12-11328,param,,,**.trasmitting,false,
Exponential-capacity-3200-20210301-21:50:08-11267,scalar,Aerocom.aircraft[0].linkSelector,responseTime:mean,,,0.60034896810966
Exponential-capacity-3200-20210301-21:50:08-11267,attr,Aerocom.aircraft[0].linkSelector,responseTime:mean,,,
Exponential-capacity-3200-20210301-21:50:08-11267,attr,Aerocom.aircraft[0].linkSelector,responseTime:mean,source,computeResponseTime,
Exponential-capacity-3200-20210301-21:50:08-11267,scalar,Aerocom.aircraft[0].linkSelector,meanMalus:sum,,,13826
Exponential-capacity-3200-20210301-21:50:08-11267,attr,Aerocom.aircraft[0].linkSelector,meanMalus:sum,,,
Exponential-capacity-3200-20210301-21:50:08-11267,attr,Aerocom.aircraft[0].linkSelector,meanMalus:sum,source,computeMeanMalus,
Exponential-capacity-3200-20210301-21:50:08-11267,scalar,Aerocom.aircraft[0].linkSelector,waitingTime:mean,,,0.59311613361988
Exponential-capacity-3200-20210301-21:50:08-11267,attr,Aerocom.aircraft[0].linkSelector,waitingTime:mean,,,
Exponential-capacity-3200-20210301-21:50:08-11267,attr,Aerocom.aircraft[0].linkSelector,waitingTime:mean,source,computeWaitingTime,
Exponential-capacity-3200-20210301-21:50:08-11267,scalar,Aerocom.aircraft[0].linkSelector,serviceTime:mean,,,0.0072027203848346
Exponential-capacity-3200-20210301-21:50:08-11267,attr,Aerocom.aircraft[0].linkSelector,serviceTime:mean,,,
Exponential-capacity-3200-20210301-21:50:08-11267,attr,Aerocom.aircraft[0].linkSelector,serviceTime:mean,source,computeServiceTime,
Exponential-capacity-3200-20210301-21:50:08-11267,scalar,Aerocom.aircraft[0].linkSelector,queueLength:mean,,,29.590334534748
Exponential-capacity-3200-20210301-21:50:08-11267,attr,Aerocom.aircraft[0].linkSelector,queueLength:mean,,,
Exponential-capacity-3200-20210301-21:50:08-11267,attr,Aerocom.aircraft[0].linkSelector,queueLength:mean,source,computeQueueLength,
Exponential-capacity-3200-20210301-21:50:08-11267,scalar,Aerocom.aircraft[0].dataLink[0],sentPackets:count,,,1658
Exponential-capacity-3200-20210301-21:50:08-11267,attr,Aerocom.aircraft[0].dataLink[0],sentPackets:count,source,computeSentPackets,
Exponential-capacity-3200-20210301-21:50:08-11267,scalar,Aerocom.aircraft[0].dataLink[0],actualCapacity:mean,,,9515.0836065574
Exponential-capacity-3200-20210301-21:50:08-11267,attr,Aerocom.aircraft[0].dataLink[0],actualCapacity:mean,,,
Exponential-capacity-3200-20210301-21:50:08-11267,attr,Aerocom.aircraft[0].dataLink[0],actualCapacity:mean,source,computeActualCapacity,
Exponential-capacity-3200-20210301-21:50:08-11267,scalar,Aerocom.aircraft[0].dataLink[1],sentPackets:count,,,862
Exponential-capacity-3200-20210301-21:50:08-11267,attr,Aerocom.aircraft[0].dataLink[1],sentPackets:count,source,computeSentPackets,
Exponential-capacity-3200-20210301-21:50:08-11267,scalar,Aerocom.aircraft[0].dataLink[1],actualCapacity:mean,,,9366.7720364742
Exponential-capacity-3200-20210301-21:50:08-11267,attr,Aerocom.aircraft[0].dataLink[1],actualCapacity:mean,,,
Exponential-capacity-3200-20210301-21:50:08-11267,attr,Aerocom.aircraft[0].dataLink[1],actualCapacity:mean,source,computeActualCapacity,
Exponential-capacity-3200-20210301-21:50:08-11267,scalar,Aerocom.aircraft[0].dataLink[2],sentPackets:count,,,1647
Exponential-capacity-3200-20210301-21:50:08-11267,attr,Aerocom.aircraft[0].dataLink[2],sentPackets:count,source,computeSentPackets,
Exponential-capacity-3200-20210301-21:50:08-11267,scalar,Aerocom.aircraft[0].dataLink[2],actualCapacity:mean,,,9541.6117743928
Exponential-capacity-3200-20210301-21:50:08-11267,attr,Aerocom.aircraft[0].dataLink[2],actualCapacity:mean,,,
Exponential-capacity-3200-20210301-21:50:08-11267,attr,Aerocom.aircraft[0].dataLink[2],actualCapacity:mean,source,computeActualCapacity,
Exponential-capacity-3200-20210301-21:50:08-11267,scalar,Aerocom.aircraft[0].dataLink[3],sentPackets:count,,,1242
Exponential-capacity-3200-20210301-21:50:08-11267,attr,Aerocom.aircraft[0].dataLink[3],sentPackets:count,source,computeSentPackets,
Exponential-capacity-3200-20210301-21:50:08-11267,scalar,Aerocom.aircraft[0].dataLink[3],actualCapacity:mean,,,9441.8112648221
Exponential-capacity-3200-20210301-21:50:08-11267,attr,Aerocom.aircraft[0].dataLink[3],actualCapacity:mean,,,
Exponential-capacity-3200-20210301-21:50:08-11267,attr,Aerocom.aircraft[0].dataLink[3],actualCapacity:mean,source,computeActualCapacity,
Exponential-capacity-3200-20210301-21:50:08-11267,scalar,Aerocom.aircraft[0].dataLink[4],sentPackets:count,,,1490
Exponential-capacity-3200-20210301-21:50:08-11267,attr,Aerocom.aircraft[0].dataLink[4],sentPackets:count,source,computeSentPackets,
Exponential-capacity-3200-20210301-21:50:08-11267,scalar,Aerocom.aircraft[0].dataLink[4],actualCapacity:mean,,,9493.9767032967
Exponential-capacity-3200-20210301-21:50:08-11267,attr,Aerocom.aircraft[0].dataLink[4],actualCapacity:mean,,,
Exponential-capacity-3200-20210301-21:50:08-11267,attr,Aerocom.aircraft[0].dataLink[4],actualCapacity:mean,source,computeActualCapacity,
Exponential-capacity-3200-20210301-21:50:08-11267,scalar,Aerocom.aircraft[0].dataLink[5],sentPackets:count,,,776
Exponential-capacity-3200-20210301-21:50:08-11267,attr,Aerocom.aircraft[0].dataLink[5],sentPackets:count,source,computeSentPackets,
Exponential-capacity-3200-20210301-21:50:08-11267,scalar,Aerocom.aircraft[0].dataLink[5],actualCapacity:mean,,,9325.4849262348
Exponential-capacity-3200-20210301-21:50:08-11267,attr,Aerocom.aircraft[0].dataLink[5],actualCapacity:mean,,,
Exponential-capacity-3200-20210301-21:50:08-11267,attr,Aerocom.aircraft[0].dataLink[5],actualCapacity:mean,source,computeActualCapacity,
Exponential-capacity-3200-20210301-21:50:08-11267,scalar,Aerocom.aircraft[0].dataLink[6],sentPackets:count,,,1159
Exponential-capacity-3200-20210301-21:50:08-11267,attr,Aerocom.aircraft[0].dataLink[6],sentPackets:count,source,computeSentPackets,
Exponential-capacity-3200-20210301-21:50:08-11267,scalar,Aerocom.aircraft[0].dataLink[6],actualCapacity:mean,,,9394.5358062854
Exponential-capacity-3200-20210301-21:50:08-11267,attr,Aerocom.aircraft[0].dataLink[6],actualCapacity:mean,,,
Exponential-capacity-3200-20210301-21:50:08-11267,attr,Aerocom.aircraft[0].dataLink[6],actualCapacity:mean,source,computeActualCapacity,
Exponential-capacity-3200-20210301-21:50:08-11267,scalar,Aerocom.aircraft[0].dataLink[7],sentPackets:count,,,1182
Exponential-capacity-3200-20210301-21:50:08-11267,attr,Aerocom.aircraft[0].dataLink[7],sentPackets:count,source,computeSentPackets,
Exponential-capacity-3200-20210301-21:50:08-11267,scalar,Aerocom.aircraft[0].dataLink[7],actualCapacity:mean,,,9461.5750766088
Exponential-capacity-3200-20210301-21:50:08-11267,attr,Aerocom.aircraft[0].dataLink[7],actualCapacity:mean,,,
Exponential-capacity-3200-20210301-21:50:08-11267,attr,Aerocom.aircraft[0].dataLink[7],actualCapacity:mean,source,computeActualCapacity,
Exponential-capacity-3200-20210301-21:50:08-11267,scalar,Aerocom.aircraft[0].dataLink[8],sentPackets:count,,,921
Exponential-capacity-3200-20210301-21:50:08-11267,attr,Aerocom.aircraft[0].dataLink[8],sentPackets:count,source,computeSentPackets,
Exponential-capacity-3200-20210301-21:50:08-11267,scalar,Aerocom.aircraft[0].dataLink[8],actualCapacity:mean,,,9368.4812206573
Exponential-capacity-3200-20210301-21:50:08-11267,attr,Aerocom.aircraft[0].dataLink[8],actualCapacity:mean,,,
Exponential-capacity-3200-20210301-21:50:08-11267,attr,Aerocom.aircraft[0].dataLink[8],actualCapacity:mean,source,computeActualCapacity,
Exponential-capacity-3200-20210301-21:50:08-11267,scalar,Aerocom.aircraft[0].dataLink[9],sentPackets:count,,,1582
Exponential-capacity-3200-20210301-21:50:08-11267,attr,Aerocom.aircraft[0].dataLink[9],sentPackets:count,source,computeSentPackets,
Exponential-capacity-3200-20210301-21:50:08-11267,scalar,Aerocom.aircraft[0].dataLink[9],actualCapacity:mean,,,9508.3836371344
Exponential-capacity-3200-20210301-21:50:08-11267,attr,Aerocom.aircraft[0].dataLink[9],actualCapacity:mean,,,
Exponential-capacity-3200-20210301-21:50:08-11267,attr,Aerocom.aircraft[0].dataLink[9],actualCapacity:mean,source,computeActualCapacity,
Exponential-capacity-3200-20210301-21:50:08-11267,scalar,Aerocom.aircraft[0].dataLink[10],sentPackets:count,,,1124
Exponential-capacity-3200-20210301-21:50:08-11267,attr,Aerocom.aircraft[0].dataLink[10],sentPackets:count,source,computeSentPackets,
Exponential-capacity-3200-20210301-21:50:08-11267,scalar,Aerocom.aircraft[0].dataLink[10],actualCapacity:mean,,,9332.8394543547
Exponential-capacity-3200-20210301-21:50:08-11267,attr,Aerocom.aircraft[0].dataLink[10],actualCapacity:mean,,,
Exponential-capacity-3200-20210301-21:50:08-11267,attr,Aerocom.aircraft[0].dataLink[10],actualCapacity:mean,source,computeActualCapacity,
Exponential-capacity-3200-20210301-21:50:08-11267,scalar,Aerocom.aircraft[0].dataLink[11],sentPackets:count,,,1975
Exponential-capacity-3200-20210301-21:50:08-11267,attr,Aerocom.aircraft[0].dataLink[11],sentPackets:count,source,computeSentPackets,
Exponential-capacity-3200-20210301-21:50:08-11267,scalar,Aerocom.aircraft[0].dataLink[11],actualCapacity:mean,,,9520.6091370558
Exponential-capacity-3200-20210301-21:50:08-11267,attr,Aerocom.aircraft[0].dataLink[11],actualCapacity:mean,,,
Exponential-capacity-3200-20210301-21:50:08-11267,attr,Aerocom.aircraft[0].dataLink[11],actualCapacity:mean,source,computeActualCapacity,
Exponential-capacity-3200-20210301-21:50:08-11267,scalar,Aerocom.aircraft[0].dataLink[12],sentPackets:count,,,1291
Exponential-capacity-3200-20210301-21:50:08-11267,attr,Aerocom.aircraft[0].dataLink[12],sentPackets:count,source,computeSentPackets,
Exponential-capacity-3200-20210301-21:50:08-11267,scalar,Aerocom.aircraft[0].dataLink[12],actualCapacity:mean,,,9464.4125603865
Exponential-capacity-3200-20210301-21:50:08-11267,attr,Aerocom.aircraft[0].dataLink[12],actualCapacity:mean,,,
Exponential-capacity-3200-20210301-21:50:08-11267,attr,Aerocom.aircraft[0].dataLink[12],actualCapacity:mean,source,computeActualCapacity,
Exponential-capacity-3200-20210301-21:50:08-11267,scalar,Aerocom.aircraft[0].dataLink[13],sentPackets:count,,,783
Exponential-capacity-3200-20210301-21:50:08-11267,attr,Aerocom.aircraft[0].dataLink[13],sentPackets:count,source,computeSentPackets,
Exponential-capacity-3200-20210301-21:50:08-11267,scalar,Aerocom.aircraft[0].dataLink[13],actualCapacity:mean,,,9350.815958816
Exponential-capacity-3200-20210301-21:50:08-11267,attr,Aerocom.aircraft[0].dataLink[13],actualCapacity:mean,,,
Exponential-capacity-3200-20210301-21:50:08-11267,attr,Aerocom.aircraft[0].dataLink[13],actualCapacity:mean,source,computeActualCapacity,
Exponential-capacity-3200-20210301-21:50:08-11267,scalar,Aerocom.aircraft[0].dataLink[14],sentPackets:count,,,1095
Exponential-capacity-3200-20210301-21:50:08-11267,attr,Aerocom.aircraft[0].dataLink[14],sentPackets:count,source,computeSentPackets,
Exponential-capacity-3200-20210301-21:50:08-11267,scalar,Aerocom.aircraft[0].dataLink[14],actualCapacity:mean,,,9408.3537559936
Exponential-capacity-3200-20210301-21:50:08-11267,attr,Aerocom.aircraft[0].dataLink[14],actualCapacity:mean,,,
Exponential-capacity-3200-20210301-21:50:08-11267,attr,Aerocom.aircraft[0].dataLink[14],actualCapacity:mean,source,computeActualCapacity,
Exponential-capacity-3200-20210301-21:50:08-11267,scalar,Aerocom.aircraft[0].dataLink[15],sentPackets:count,,,911
Exponential-capacity-3200-20210301-21:50:08-11267,attr,Aerocom.aircraft[0].dataLink[15],sentPackets:count,source,computeSentPackets,
Exponential-capacity-3200-20210301-21:50:08-11267,scalar,Aerocom.aircraft[0].dataLink[15],actualCapacity:mean,,,9378.4345518868
Exponential-capacity-3200-20210301-21:50:08-11267,attr,Aerocom.aircraft[0].dataLink[15],actualCapacity:mean,,,
Exponential-capacity-3200-20210301-21:50:08-11267,attr,Aerocom.aircraft[0].dataLink[15],actualCapacity:mean,source,computeActualCapacity,
Exponential-capacity-3200-20210301-21:50:08-11267,scalar,Aerocom.controlTower,receivedPackets:count,,,19698
Exponential-capacity-3200-20210301-21:50:08-11267,attr,Aerocom.controlTower,receivedPackets:count,source,computeReceivedPackets,
Exponential-capacity-3201-20210301-21:50:08-11267,scalar,Aerocom.aircraft[0].linkSelector,responseTime:mean,,,0.55247755822632
Exponential-capacity-3201-20210301-21:50:08-11267,attr,Aerocom.aircraft[0].linkSelector,responseTime:mean,,,
Exponential-capacity-3201-20210301-21:50:08-11267,attr,Aerocom.aircraft[0].linkSelector,responseTime:mean,source,computeResponseTime,
Exponential-capacity-3201-20210301-21:50:08-11267,scalar,Aerocom.aircraft[0].linkSelector,meanMalus:sum,,,12984
Exponential-capacity-3201-20210301-21:50:08-11267,attr,Aerocom.aircraft[0].linkSelector,meanMalus:sum,,,
Exponential-capacity-3201-20210301-21:50:08-11267,attr,Aerocom.aircraft[0].linkSelector,meanMalus:sum,source,computeMeanMalus,
Exponential-capacity-3201-20210301-21:50:08-11267,scalar,Aerocom.aircraft[0].linkSelector,waitingTime:mean,,,0.5452853126909
Exponential-capacity-3201-20210301-21:50:08-11267,attr,Aerocom.aircraft[0].linkSelector,waitingTime:mean,,,
Exponential-capacity-3201-20210301-21:50:08-11267,attr,Aerocom.aircraft[0].linkSelector,waitingTime:mean,source,computeWaitingTime,
Exponential-capacity-3201-20210301-21:50:08-11267,scalar,Aerocom.aircraft[0].linkSelector,serviceTime:mean,,,0.0071922455354454
Exponential-capacity-3201-20210301-21:50:08-11267,attr,Aerocom.aircraft[0].linkSelector,serviceTime:mean,,,
Exponential-capacity-3201-20210301-21:50:08-11267,attr,Aerocom.aircraft[0].linkSelector,serviceTime:mean,source,computeServiceTime,
Exponential-capacity-3201-20210301-21:50:08-11267,scalar,Aerocom.aircraft[0].linkSelector,queueLength:mean,,,27.621807615843
Exponential-capacity-3201-20210301-21:50:08-11267,attr,Aerocom.aircraft[0].linkSelector,queueLength:mean,,,
Exponential-capacity-3201-20210301-21:50:08-11267,attr,Aerocom.aircraft[0].linkSelector,queueLength:mean,source,computeQueueLength,
Exponential-capacity-3201-20210301-21:50:08-11267,scalar,Aerocom.aircraft[0].dataLink[0],sentPackets:count,,,1752
Exponential-capacity-3201-20210301-21:50:08-11267,attr,Aerocom.aircraft[0].dataLink[0],sentPackets:count,source,computeSentPackets,
Exponential-capacity-3201-20210301-21:50:08-11267,scalar,Aerocom.aircraft[0].dataLink[0],actualCapacity:mean,,,9581.0742202921
Exponential-capacity-3201-20210301-21:50:08-11267,attr,Aerocom.aircraft[0].dataLink[0],actualCapacity:mean,,,
Exponential-capacity-3201-20210301-21:50:08-11267,attr,Aerocom.aircraft[0].dataLink[0],actualCapacity:mean,source,computeActualCapacity,
Exponential-capacity-3201-20210301-21:50:08-11267,scalar,Aerocom.aircraft[0].dataLink[1],sentPackets:count,,,1011
Exponential-capacity-3201-20210301-21:50:08-11267,attr,Aerocom.aircraft[0].dataLink[1],sentPackets:count,source,computeSentPackets,
Exponential-capacity-3201-20210301-21:50:08-11267,scalar,Aerocom.aircraft[0].dataLink[1],actualCapacity:mean,,,9386.8667038483
Exponential-capacity-3201-20210301-21:50:08-11267,attr,Aerocom.aircraft[0].dataLink[1],actualCapacity:mean,,,
Exponential-capacity-3201-20210301-21:50:08-11267,attr,Aerocom.aircraft[0].dataLink[1],actualCapacity:mean,source,computeActualCapacity,
Exponential-capacity-3201-20210301-21:50:08-11267,scalar,Aerocom.aircraft[0].dataLink[2],sentPackets:count,,,1642
Exponential-capacity-3201-20210301-21:50:08-11267,attr,Aerocom.aircraft[0].dataLink[2],sentPackets:count,source,computeSentPackets,
Exponential-capacity-3201-20210301-21:50:08-11267,scalar,Aerocom.aircraft[0].dataLink[2],actualCapacity:mean,,,9521.8004946414
Exponential-capacity-3201-20210301-21:50:08-11267,attr,Aerocom.aircraft[0].dataLink[2],actualCapacity:mean,,,
Exponential-capacity-3201-20210301-21:50:08-11267,attr,Aerocom.aircraft[0].dataLink[2],actualCapacity:mean,source,computeActualCapacity,
Exponential-capacity-3201-20210301-21:50:08-11267,scalar,Aerocom.aircraft[0].dataLink[3],sentPackets:count,,,667
Exponential-capacity-3201-20210301-21:50:08-11267,attr,Aerocom.aircraft[0].dataLink[3],sentPackets:count,source,computeSentPackets,
Exponential-capacity-3201-20210301-21:50:08-11267,scalar,Aerocom.aircraft[0].dataLink[3],actualCapacity:mean,,,9363.1648275862
Exponential-capacity-3201-20210301-21:50:08-11267,attr,Aerocom.aircraft[0].dataLink[3],actualCapacity:mean,,,
Exponential-capacity-3201-20210301-21:50:08-11267,attr,Aerocom.aircraft[0].dataLink[3],actualCapacity:mean,source,computeActualCapacity,
Exponential-capacity-3201-20210301-21:50:08-11267,scalar,Aerocom.aircraft[0].dataLink[4],sentPackets:count,,,1013
Exponential-capacity-3201-20210301-21:50:08-11267,attr,Aerocom.aircraft[0].dataLink[4],sentPackets:count,source,computeSentPackets,
Exponential-capacity-3201-20210301-21:50:08-11267,scalar,Aerocom.aircraft[0].dataLink[4],actualCapacity:mean,,,9397.4350250976
Exponential-capacity-3201-20210301-21:50:08-11267,attr,Aerocom.aircraft[0].dataLink[4],actualCapacity:mean,,,
Exponential-capacity-3201-20210301-21:50:08-11267,attr,Aerocom.aircraft[0].dataLink[4],actualCapacity:mean,source,computeActualCapacity,
Exponential-capacity-3201-20210301-21:50:08-11267,scalar,Aerocom.aircraft[0].dataLink[5],sentPackets:count,,,947
Exponential-capacity-3201-20210301-21:50:08-11267,attr,Aerocom.aircraft[0].dataLink[5],sentPackets:count,source,computeSentPackets,
Exponential-capacity-3201-20210301-21:50:08-11267,scalar,Aerocom.aircraft[0].dataLink[5],actualCapacity:mean,,,9324.5396641575
Exponential-capacity-3201-20210301-21:50:08-11267,attr,Aerocom.aircraft[0].dataLink[5],actualCapacity:mean,,,
Exponential-capacity-3201-20210301-21:50:08-11267,attr,Aerocom.aircraft[0].dataLink[5],actualCapacity:mean,source,computeActualCapacity,
Exponential-capacity-3201-20210301-21:50:08-11267,scalar,Aerocom.aircraft[0].dataLink[6],sentPackets:count,,,1837
Exponential-capacity-3201-20210301-21:50:08-11267,attr,Aerocom.aircraft[0].dataLink[6],sentPackets:count,source,computeSentPackets,
Exponential-capacity-3201-20210301-21:50:08-11267,scalar,Aerocom.aircraft[0].dataLink[6],actualCapacity:mean,,,9485.6997708174
Exponential-capacity-3201-20210301-21:50:08-11267,attr,Aerocom.aircraft[0].dataLink[6],actualCapacity:mean,,,
Exponential-capacity-3201-20210301-21:50:08-11267,attr,Aerocom.aircraft[0].dataLink[6],actualCapacity:mean,source,computeActualCapacity,
Exponential-capacity-3201-20210301-21:50:08-11267,scalar,Aerocom.aircraft[0].dataLink[7],sentPackets:count,,,838
Exponential-capacity-3201-20210301-21:50:08-11267,attr,Aerocom.aircraft[0].dataLink[7],sentPackets:count,source,computeSentPackets,
Exponential-capacity-3201-20210301-21:50:08-11267,scalar,Aerocom.aircraft[0].dataLink[7],actualCapacity:mean,,,9394.0160098522
Exponential-capacity-3201-20210301-21:50:08-11267,attr,Aerocom.aircraft[0].dataLink[7],actualCapacity:mean,,,
Exponential-capacity-3201-20210301-21:50:08-11267,attr,Aerocom.aircraft[0].dataLink[7],actualCapacity:mean,source,computeActualCapacity,
Exponential-capacity-3201-20210301-21:50:08-11267,scalar,Aerocom.aircraft[0].dataLink[8],sentPackets:count,,,1804
Exponential-capacity-3201-20210301-21:50:08-11267,attr,Aerocom.aircraft[0].dataLink[8],sentPackets:count,source,computeSentPackets,
Exponential-capacity-3201-20210301-21:50:08-11267,scalar,Aerocom.aircraft[0].dataLink[8],actualCapacity:mean,,,9515.0282180131
Exponential-capacity-3201-20210301-21:50:08-11267,attr,Aerocom.aircraft[0].dataLink[8],actualCapacity:mean,,,
Exponential-capacity-3201-20210301-21:50:08-11267,attr,Aerocom.aircraft[0].dataLink[8],actualCapacity:mean,source,computeActualCapacity,
Exponential-capacity-3201-20210301-21:50:08-11267,scalar,Aerocom.aircraft[0].dataLink[9],sentPackets:count,,,1629
Exponential-capacity-3201-20210301-21:50:08-11267,attr,Aerocom.aircraft[0].dataLink[9],sentPackets:count,source,computeSentPackets,
Exponential-capacity-3201-20210301-21:50:08-11267,scalar,Aerocom.aircraft[0].dataLink[9],actualCapacity:mean,,,9548.6282635723
Exponential-capacity-3201-20210301-21:50:08-11267,attr,Aerocom.aircraft[0].dataLink[9],actualCapacity:mean,,,
Exponential-capacity-3201-20210301-21:50:08-11267,attr,Aerocom.aircraft[0].dataLink[9],actualCapacity:mean,source,computeActualCapacity,
Exponential-capacity-3201-20210301-21:50:08-11267,scalar,Aerocom.aircraft[0].dataLink[10],sentPackets:count,,,1571
Exponential-capacity-3201-20210301-21:50:08-11267,attr,Aerocom.aircraft[0].dataLink[10],sentPackets:count,source,computeSentPackets,
Exponential-capacity-3201-20210301-21:50:08-11267,scalar,Aerocom.aircraft[0].dataLink[10],actualCapacity:mean,,,9553.87089902
Exponential-capacity-3201-20210301-21:50:08-11267,attr,Aerocom.aircraft[0].dataLink[10],actualCapacity:mean,,,
Exponential-capacity-3201-20210301-21:50:08-11267,attr,Aerocom.aircraft[0].dataLink[10],actualCapacity:mean,source,computeActualCapacity,
Exponential-capacity-3201-20210301-21:50:08-11267,scalar,Aerocom.aircraft[0].dataLink[11],sentPackets:count,,,253
Exponential-capacity-3201-20210301-21:50:08-11267,attr,Aerocom.aircraft[0].dataLink[11],sentPackets:count,source,computeSentPackets,
Exponential-capacity-3201-20210301-21:50:08-11267,scalar,Aerocom.aircraft[0].dataLink[11],actualCapacity:mean,,,9112.4034917556
Exponential-capacity-3201-20210301-21:50:08-11267,attr,Aerocom.aircraft[0].dataLink[11],actualCapacity:mean,,,
Exponential-capacity-3201-20210301-21:50:08-11267,attr,Aerocom.aircraft[0].dataLink[11],actualCapacity:mean,source,computeActualCapacity,
Exponential-capacity-3201-20210301-21:50:08-11267,scalar,Aerocom.aircraft[0].dataLink[12],sentPackets:count,,,1302
Exponential-capacity-3201-20210301-21:50:08-11267,attr,Aerocom.aircraft[0].dataLink[12],sentPackets:count,source,computeSentPackets,
Exponential-capacity-3201-20210301-21:50:08-11267,scalar,Aerocom.aircraft[0].dataLink[12],actualCapacity:mean,,,9488.1198844487
Exponential-capacity-3201-20210301-21:50:08-11267,attr,Aerocom.aircraft[0].dataLink[12],actualCapacity:mean,,,
Exponential-capacity-3201-20210301-21:50:08-11267,attr,Aerocom.aircraft[0].dataLink[12],actualCapacity:mean,source,computeActualCapacity,
Exponential-capacity-3201-20210301-21:50:08-11267,scalar,Aerocom.aircraft[0].dataLink[13],sentPackets:count,,,1298
Exponential-capacity-3201-20210301-21:50:08-11267,attr,Aerocom.aircraft[0].dataLink[13],sentPackets:count,source,computeSentPackets,
Exponential-capacity-3201-20210301-21:50:08-11267,scalar,Aerocom.aircraft[0].dataLink[13],actualCapacity:mean,,,9470.0764055742
Exponential-capacity-3201-20210301-21:50:08-11267,attr,Aerocom.aircraft[0].dataLink[13],actualCapacity:mean,,,
Exponential-capacity-3201-20210301-21:50:08-11267,attr,Aerocom.aircraft[0].dataLink[13],actualCapacity:mean,source,computeActualCapacity,
Exponential-capacity-3201-20210301-21:50:08-11267,scalar,Aerocom.aircraft[0].dataLink[14],sentPackets:count,,,1630
Exponential-capacity-3201-20210301-21:50:08-11267,attr,Aerocom.aircraft[0].dataLink[14],sentPackets:count,source,computeSentPackets,
Exponential-capacity-3201-20210301-21:50:08-11267,scalar,Aerocom.aircraft[0].dataLink[14],actualCapacity:mean,,,9453.5319502075
Exponential-capacity-3201-20210301-21:50:08-11267,attr,Aerocom.aircraft[0].dataLink[14],actualCapacity:mean,,,
Exponential-capacity-3201-20210301-21:50:08-11267,attr,Aerocom.aircraft[0].dataLink[14],actualCapacity:mean,source,computeActualCapacity,
Exponential-capacity-3201-20210301-21:50:08-11267,scalar,Aerocom.aircraft[0].dataLink[15],sentPackets:count,,,423
Exponential-capacity-3201-20210301-21:50:08-11267,attr,Aerocom.aircraft[0].dataLink[15],sentPackets:count,source,computeSentPackets,
Exponential-capacity-3201-20210301-21:50:08-11267,scalar,Aerocom.aircraft[0].dataLink[15],actualCapacity:mean,,,9223.757273483
Exponential-capacity-3201-20210301-21:50:08-11267,attr,Aerocom.aircraft[0].dataLink[15],actualCapacity:mean,,,
Exponential-capacity-3201-20210301-21:50:08-11267,attr,Aerocom.aircraft[0].dataLink[15],actualCapacity:mean,source,computeActualCapacity,
Exponential-capacity-3201-20210301-21:50:08-11267,scalar,Aerocom.controlTower,receivedPackets:count,,,19617
Exponential-capacity-3201-20210301-21:50:08-11267,attr,Aerocom.controlTower,receivedPackets:count,source,computeReceivedPackets,
Exponential-capacity-3210-20210301-21:50:09-11272,scalar,Aerocom.aircraft[0].linkSelector,responseTime:mean,,,0.5452943392378
Exponential-capacity-3210-20210301-21:50:09-11272,attr,Aerocom.aircraft[0].linkSelector,responseTime:mean,,,
Exponential-capacity-3210-20210301-21:50:09-11272,attr,Aerocom.aircraft[0].linkSelector,responseTime:mean,source,computeResponseTime,
Exponential-capacity-3210-20210301-21:50:09-11272,scalar,Aerocom.aircraft[0].linkSelector,meanMalus:sum,,,11918
Exponential-capacity-3210-20210301-21:50:09-11272,attr,Aerocom.aircraft[0].linkSelector,meanMalus:sum,,,
Exponential-capacity-3210-20210301-21:50:09-11272,attr,Aerocom.aircraft[0].linkSelector,meanMalus:sum,source,computeMeanMalus,
Exponential-capacity-3210-20210301-21:50:09-11272,scalar,Aerocom.aircraft[0].linkSelector,waitingTime:mean,,,0.53805632744239
Exponential-capacity-3210-20210301-21:50:09-11272,attr,Aerocom.aircraft[0].linkSelector,waitingTime:mean,,,
Exponential-capacity-3210-20210301-21:50:09-11272,attr,Aerocom.aircraft[0].linkSelector,waitingTime:mean,source,computeWaitingTime,
Exponential-capacity-3210-20210301-21:50:09-11272,scalar,Aerocom.aircraft[0].linkSelector,serviceTime:mean,,,0.0072104763367999
Exponential-capacity-3210-20210301-21:50:09-11272,attr,Aerocom.aircraft[0].linkSelector,serviceTime:mean,,,
Exponential-capacity-3210-20210301-21:50:09-11272,attr,Aerocom.aircraft[0].linkSelector,serviceTime:mean,source,computeServiceTime,
Exponential-capacity-3210-20210301-21:50:09-11272,scalar,Aerocom.aircraft[0].linkSelector,queueLength:mean,,,26.937260119748
Exponential-capacity-3210-20210301-21:50:09-11272,attr,Aerocom.aircraft[0].linkSelector,queueLength:mean,,,
Exponential-capacity-3210-20210301-21:50:09-11272,attr,Aerocom.aircraft[0].linkSelector,queueLength:mean,source,computeQueueLength,
Exponential-capacity-3210-20210301-21:50:09-11272,scalar,Aerocom.aircraft[0].dataLink[0],sentPackets:count,,,820
Exponential-capacity-3210-20210301-21:50:09-11272,attr,Aerocom.aircraft[0].dataLink[0],sentPackets:count,source,computeSentPackets,
Exponential-capacity-3210-20210301-21:50:09-11272,scalar,Aerocom.aircraft[0].dataLink[0],actualCapacity:mean,,,9310.8604361371
Exponential-capacity-3210-20210301-21:50:09-11272,attr,Aerocom.aircraft[0].dataLink[0],actualCapacity:mean,,,
Exponential-capacity-3210-20210301-21:50:09-11272,attr,Aerocom.aircraft[0].dataLink[0],actualCapacity:mean,source,computeActualCapacity,
Exponential-capacity-3210-20210301-21:50:09-11272,scalar,Aerocom.aircraft[0].dataLink[1],sentPackets:count,,,2028
Exponential-capacity-3210-20210301-21:50:09-11272,attr,Aerocom.aircraft[0].dataLink[1],sentPackets:count,source,computeSentPackets,
Exponential-capacity-3210-20210301-21:50:09-11272,scalar,Aerocom.aircraft[0].dataLink[1],actualCapacity:mean,,,9521.5962976148
Exponential-capacity-3210-20210301-21:50:09-11272,attr,Aerocom.aircraft[0].dataLink[1],actualCapacity:mean,,,
Exponential-capacity-3210-20210301-21:50:09-11272,attr,Aerocom.aircraft[0].dataLink[1],actualCapacity:mean,source,computeActualCapacity,
Exponential-capacity-3210-20210301-21:50:09-11272,scalar,Aerocom.aircraft[0].dataLink[2],sentPackets:count,,,1032
Exponential-capacity-3210-20210301-21:50:09-11272,attr,Aerocom.aircraft[0].dataLink[2],sentPackets:count,source,computeSentPackets,
Exponential-capacity-3210-20210301-21:50:09-11272,scalar,Aerocom.aircraft[0].dataLink[2],actualCapacity:mean,,,9395.3840659341
Exponential-capacity-3210-20210301-21:50:09-11272,attr,Aerocom.aircraft[0].dataLink[2],actualCapacity:mean,,,
Exponential-capacity-3210-20210301-21:50:09-11272,attr,Aerocom.aircraft[0].dataLink[2],actualCapacity:mean,source,computeActualCapacity,
Exponential-capacity-3210-20210301-21:50:09-11272,scalar,Aerocom.aircraft[0].dataLink[3],sentPackets:count,,,733
Exponential-capacity-3210-20210301-21:50:09-11272,attr,Aerocom.aircraft[0].dataLink[3],sentPackets:count,source,computeSentPackets,
Exponential-capacity-3210-20210301-21:50:09-11272,scalar,Aerocom.aircraft[0].dataLink[3],actualCapacity:mean,,,9362.8589321028
Exponential-capacity-3210-20210301-21:50:09-11272,attr,Aerocom.aircraft[0].dataLink[3],actualCapacity:mean,,,
Exponential-capacity-3210-20210301-21:50:09-11272,attr,Aerocom.aircraft[0].dataLink[3],actualCapacity:mean,source,computeActualCapacity,
Exponential-capacity-3210-20210301-21:50:09-11272,scalar,Aerocom.aircraft[0].dataLink[4],sentPackets:count,,,847
Exponential-capacity-3210-20210301-21:50:09-11272,attr,Aerocom.aircraft[0].dataLink[4],sentPackets:count,source,computeSentPackets,
Exponential-capacity-3210-20210301-21:50:09-11272,scalar,Aerocom.aircraft[0].dataLink[4],actualCapacity:mean,,,9328.5036719706
Exponential-capacity-3210-20210301-21:50:09-11272,attr,Aerocom.aircraft[0].dataLink[4],actualCapacity:mean,,,
Exponential-capacity-3210-20210301-21:50:09-11272,attr,Aerocom.aircraft[0].dataLink[4],actualCapacity:mean,source,computeActualCapacity,
Exponential-capacity-3210-20210301-21:50:09-11272,scalar,Aerocom.aircraft[0].dataLink[5],sentPackets:count,,,1511
Exponential-capacity-3210-20210301-21:50:09-11272,attr,Aerocom.aircraft[0].dataLink[5],sentPackets:count,source,computeSentPackets,
Exponential-capacity-3210-20210301-21:50:09-11272,scalar,Aerocom.aircraft[0].dataLink[5],actualCapacity:mean,,,9489.3604193971
Exponential-capacity-3210-20210301-21:50:09-11272,attr,Aerocom.aircraft[0].dataLink[5],actualCapacity:mean,,,
Exponential-capacity-3210-20210301-21:50:09-11272,attr,Aerocom.aircraft[0].dataLink[5],actualCapacity:mean,source,computeActualCapacity,
Exponential-capacity-3210-20210301-21:50:09-11272,scalar,Aerocom.aircraft[0].dataLink[6],sentPackets:count,,,1103
Exponential-capacity-3210-20210301-21:50:09-11272,attr,Aerocom.aircraft[0].dataLink[6],sentPackets:count,source,computeSentPackets,
Exponential-capacity-3210-20210301-21:50:09-11272,scalar,Aerocom.aircraft[0].dataLink[6],actualCapacity:mean,,,9448.8055260361
Exponential-capacity-3210-20210301-21:50:09-11272,attr,Aerocom.aircraft[0].dataLink[6],actualCapacity:mean,,,
Exponential-capacity-3210-20210301-21:50:09-11272,attr,Aerocom.aircraft[0].dataLink[6],actualCapacity:mean,source,computeActualCapacity,
Exponential-capacity-3210-20210301-21:50:09-11272,scalar,Aerocom.aircraft[0].dataLink[7],sentPackets:count,,,1411
Exponential-capacity-3210-20210301-21:50:09-11272,attr,Aerocom.aircraft[0].dataLink[7],sentPackets:count,source,computeSentPackets,
Exponential-capacity-3210-20210301-21:50:09-11272,scalar,Aerocom.aircraft[0].dataLink[7],actualCapacity:mean,,,9481.1624713959
Exponential-capacity-3210-20210301-21:50:09-11272,attr,Aerocom.aircraft[0].dataLink[7],actualCapacity:mean,,,
Exponential-capacity-3210-20210301-21:50:09-11272,attr,Aerocom.aircraft[0].dataLink[7],actualCapacity:mean,source,computeActualCapacity,
Exponential-capacity-3210-20210301-21:50:09-11272,scalar,Aerocom.aircraft[0].dataLink[8],sentPackets:count,,,970
Exponential-capacity-3210-20210301-21:50:09-11272,attr,Aerocom.aircraft[0].dataLink[8],sentPackets:count,source,computeSentPackets,
Exponential-capacity-3210-20210301-21:50:09-11272,scalar,Aerocom.aircraft[0].dataLink[8],actualCapacity:mean,,,9364.783180778
Exponential-capacity-3210-20210301-21:50:09-11272,attr,Aerocom.aircraft[0].dataLink[8],actualCapacity:mean,,,
Exponential-capacity-3210-20210301-21:50:09-11272,attr,Aerocom.aircraft[0].dataLink[8],actualCapacity:mean,source,computeActualCapacity,
Exponential-capacity-3210-20210301-21:50:09-11272,scalar,Aerocom.aircraft[0].dataLink[9],sentPackets:count,,,906
Exponential-capacity-3210-20210301-21:50:09-11272,attr,Aerocom.aircraft[0].dataLink[9],sentPackets:count,source,computeSentPackets,
Exponential-capacity-3210-20210301-21:50:09-11272,scalar,Aerocom.aircraft[0].dataLink[9],actualCapacity:mean,,,9335.5584028605
Exponential-capacity-3210-20210301-21:50:09-11272,attr,Aerocom.aircraft[0].dataLink[9],actualCapacity:mean,,,
Exponential-capacity-3210-20210301-21:50:09-11272,attr,Aerocom.aircraft[0].dataLink[9],actualCapacity:mean,source,computeActualCapacity,
Exponential-capacity-3210-20210301-21:50:09-11272,scalar,Aerocom.aircraft[0].dataLink[10],sentPackets:count,,,1410
Exponential-capacity-3210-20210301-21:50:09-11272,attr,Aerocom.aircraft[0].dataLink[10],sentPackets:count,source,computeSentPackets,
Exponential-capacity-3210-20210301-21:50:09-11272,scalar,Aerocom.aircraft[0].dataLink[10],actualCapacity:mean,,,9429.496124031
Exponential-capacity-3210-20210301-21:50:09-11272,attr,Aerocom.aircraft[0].dataLink[10],actualCapacity:mean,,,
Exponential-capacity-3210-20210301-21:50:09-11272,attr,Aerocom.aircraft[0].dataLink[10],actualCapacity:mean,source,computeActualCapacity,
Exponential-capacity-3210-20210301-21:50:09-11272,scalar,Aerocom.aircraft[0].dataLink[11],sentPackets:count,,,1048
Exponential-capacity-3210-20210301-21:50:09-11272,attr,Aerocom.aircraft[0].dataLink[11],sentPackets:count,source,computeSentPackets,
Exponential-capacity-3210-20210301-21:50:09-11272,scalar,Aerocom.aircraft[0].dataLink[11],actualCapacity:mean,,,9413.8375273523
Exponential-capacity-3210-20210301-21:50:09-11272,attr,Aerocom.aircraft[0].dataLink[11],actualCapacity:mean,,,
Exponential-capacity-3210-20210301-21:50:09-11272,attr,Aerocom.aircraft[0].dataLink[11],actualCapacity:mean,source,computeActualCapacity,
Exponential-capacity-3210-20210301-21:50:09-11272,scalar,Aerocom.aircraft[0].dataLink[12],sentPackets:count,,,1140
Exponential-capacity-3210-20210301-21:50:09-11272,attr,Aerocom.aircraft[0].dataLink[12],sentPackets:count,source,computeSentPackets,
Exponential-capacity-3210-20210301-21:50:09-11272,scalar,Aerocom.aircraft[0].dataLink[12],actualCapacity:mean,,,9436.094025974
Exponential-capacity-3210-20210301-21:50:09-11272,attr,Aerocom.aircraft[0].dataLink[12],actualCapacity:mean,,,
Exponential-capacity-3210-20210301-21:50:09-11272,attr,Aerocom.aircraft[0].dataLink[12],actualCapacity:mean,source,computeActualCapacity,
Exponential-capacity-3210-20210301-21:50:09-11272,scalar,Aerocom.aircraft[0].dataLink[13],sentPackets:count,,,1201
Exponential-capacity-3210-20210301-21:50:09-11272,attr,Aerocom.aircraft[0].dataLink[13],sentPackets:count,source,computeSentPackets,
Exponential-capacity-3210-20210301-21:50:09-11272,scalar,Aerocom.aircraft[0].dataLink[13],actualCapacity:mean,,,9411.7330637007
Exponential-capacity-3210-20210301-21:50:09-11272,attr,Aerocom.aircraft[0].dataLink[13],actualCapacity:mean,,,
Exponential-capacity-3210-20210301-21:50:09-11272,attr,Aerocom.aircraft[0].dataLink[13],actualCapacity:mean,source,computeActualCapacity,
Exponential-capacity-3210-20210301-21:50:09-11272,scalar,Aerocom.aircraft[0].dataLink[14],sentPackets:count,,,1610
Exponential-capacity-3210-20210301-21:50:09-11272,attr,Aerocom.aircraft[0].dataLink[14],sentPackets:count,source,computeSentPackets,
Exponential-capacity-3210-20210301-21:50:09-11272,scalar,Aerocom.aircraft[0].dataLink[14],actualCapacity:mean,,,9514.4394319131
Exponential-capacity-3210-20210301-21:50:09-11272,attr,Aerocom.aircraft[0].dataLink[14],actualCapacity:mean,,,
Exponential-capacity-3210-20210301-21:50:09-11272,attr,Aerocom.aircraft[0].dataLink[14],actualCapacity:mean,source,computeActualCapacity,
Exponential-capacity-3210-20210301-21:50:09-11272,scalar,Aerocom.aircraft[0].dataLink[15],sentPackets:count,,,1770
Exponential-capacity-3210-20210301-21:50:09-11272,attr,Aerocom.aircraft[0].dataLink[15],sentPackets:count,source,computeSentPackets,
Exponential-capacity-3210-20210301-21:50:09-11272,scalar,Aerocom.aircraft[0].dataLink[15],actualCapacity:mean,,,9474.756661442
Exponential-capacity-3210-20210301-21:50:09-11272,attr,Aerocom.aircraft[0].dataLink[15],actualCapacity:mean,,,
Exponential-capacity-3210-20210301-21:50:09-11272,attr,Aerocom.aircraft[0].dataLink[15],actualCapacity:mean,source,computeActualCapacity,
Exponential-capacity-3210-20210301-21:50:09-11272,scalar,Aerocom.controlTower,receivedPackets:count,,,19540
Exponential-capacity-3210-20210301-21:50:09-11272,attr,Aerocom.controlTower,receivedPackets:count,source,computeReceivedPackets,
Exponential-capacity-3211-20210301-21:50:09-11272,scalar,Aerocom.aircraft[0].linkSelector,responseTime:mean,,,0.55655965683924
Exponential-capacity-3211-20210301-21:50:09-11272,attr,Aerocom.aircraft[0].linkSelector,responseTime:mean,,,
Exponential-capacity-3211-20210301-21:50:09-11272,attr,Aerocom.aircraft[0].linkSelector,responseTime:mean,source,computeResponseTime,
Exponential-capacity-3211-20210301-21:50:09-11272,scalar,Aerocom.aircraft[0].linkSelector,meanMalus:sum,,,12730
Exponential-capacity-3211-20210301-21:50:09-11272,attr,Aerocom.aircraft[0].linkSelector,meanMalus:sum,,,
Exponential-capacity-3211-20210301-21:50:09-11272,attr,Aerocom.aircraft[0].linkSelector,meanMalus:sum,source,computeMeanMalus,
Exponential-capacity-3211-20210301-21:50:09-11272,scalar,Aerocom.aircraft[0].linkSelector,waitingTime:mean,,,0.5493836563465
Exponential-capacity-3211-20210301-21:50:09-11272,attr,Aerocom.aircraft[0].linkSelector,waitingTime:mean,,,
Exponential-capacity-3211-20210301-21:50:09-11272,attr,Aerocom.aircraft[0].linkSelector,waitingTime:mean,source,computeWaitingTime,
Exponential-capacity-3211-20210301-21:50:09-11272,scalar,Aerocom.aircraft[0].linkSelector,serviceTime:mean,,,0.0072041070199889
Exponential-capacity-3211-20210301-21:50:09-11272,attr,Aerocom.aircraft[0].linkSelector,serviceTime:mean,,,
Exponential-capacity-3211-20210301-21:50:09-11272,attr,Aerocom.aircraft[0].linkSelector,serviceTime:mean,source,computeServiceTime,
Exponential-capacity-3211-20210301-21:50:09-11272,scalar,Aerocom.aircraft[0].linkSelector,queueLength:mean,,,27.443142871758
Exponential-capacity-3211-20210301-21:50:09-11272,attr,Aerocom.aircraft[0].linkSelector,queueLength:mean,,,
Exponential-capacity-3211-20210301-21:50:09-11272,attr,Aerocom.aircraft[0].linkSelector,queueLength:mean,source,computeQueueLength,
Exponential-capacity-3211-20210301-21:50:09-11272,scalar,Aerocom.aircraft[0].dataLink[0],sentPackets:count,,,1285
Exponential-capacity-3211-20210301-21:50:09-11272,attr,Aerocom.aircraft[0].dataLink[0],sentPackets:count,source,computeSentPackets,
Exponential-capacity-3211-20210301-21:50:09-11272,scalar,Aerocom.aircraft[0].dataLink[0],actualCapacity:mean,,,9438.5983606557
Exponential-capacity-3211-20210301-21:50:09-11272,attr,Aerocom.aircraft[0].dataLink[0],actualCapacity:mean,,,
Exponential-capacity-3211-20210301-21:50:09-11272,attr,Aerocom.aircraft[0].dataLink[0],actualCapacity:mean,source,computeActualCapacity,
Exponential-capacity-3211-20210301-21:50:09-11272,scalar,Aerocom.aircraft[0].dataLink[1],sentPackets:count,,,1156
Exponential-capacity-3211-20210301-21:50:09-11272,attr,Aerocom.aircraft[0].dataLink[1],sentPackets:count,source,computeSentPackets,
Exponential-capacity-3211-20210301-21:50:09-11272,scalar,Aerocom.aircraft[0].dataLink[1],actualCapacity:mean,,,9412.323300467
Exponential-capacity-3211-20210301-21:50:09-11272,attr,Aerocom.aircraft[0].dataLink[1],actualCapacity:mean,,,
Exponential-capacity-3211-20210301-21:50:09-11272,attr,Aerocom.aircraft[0].dataLink[1],actualCapacity:mean,source,computeActualCapacity,
Exponential-capacity-3211-20210301-21:50:09-11272,scalar,Aerocom.aircraft[0].dataLink[2],sentPackets:count,,,950
Exponential-capacity-3211-20210301-21:50:09-11272,attr,Aerocom.aircraft[0].dataLink[2],sentPackets:count,source,computeSentPackets,
Exponential-capacity-3211-20210301-21:50:09-11272,scalar,Aerocom.aircraft[0].dataLink[2],actualCapacity:mean,,,9411.0844907407
Exponential-capacity-3211-20210301-21:50:09-11272,attr,Aerocom.aircraft[0].dataLink[2],actualCapacity:mean,,,
Exponential-capacity-3211-20210301-21:50:09-11272,attr,Aerocom.aircraft[0].dataLink[2],actualCapacity:mean,source,computeActualCapacity,
Exponential-capacity-3211-20210301-21:50:09-11272,scalar,Aerocom.aircraft[0].dataLink[3],sentPackets:count,,,1225
Exponential-capacity-3211-20210301-21:50:09-11272,attr,Aerocom.aircraft[0].dataLink[3],sentPackets:count,source,computeSentPackets,
Exponential-capacity-3211-20210301-21:50:09-11272,scalar,Aerocom.aircraft[0].dataLink[3],actualCapacity:mean,,,9454.1075697211
Exponential-capacity-3211-20210301-21:50:09-11272,attr,Aerocom.aircraft[0].dataLink[3],actualCapacity:mean,,,
Exponential-capacity-3211-20210301-21:50:09-11272,attr,Aerocom.aircraft[0].dataLink[3],actualCapacity:mean,source,computeActualCapacity,
Exponential-capacity-3211-20210301-21:50:09-11272,scalar,Aerocom.aircraft[0].dataLink[4],sentPackets:count,,,1346
Exponential-capacity-3211-20210301-21:50:09-11272,attr,Aerocom.aircraft[0].dataLink[4],sentPackets:count,source,computeSentPackets,
Exponential-capacity-3211-20210301-21:50:09-11272,scalar,Aerocom.aircraft[0].dataLink[4],actualCapacity:mean,,,9517.5996240602
Exponential-capacity-3211-20210301-21:50:09-11272,attr,Aerocom.aircraft[0].dataLink[4],actualCapacity:mean,,,
Exponential-capacity-3211-20210301-21:50:09-11272,attr,Aerocom.aircraft[0].dataLink[4],actualCapacity:mean,source,computeActualCapacity,
Exponential-capacity-3211-20210301-21:50:09-11272,scalar,Aerocom.aircraft[0].dataLink[5],sentPackets:count,,,1428
Exponential-capacity-3211-20210301-21:50:09-11272,attr,Aerocom.aircraft[0].dataLink[5],sentPackets:count,source,computeSentPackets,
Exponential-capacity-3211-20210301-21:50:09-11272,scalar,Aerocom.aircraft[0].dataLink[5],actualCapacity:mean,,,9524.2354809437
Exponential-capacity-3211-20210301-21:50:09-11272,attr,Aerocom.aircraft[0].dataLink[5],actualCapacity:mean,,,
Exponential-capacity-3211-20210301-21:50:09-11272,attr,Aerocom.aircraft[0].dataLink[5],actualCapacity:mean,source,computeActualCapacity,
Exponential-capacity-3211-20210301-21:50:09-11272,scalar,Aerocom.aircraft[0].dataLink[6],sentPackets:count,,,1599
Exponential-capacity-3211-20210301-21:50:09-11272,attr,Aerocom.aircraft[0].dataLink[6],sentPackets:count,source,computeSentPackets,
Exponential-capacity-3211-20210301-21:50:09-11272,scalar,Aerocom.aircraft[0].dataLink[6],actualCapacity:mean,,,9466.5872215216
Exponential-capacity-3211-20210301-21:50:09-11272,attr,Aerocom.aircraft[0].dataLink[6],actualCapacity:mean,,,
Exponential-capacity-3211-20210301-21:50:09-11272,attr,Aerocom.aircraft[0].dataLink[6],actualCapacity:mean,source,computeActualCapacity,
Exponential-capacity-3211-20210301-21:50:09-11272,scalar,Aerocom.aircraft[0].dataLink[7],sentPackets:count,,,1436
Exponential-capacity-3211-20210301-21:50:09-11272,attr,Aerocom.aircraft[0].dataLink[7],sentPackets:count,source,computeSentPackets,
Exponential-capacity-3211-20210301-21:50:09-11272,scalar,Aerocom.aircraft[0].dataLink[7],actualCapacity:mean,,,9501.8239277652
Exponential-capacity-3211-20210301-21:50:09-11272,attr,Aerocom.aircraft[0].dataLink[7],actualCapacity:mean,,,
Exponential-capacity-3211-20210301-21:50:09-11272,attr,Aerocom.aircraft[0].dataLink[7],actualCapacity:mean,source,computeActualCapacity,
Exponential-capacity-3211-20210301-21:50:09-11272,scalar,Aerocom.aircraft[0].dataLink[8],sentPackets:count,,,1353
Exponential-capacity-3211-20210301-21:50:09-11272,attr,Aerocom.aircraft[0].dataLink[8],sentPackets:count,source,computeSentPackets,
Exponential-capacity-3211-20210301-21:50:09-11272,scalar,Aerocom.aircraft[0].dataLink[8],actualCapacity:mean,,,9419.4462114125
Exponential-capacity-3211-20210301-21:50:09-11272,attr,Aerocom.aircraft[0].dataLink[8],actualCapacity:mean,,,
Exponential-capacity-3211-20210301-21:50:09-11272,attr,Aerocom.aircraft[0].dataLink[8],actualCapacity:mean,source,computeActualCapacity,
Exponential-capacity-3211-20210301-21:50:09-11272,scalar,Aerocom.aircraft[0].dataLink[9],sentPackets:count,,,1454
Exponential-capacity-3211-20210301-21:50:09-11272,attr,Aerocom.aircraft[0].dataLink[9],sentPackets:count,source,computeSentPackets,
Exponential-capacity-3211-20210301-21:50:09-11272,scalar,Aerocom.aircraft[0].dataLink[9],actualCapacity:mean,,,9493.2776533811
Exponential-capacity-3211-20210301-21:50:09-11272,attr,Aerocom.aircraft[0].dataLink[9],actualCapacity:mean,,,
Exponential-capacity-3211-20210301-21:50:09-11272,attr,Aerocom.aircraft[0].dataLink[9],actualCapacity:mean,source,computeActualCapacity,
Exponential-capacity-3211-20210301-21:50:09-11272,scalar,Aerocom.aircraft[0].dataLink[10],sentPackets:count,,,898
Exponential-capacity-3211-20210301-21:50:09-11272,attr,Aerocom.aircraft[0].dataLink[10],sentPackets:count,source,computeSentPackets,
Exponential-capacity-3211-20210301-21:50:09-11272,scalar,Aerocom.aircraft[0].dataLink[10],actualCapacity:mean,,,9410.9511904762
Exponential-capacity-3211-20210301-21:50:09-11272,attr,Aerocom.aircraft[0].dataLink[10],actualCapacity:mean,,,
Exponential-capacity-3211-20210301-21:50:09-11272,attr,Aerocom.aircraft[0].dataLink[10],actualCapacity:mean,source,computeActualCapacity,
Exponential-capacity-3211-20210301-21:50:09-11272,scalar,Aerocom.aircraft[0].dataLink[11],sentPackets:count,,,1176
Exponential-capacity-3211-20210301-21:50:09-11272,attr,Aerocom.aircraft[0].dataLink[11],sentPackets:count,source,computeSentPackets,
Exponential-capacity-3211-20210301-21:50:09-11272,scalar,Aerocom.aircraft[0].dataLink[11],actualCapacity:mean,,,9363.8713629403
Exponential-capacity-3211-20210301-21:50:09-11272,attr,Aerocom.aircraft[0].dataLink[11],actualCapacity:mean,,,
Exponential-capacity-3211-20210301-21:50:09-11272,attr,Aerocom.aircraft[0].dataLink[11],actualCapacity:mean,source,computeActualCapacity,
Exponential-capacity-3211-20210301-21:50:09-11272,scalar,Aerocom.aircraft[0].dataLink[12],sentPackets:count,,,698
Exponential-capacity-3211-20210301-21:50:09-11272,attr,Aerocom.aircraft[0].dataLink[12],sentPackets:count,source,computeSentPackets,
Exponential-capacity-3211-20210301-21:50:09-11272,scalar,Aerocom.aircraft[0].dataLink[12],actualCapacity:mean,,,9244.4094594595
Exponential-capacity-3211-20210301-21:50:09-11272,attr,Aerocom.aircraft[0].dataLink[12],actualCapacity:mean,,,
Exponential-capacity-3211-20210301-21:50:09-11272,attr,Aerocom.aircraft[0].dataLink[12],actualCapacity:mean,source,computeActualCapacity,
Exponential-capacity-3211-20210301-21:50:09-11272,scalar,Aerocom.aircraft[0].dataLink[13],sentPackets:count,,,1315
Exponential-capacity-3211-20210301-21:50:09-11272,attr,Aerocom.aircraft[0].dataLink[13],sentPackets:count,source,computeSentPackets,
Exponential-capacity-3211-20210301-21:50:09-11272,scalar,Aerocom.aircraft[0].dataLink[13],actualCapacity:mean,,,9446.5480494767
Exponential-capacity-3211-20210301-21:50:09-11272,attr,Aerocom.aircraft[0].dataLink[13],actualCapacity:mean,,,
Exponential-capacity-3211-20210301-21:50:09-11272,attr,Aerocom.aircraft[0].dataLink[13],actualCapacity:mean,source,computeActualCapacity,
Exponential-capacity-3211-20210301-21:50:09-11272,scalar,Aerocom.aircraft[0].dataLink[14],sentPackets:count,,,663
Exponential-capacity-3211-20210301-21:50:09-11272,attr,Aerocom.aircraft[0].dataLink[14],sentPackets:count,source,computeSentPackets,
Exponential-capacity-3211-20210301-21:50:09-11272,scalar,Aerocom.aircraft[0].dataLink[14],actualCapacity:mean,,,9278.9598615917
Exponential-capacity-3211-20210301-21:50:09-11272,attr,Aerocom.aircraft[0].dataLink[14],actualCapacity:mean,,,
Exponential-capacity-3211-20210301-21:50:09-11272,attr,Aerocom.aircraft[0].dataLink[14],actualCapacity:mean,source,computeActualCapacity,
Exponential-capacity-3211-20210301-21:50:09-11272,scalar,Aerocom.aircraft[0].dataLink[15],sentPackets:count,,,1568
Exponential-capacity-3211-20210301-21:50:09-11272,attr,Aerocom.aircraft[0].dataLink[15],sentPackets:count,source,computeSentPackets,
Exponential-capacity-3211-20210301-21:50:09-11272,scalar,Aerocom.aircraft[0].dataLink[15],actualCapacity:mean,,,9500.2255863539
Exponential-capacity-3211-20210301-21:50:09-11272,attr,Aerocom.aircraft[0].dataLink[15],actualCapacity:mean,,,
Exponential-capacity-3211-20210301-21:50:09-11272,attr,Aerocom.aircraft[0].dataLink[15],actualCapacity:mean,source,computeActualCapacity,
Exponential-capacity-3211-20210301-21:50:09-11272,scalar,Aerocom.controlTower,receivedPackets:count,,,19550
Exponential-capacity-3211-20210301-21:50:09-11272,attr,Aerocom.controlTower,receivedPackets:count,source,computeReceivedPackets,
Exponential-capacity-3212-20210301-21:50:10-11272,scalar,Aerocom.aircraft[0].linkSelector,responseTime:mean,,,0.60537135550685
Exponential-capacity-3212-20210301-21:50:10-11272,attr,Aerocom.aircraft[0].linkSelector,responseTime:mean,,,
Exponential-capacity-3212-20210301-21:50:10-11272,attr,Aerocom.aircraft[0].linkSelector,responseTime:mean,source,computeResponseTime,
Exponential-capacity-3212-20210301-21:50:10-11272,scalar,Aerocom.aircraft[0].linkSelector,meanMalus:sum,,,13784
Exponential-capacity-3212-20210301-21:50:10-11272,attr,Aerocom.aircraft[0].linkSelector,meanMalus:sum,,,
Exponential-capacity-3212-20210301-21:50:10-11272,attr,Aerocom.aircraft[0].linkSelector,meanMalus:sum,source,computeMeanMalus,
Exponential-capacity-3212-20210301-21:50:10-11272,scalar,Aerocom.aircraft[0].linkSelector,waitingTime:mean,,,0.59815821863361
Exponential-capacity-3212-20210301-21:50:10-11272,attr,Aerocom.aircraft[0].linkSelector,waitingTime:mean,,,
Exponential-capacity-3212-20210301-21:50:10-11272,attr,Aerocom.aircraft[0].linkSelector,waitingTime:mean,source,computeWaitingTime,
Exponential-capacity-3212-20210301-21:50:10-11272,scalar,Aerocom.aircraft[0].linkSelector,serviceTime:mean,,,0.007207803779658
Exponential-capacity-3212-20210301-21:50:10-11272,attr,Aerocom.aircraft[0].linkSelector,serviceTime:mean,,,
Exponential-capacity-3212-20210301-21:50:10-11272,attr,Aerocom.aircraft[0].linkSelector,serviceTime:mean,source,computeServiceTime,
Exponential-capacity-3212-20210301-21:50:10-11272,scalar,Aerocom.aircraft[0].linkSelector,queueLength:mean,,,30.015466831098
Exponential-capacity-3212-20210301-21:50:10-11272,attr,Aerocom.aircraft[0].linkSelector,queueLength:mean,,,
Exponential-capacity-3212-20210301-21:50:10-11272,attr,Aerocom.aircraft[0].linkSelector,queueLength:mean,source,computeQueueLength,
Exponential-capacity-3212-20210301-21:50:10-11272,scalar,Aerocom.aircraft[0].dataLink[0],sentPackets:count,,,1081
Exponential-capacity-3212-20210301-21:50:10-11272,attr,Aerocom.aircraft[0].dataLink[0],sentPackets:count,source,computeSentPackets,
Exponential-capacity-3212-20210301-21:50:10-11272,scalar,Aerocom.aircraft[0].dataLink[0],actualCapacity:mean,,,9370.3069892473
Exponential-capacity-3212-20210301-21:50:10-11272,attr,Aerocom.aircraft[0].dataLink[0],actualCapacity:mean,,,
Exponential-capacity-3212-20210301-21:50:10-11272,attr,Aerocom.aircraft[0].dataLink[0],actualCapacity:mean,source,computeActualCapacity,
Exponential-capacity-3212-20210301-21:50:10-11272,scalar,Aerocom.aircraft[0].dataLink[1],sentPackets:count,,,1270
Exponential-capacity-3212-20210301-21:50:10-11272,attr,Aerocom.aircraft[0].dataLink[1],sentPackets:count,source,computeSentPackets,
Exponential-capacity-3212-20210301-21:50:10-11272,scalar,Aerocom.aircraft[0].dataLink[1],actualCapacity:mean,,,9339.7404878049
Exponential-capacity-3212-20210301-21:50:10-11272,attr,Aerocom.aircraft[0].dataLink[1],actualCapacity:mean,,,
Exponential-capacity-3212-20210301-21:50:10-11272,attr,Aerocom.aircraft[0].dataLink[1],actualCapacity:mean,source,computeActualCapacity,
Exponential-capacity-3212-20210301-21:50:10-11272,scalar,Aerocom.aircraft[0].dataLink[2],sentPackets:count,,,1313
Exponential-capacity-3212-20210301-21:50:10-11272,attr,Aerocom.aircraft[0].dataLink[2],sentPackets:count,source,computeSentPackets,
Exponential-capacity-3212-20210301-21:50:10-11272,scalar,Aerocom.aircraft[0].dataLink[2],actualCapacity:mean,,,9464.473759542
Exponential-capacity-3212-20210301-21:50:10-11272,attr,Aerocom.aircraft[0].dataLink[2],actualCapacity:mean,,,
Exponential-capacity-3212-20210301-21:50:10-11272,attr,Aerocom.aircraft[0].dataLink[2],actualCapacity:mean,source,computeActualCapacity,
Exponential-capacity-3212-20210301-21:50:10-11272,scalar,Aerocom.aircraft[0].dataLink[3],sentPackets:count,,,747
Exponential-capacity-3212-20210301-21:50:10-11272,attr,Aerocom.aircraft[0].dataLink[3],sentPackets:count,source,computeSentPackets,
Exponential-capacity-3212-20210301-21:50:10-11272,scalar,Aerocom.aircraft[0].dataLink[3],actualCapacity:mean,,,9273.751146038
Exponential-capacity-3212-20210301-21:50:10-11272,attr,Aerocom.aircraft[0].dataLink[3],actualCapacity:mean,,,
Exponential-capacity-3212-20210301-21:50:10-11272,attr,Aerocom.aircraft[0].dataLink[3],actualCapacity:mean,source,computeActualCapacity,
Exponential-capacity-3212-20210301-21:50:10-11272,scalar,Aerocom.aircraft[0].dataLink[4],sentPackets:count,,,775
Exponential-capacity-3212-20210301-21:50:10-11272,attr,Aerocom.aircraft[0].dataLink[4],sentPackets:count,source,computeSentPackets,
Exponential-capacity-3212-20210301-21:50:10-11272,scalar,Aerocom.aircraft[0].dataLink[4],actualCapacity:mean,,,9320.3917790623
Exponential-capacity-3212-20210301-21:50:10-11272,attr,Aerocom.aircraft[0].dataLink[4],actualCapacity:mean,,,
Exponential-capacity-3212-20210301-21:50:10-11272,attr,Aerocom.aircraft[0].dataLink[4],actualCapacity:mean,source,computeActualCapacity,
Exponential-capacity-3212-20210301-21:50:10-11272,scalar,Aerocom.aircraft[0].dataLink[5],sentPackets:count,,,1595
Exponential-capacity-3212-20210301-21:50:10-11272,attr,Aerocom.aircraft[0].dataLink[5],sentPackets:count,source,computeSentPackets,
Exponential-capacity-3212-20210301-21:50:10-11272,scalar,Aerocom.aircraft[0].dataLink[5],actualCapacity:mean,,,9524.9890710383
Exponential-capacity-3212-20210301-21:50:10-11272,attr,Aerocom.aircraft[0].dataLink[5],actualCapacity:mean,,,
Exponential-capacity-3212-20210301-21:50:10-11272,attr,Aerocom.aircraft[0].dataLink[5],actualCapacity:mean,source,computeActualCapacity,
Exponential-capacity-3212-20210301-21:50:10-11272,scalar,Aerocom.aircraft[0].dataLink[6],sentPackets:count,,,1488
Exponential-capacity-3212-20210301-21:50:10-11272,attr,Aerocom.aircraft[0].dataLink[6],sentPackets:count,source,computeSentPackets,
Exponential-capacity-3212-20210301-21:50:10-11272,scalar,Aerocom.aircraft[0].dataLink[6],actualCapacity:mean,,,9464.3311258278
Exponential-capacity-3212-20210301-21:50:10-11272,attr,Aerocom.aircraft[0].dataLink[6],actualCapacity:mean,,,
Exponential-capacity-3212-20210301-21:50:10-11272,attr,Aerocom.aircraft[0].dataLink[6],actualCapacity:mean,source,computeActualCapacity,
Exponential-capacity-3212-20210301-21:50:10-11272,scalar,Aerocom.aircraft[0].dataLink[7],sentPackets:count,,,1228
Exponential-capacity-3212-20210301-21:50:10-11272,attr,Aerocom.aircraft[0].dataLink[7],sentPackets:count,source,computeSentPackets,
Exponential-capacity-3212-20210301-21:50:10-11272,scalar,Aerocom.aircraft[0].dataLink[7],actualCapacity:mean,,,9479.4351944168
Exponential-capacity-3212-20210301-21:50:10-11272,attr,Aerocom.aircraft[0].dataLink[7],actualCapacity:mean,,,
Exponential-capacity-3212-20210301-21:50:10-11272,attr,Aerocom.aircraft[0].dataLink[7],actualCapacity:mean,source,computeActualCapacity,
Exponential-capacity-3212-20210301-21:50:10-11272,scalar,Aerocom.aircraft[0].dataLink[8],sentPackets:count,,,1011
Exponential-capacity-3212-20210301-21:50:10-11272,attr,Aerocom.aircraft[0].dataLink[8],sentPackets:count,source,computeSentPackets,
Exponential-capacity-3212-20210301-21:50:10-11272,scalar,Aerocom.aircraft[0].dataLink[8],actualCapacity:mean,,,9462.771890686
Exponential-capacity-3212-20210301-21:50:10-11272,attr,Aerocom.aircraft[0].dataLink[8],actualCapacity:mean,,,
Exponential-capacity-3212-20210301-21:50:10-11272,attr,Aerocom.aircraft[0].dataLink[8],actualCapacity:mean,source,computeActualCapacity,
Exponential-capacity-3212-20210301-21:50:10-11272,scalar,Aerocom.aircraft[0].dataLink[9],sentPackets:count,,,1120
Exponential-capacity-3212-20210301-21:50:10-11272,attr,Aerocom.aircraft[0].dataLink[9],sentPackets:count,source,computeSentPackets,
Exponential-capacity-3212-20210301-21:50:10-11272,scalar,Aerocom.aircraft[0].dataLink[9],actualCapacity:mean,,,9393.2592980618
Exponential-capacity-3212-20210301-21:50:10-11272,attr,Aerocom.aircraft[0].dataLink[9],actualCapacity:mean,,,
Exponential-capacity-3212-20210301-21:50:10-11272,attr,Aerocom.aircraft[0].dataLink[9],actualCapacity:mean,source,computeActualCapacity,
Exponential-capacity-3212-20210301-21:50:10-11272,scalar,Aerocom.aircraft[0].dataLink[10],sentPackets:count,,,2677
Exponential-capacity-3212-20210301-21:50:10-11272,attr,Aerocom.aircraft[0].dataLink[10],sentPackets:count,source,computeSentPackets,
Exponential-capacity-3212-20210301-21:50:10-11272,scalar,Aerocom.aircraft[0].dataLink[10],actualCapacity:mean,,,9598.4375722543
Exponential-capacity-3212-20210301-21:50:10-11272,attr,Aerocom.aircraft[0].dataLink[10],actualCapacity:mean,,,
Exponential-capacity-3212-20210301-21:50:10-11272,attr,Aerocom.aircraft[0].dataLink[10],actualCapacity:mean,source,computeActualCapacity,
Exponential-capacity-3212-20210301-21:50:10-11272,scalar,Aerocom.aircraft[0].dataLink[11],sentPackets:count,,,1438
Exponential-capacity-3212-20210301-21:50:10-11272,attr,Aerocom.aircraft[0].dataLink[11],sentPackets:count,source,computeSentPackets,
Exponential-capacity-3212-20210301-21:50:10-11272,scalar,Aerocom.aircraft[0].dataLink[11],actualCapacity:mean,,,9560.5731046931
Exponential-capacity-3212-20210301-21:50:10-11272,attr,Aerocom.aircraft[0].dataLink[11],actualCapacity:mean,,,
Exponential-capacity-3212-20210301-21:50:10-11272,attr,Aerocom.aircraft[0].dataLink[11],actualCapacity:mean,source,computeActualCapacity,
Exponential-capacity-3212-20210301-21:50:10-11272,scalar,Aerocom.aircraft[0].dataLink[12],sentPackets:count,,,980
Exponential-capacity-3212-20210301-21:50:10-11272,attr,Aerocom.aircraft[0].dataLink[12],sentPackets:count,source,computeSentPackets,
Exponential-capacity-3212-20210301-21:50:10-11272,scalar,Aerocom.aircraft[0].dataLink[12],actualCapacity:mean,,,9376.9619318182
Exponential-capacity-3212-20210301-21:50:10-11272,attr,Aerocom.aircraft[0].dataLink[12],actualCapacity:mean,,,
Exponential-capacity-3212-20210301-21:50:10-11272,attr,Aerocom.aircraft[0].dataLink[12],actualCapacity:mean,source,computeActualCapacity,
Exponential-capacity-3212-20210301-21:50:10-11272,scalar,Aerocom.aircraft[0].dataLink[13],sentPackets:count,,,1046
Exponential-capacity-3212-20210301-21:50:10-11272,attr,Aerocom.aircraft[0].dataLink[13],sentPackets:count,source,computeSentPackets,
Exponential-capacity-3212-20210301-21:50:10-11272,scalar,Aerocom.aircraft[0].dataLink[13],actualCapacity:mean,,,9375.5284775465
Exponential-capacity-3212-20210301-21:50:10-11272,attr,Aerocom.aircraft[0].dataLink[13],actualCapacity:mean,,,
Exponential-capacity-3212-20210301-21:50:10-11272,attr,Aerocom.aircraft[0].dataLink[13],actualCapacity:mean,source,computeActualCapacity,
Exponential-capacity-3212-20210301-21:50:10-11272,scalar,Aerocom.aircraft[0].dataLink[14],sentPackets:count,,,929
Exponential-capacity-3212-20210301-21:50:10-11272,attr,Aerocom.aircraft[0].dataLink[14],sentPackets:count,source,computeSentPackets,
Exponential-capacity-3212-20210301-21:50:10-11272,scalar,Aerocom.aircraft[0].dataLink[14],actualCapacity:mean,,,9387.6005847953
Exponential-capacity-3212-20210301-21:50:10-11272,attr,Aerocom.aircraft[0].dataLink[14],actualCapacity:mean,,,
Exponential-capacity-3212-20210301-21:50:10-11272,attr,Aerocom.aircraft[0].dataLink[14],actualCapacity:mean,source,computeActualCapacity,
Exponential-capacity-3212-20210301-21:50:10-11272,scalar,Aerocom.aircraft[0].dataLink[15],sentPackets:count,,,762
Exponential-capacity-3212-20210301-21:50:10-11272,attr,Aerocom.aircraft[0].dataLink[15],sentPackets:count,source,computeSentPackets,
Exponential-capacity-3212-20210301-21:50:10-11272,scalar,Aerocom.aircraft[0].dataLink[15],actualCapacity:mean,,,9304.0466623461
Exponential-capacity-3212-20210301-21:50:10-11272,attr,Aerocom.aircraft[0].dataLink[15],actualCapacity:mean,,,
Exponential-capacity-3212-20210301-21:50:10-11272,attr,Aerocom.aircraft[0].dataLink[15],actualCapacity:mean,source,computeActualCapacity,
Exponential-capacity-3212-20210301-21:50:10-11272,scalar,Aerocom.controlTower,receivedPackets:count,,,19460
Exponential-capacity-3212-20210301-21:50:10-11272,attr,Aerocom.controlTower,receivedPackets:count,source,computeReceivedPackets,
Exponential-capacity-3213-20210301-21:50:10-11272,scalar,Aerocom.aircraft[0].linkSelector,responseTime:mean,,,0.54688460434478
Exponential-capacity-3213-20210301-21:50:10-11272,attr,Aerocom.aircraft[0].linkSelector,responseTime:mean,,,
Exponential-capacity-3213-20210301-21:50:10-11272,attr,Aerocom.aircraft[0].linkSelector,responseTime:mean,source,computeResponseTime,
Exponential-capacity-3213-20210301-21:50:10-11272,scalar,Aerocom.aircraft[0].linkSelector,meanMalus:sum,,,12852
Exponential-capacity-3213-20210301-21:50:10-11272,attr,Aerocom.aircraft[0].linkSelector,meanMalus:sum,,,
Exponential-capacity-3213-20210301-21:50:10-11272,attr,Aerocom.aircraft[0].linkSelector,meanMalus:sum,source,computeMeanMalus,
Exponential-capacity-3213-20210301-21:50:10-11272,scalar,Aerocom.aircraft[0].linkSelector,waitingTime:mean,,,0.53969730103047
Exponential-capacity-3213-20210301-21:50:10-11272,attr,Aerocom.aircraft[0].linkSelector,waitingTime:mean,,,
Exponential-capacity-3213-20210301-21:50:10-11272,attr,Aerocom.aircraft[0].linkSelector,waitingTime:mean,source,computeWaitingTime,
Exponential-capacity-3213-20210301-21:50:10-11272,scalar,Aerocom.aircraft[0].linkSelector,serviceTime:mean,,,0.0072149150013528
Exponential-capacity-3213-20210301-21:50:10-11272,attr,Aerocom.aircraft[0].linkSelector,serviceTime:mean,,,
Exponential-capacity-3213-20210301-21:50:10-11272,attr,Aerocom.aircraft[0].linkSelector,serviceTime:mean,source,computeServiceTime,
Exponential-capacity-3213-20210301-21:50:10-11272,scalar,Aerocom.aircraft[0].linkSelector,queueLength:mean,,,27.267199017199
Exponential-capacity-3213-20210301-21:50:10-11272,attr,Aerocom.aircraft[0].linkSelector,queueLength:mean,,,
Exponential-capacity-3213-20210301-21:50:10-11272,attr,Aerocom.aircraft[0].linkSelector,queueLength:mean,source,computeQueueLength,
Exponential-capacity-3213-20210301-21:50:10-11272,scalar,Aerocom.aircraft[0].dataLink[0],sentPackets:count,,,468
Exponential-capacity-3213-20210301-21:50:10-11272,attr,Aerocom.aircraft[0].dataLink[0],sentPackets:count,source,computeSentPackets,
Exponential-capacity-3213-20210301-21:50:10-11272,scalar,Aerocom.aircraft[0].dataLink[0],actualCapacity:mean,,,9192.5629510826
Exponential-capacity-3213-20210301-21:50:10-11272,attr,Aerocom.aircraft[0].dataLink[0],actualCapacity:mean,,,
Exponential-capacity-3213-20210301-21:50:10-11272,attr,Aerocom.aircraft[0].dataLink[0],actualCapacity:mean,source,computeActualCapacity,
Exponential-capacity-3213-20210301-21:50:10-11272,scalar,Aerocom.aircraft[0].dataLink[1],sentPackets:count,,,489
Exponential-capacity-3213-20210301-21:50:10-11272,attr,Aerocom.aircraft[0].dataLink[1],sentPackets:count,source,computeSentPackets,
Exponential-capacity-3213-20210301-21:50:10-11272,scalar,Aerocom.aircraft[0].dataLink[1],actualCapacity:mean,,,9221.3824921136
Exponential-capacity-3213-20210301-21:50:10-11272,attr,Aerocom.aircraft[0].dataLink[1],actualCapacity:mean,,,
Exponential-capacity-3213-20210301-21:50:10-11272,attr,Aerocom.aircraft[0].dataLink[1],actualCapacity:mean,source,computeActualCapacity,
Exponential-capacity-3213-20210301-21:50:10-11272,scalar,Aerocom.aircraft[0].dataLink[2],sentPackets:count,,,1196
Exponential-capacity-3213-20210301-21:50:10-11272,attr,Aerocom.aircraft[0].dataLink[2],sentPackets:count,source,computeSentPackets,
Exponential-capacity-3213-20210301-21:50:10-11272,scalar,Aerocom.aircraft[0].dataLink[2],actualCapacity:mean,,,9459.2004048583
Exponential-capacity-3213-20210301-21:50:10-11272,attr,Aerocom.aircraft[0].dataLink[2],actualCapacity:mean,,,
Exponential-capacity-3213-20210301-21:50:10-11272,attr,Aerocom.aircraft[0].dataLink[2],actualCapacity:mean,source,computeActualCapacity,
Exponential-capacity-3213-20210301-21:50:10-11272,scalar,Aerocom.aircraft[0].dataLink[3],sentPackets:count,,,1086
Exponential-capacity-3213-20210301-21:50:10-11272,attr,Aerocom.aircraft[0].dataLink[3],sentPackets:count,source,computeSentPackets,
Exponential-capacity-3213-20210301-21:50:10-11272,scalar,Aerocom.aircraft[0].dataLink[3],actualCapacity:mean,,,9396.6383092563
Exponential-capacity-3213-20210301-21:50:10-11272,attr,Aerocom.aircraft[0].dataLink[3],actualCapacity:mean,,,
Exponential-capacity-3213-20210301-21:50:10-11272,attr,Aerocom.aircraft[0].dataLink[3],actualCapacity:mean,source,computeActualCapacity,
Exponential-capacity-3213-20210301-21:50:10-11272,scalar,Aerocom.aircraft[0].dataLink[4],sentPackets:count,,,2351
Exponential-capacity-3213-20210301-21:50:10-11272,attr,Aerocom.aircraft[0].dataLink[4],sentPackets:count,source,computeSentPackets,
Exponential-capacity-3213-20210301-21:50:10-11272,scalar,Aerocom.aircraft[0].dataLink[4],actualCapacity:mean,,,9600.2982120051
Exponential-capacity-3213-20210301-21:50:10-11272,attr,Aerocom.aircraft[0].dataLink[4],actualCapacity:mean,,,
Exponential-capacity-3213-20210301-21:50:10-11272,attr,Aerocom.aircraft[0].dataLink[4],actualCapacity:mean,source,computeActualCapacity,
Exponential-capacity-3213-20210301-21:50:10-11272,scalar,Aerocom.aircraft[0].dataLink[5],sentPackets:count,,,1405
Exponential-capacity-3213-20210301-21:50:10-11272,attr,Aerocom.aircraft[0].dataLink[5],sentPackets:count,source,computeSentPackets,
Exponential-capacity-3213-20210301-21:50:10-11272,scalar,Aerocom.aircraft[0].dataLink[5],actualCapacity:mean,,,9475.7908466819
Exponential-capacity-3213-20210301-21:50:10-11272,attr,Aerocom.aircraft[0].dataLink[5],actualCapacity:mean,,,
Exponential-capacity-3213-20210301-21:50:10-11272,attr,Aerocom.aircraft[0].dataLink[5],actualCapacity:mean,source,computeActualCapacity,
Exponential-capacity-3213-20210301-21:50:10-11272,scalar,Aerocom.aircraft[0].dataLink[6],sentPackets:count,,,985
Exponential-capacity-3213-20210301-21:50:10-11272,attr,Aerocom.aircraft[0].dataLink[6],sentPackets:count,source,computeSentPackets,
Exponential-capacity-3213-20210301-21:50:10-11272,scalar,Aerocom.aircraft[0].dataLink[6],actualCapacity:mean,,,9404.6058890147
Exponential-capacity-3213-20210301-21:50:10-11272,attr,Aerocom.aircraft[0].dataLink[6],actualCapacity:mean,,,
Exponential-capacity-3213-20210301-21:50:10-11272,attr,Aerocom.aircraft[0].dataLink[6],actualCapacity:mean,source,computeActualCapacity,
Exponential-capacity-3213-20210301-21:50:10-11272,scalar,Aerocom.aircraft[0].dataLink[7],sentPackets:count,,,1407
Exponential-capacity-3213-20210301-21:50:10-11272,attr,Aerocom.aircraft[0].dataLink[7],sentPackets:count,source,computeSentPackets,
Exponential-capacity-3213-20210301-21:50:10-11272,scalar,Aerocom.aircraft[0].dataLink[7],actualCapacity:mean,,,9453.6892448513
Exponential-capacity-3213-20210301-21:50:10-11272,attr,Aerocom.aircraft[0].dataLink[7],actualCapacity:mean,,,
Exponential-capacity-3213-20210301-21:50:10-11272,attr,Aerocom.aircraft[0].dataLink[7],actualCapacity:mean,source,computeActualCapacity,
Exponential-capacity-3213-20210301-21:50:10-11272,scalar,Aerocom.aircraft[0].dataLink[8],sentPackets:count,,,2115
Exponential-capacity-3213-20210301-21:50:10-11272,attr,Aerocom.aircraft[0].dataLink[8],sentPackets:count,source,computeSentPackets,
Exponential-capacity-3213-20210301-21:50:10-11272,scalar,Aerocom.aircraft[0].dataLink[8],actualCapacity:mean,,,9501.0942679558
Exponential-capacity-3213-20210301-21:50:10-11272,attr,Aerocom.aircraft[0].dataLink[8],actualCapacity:mean,,,
Exponential-capacity-3213-20210301-21:50:10-11272,attr,Aerocom.aircraft[0].dataLink[8],actualCapacity:mean,source,computeActualCapacity,
Exponential-capacity-3213-20210301-21:50:10-11272,scalar,Aerocom.aircraft[0].dataLink[9],sentPackets:count,,,1426
Exponential-capacity-3213-20210301-21:50:10-11272,attr,Aerocom.aircraft[0].dataLink[9],sentPackets:count,source,computeSentPackets,
Exponential-capacity-3213-20210301-21:50:10-11272,scalar,Aerocom.aircraft[0].dataLink[9],actualCapacity:mean,,,9430.6601809955
Exponential-capacity-3213-20210301-21:50:10-11272,attr,Aerocom.aircraft[0].dataLink[9],actualCapacity:mean,,,
Exponential-capacity-3213-20210301-21:50:10-11272,attr,Aerocom.aircraft[0].dataLink[9],actualCapacity:mean,source,computeActualCapacity,
Exponential-capacity-3213-20210301-21:50:10-11272,scalar,Aerocom.aircraft[0].dataLink[10],sentPackets:count,,,739
Exponential-capacity-3213-20210301-21:50:10-11272,attr,Aerocom.aircraft[0].dataLink[10],sentPackets:count,source,computeSentPackets,
Exponential-capacity-3213-20210301-21:50:10-11272,scalar,Aerocom.aircraft[0].dataLink[10],actualCapacity:mean,,,9360.7756578947
Exponential-capacity-3213-20210301-21:50:10-11272,attr,Aerocom.aircraft[0].dataLink[10],actualCapacity:mean,,,
Exponential-capacity-3213-20210301-21:50:10-11272,attr,Aerocom.aircraft[0].dataLink[10],actualCapacity:mean,source,computeActualCapacity,
Exponential-capacity-3213-20210301-21:50:10-11272,scalar,Aerocom.aircraft[0].dataLink[11],sentPackets:count,,,716
Exponential-capacity-3213-20210301-21:50:10-11272,attr,Aerocom.aircraft[0].dataLink[11],sentPackets:count,source,computeSentPackets,
Exponential-capacity-3213-20210301-21:50:10-11272,scalar,Aerocom.aircraft[0].dataLink[11],actualCapacity:mean,,,9316.9377926421
Exponential-capacity-3213-20210301-21:50:10-11272,attr,Aerocom.aircraft[0].dataLink[11],actualCapacity:mean,,,
Exponential-capacity-3213-20210301-21:50:10-11272,attr,Aerocom.aircraft[0].dataLink[11],actualCapacity:mean,source,computeActualCapacity,
Exponential-capacity-3213-20210301-21:50:10-11272,scalar,Aerocom.aircraft[0].dataLink[12],sentPackets:count,,,1776
Exponential-capacity-3213-20210301-21:50:10-11272,attr,Aerocom.aircraft[0].dataLink[12],sentPackets:count,source,computeSentPackets,
Exponential-capacity-3213-20210301-21:50:10-11272,scalar,Aerocom.aircraft[0].dataLink[12],actualCapacity:mean,,,9506.7835091833
Exponential-capacity-3213-20210301-21:50:10-11272,attr,Aerocom.aircraft[0].dataLink[12],actualCapacity:mean,,,
Exponential-capacity-3213-20210301-21:50:10-11272,attr,Aerocom.aircraft[0].dataLink[12],actualCapacity:mean,source,computeActualCapacity,
Exponential-capacity-3213-20210301-21:50:10-11272,scalar,Aerocom.aircraft[0].dataLink[13],sentPackets:count,,,932
Exponential-capacity-3213-20210301-21:50:10-11272,attr,Aerocom.aircraft[0].dataLink[13],sentPackets:count,source,computeSentPackets,
Exponential-capacity-3213-20210301-21:50:10-11272,scalar,Aerocom.aircraft[0].dataLink[13],actualCapacity:mean,,,9372.2677946324
Exponential-capacity-3213-20210301-21:50:10-11272,attr,Aerocom.aircraft[0].dataLink[13],actualCapacity:mean,,,
Exponential-capacity-3213-20210301-21:50:10-11272,attr,Aerocom.aircraft[0].dataLink[13],actualCapacity:mean,source,computeActualCapacity,
Exponential-capacity-3213-20210301-21:50:10-11272,scalar,Aerocom.aircraft[0].dataLink[14],sentPackets:count,,,1009
Exponential-capacity-3213-20210301-21:50:10-11272,attr,Aerocom.aircraft[0].dataLink[14],sentPackets:count,source,computeSentPackets,
Exponential-capacity-3213-20210301-21:50:10-11272,scalar,Aerocom.aircraft[0].dataLink[14],actualCapacity:mean,,,9462.0330347144
Exponential-capacity-3213-20210301-21:50:10-11272,attr,Aerocom.aircraft[0].dataLink[14],actualCapacity:mean,,,
Exponential-capacity-3213-20210301-21:50:10-11272,attr,Aerocom.aircraft[0].dataLink[14],actualCapacity:mean,source,computeActualCapacity,
Exponential-capacity-3213-20210301-21:50:10-11272,scalar,Aerocom.aircraft[0].dataLink[15],sentPackets:count,,,1437
Exponential-capacity-3213-20210301-21:50:10-11272,attr,Aerocom.aircraft[0].dataLink[15],sentPackets:count,source,computeSentPackets,
Exponential-capacity-3213-20210301-21:50:10-11272,scalar,Aerocom.aircraft[0].dataLink[15],actualCapacity:mean,,,9471.553057554
Exponential-capacity-3213-20210301-21:50:10-11272,attr,Aerocom.aircraft[0].dataLink[15],actualCapacity:mean,,,
Exponential-capacity-3213-20210301-21:50:10-11272,attr,Aerocom.aircraft[0].dataLink[15],actualCapacity:mean,source,computeActualCapacity,
Exponential-capacity-3213-20210301-21:50:10-11272,scalar,Aerocom.controlTower,receivedPackets:count,,,19537
Exponential-capacity-3213-20210301-21:50:10-11272,attr,Aerocom.controlTower,receivedPackets:count,source,computeReceivedPackets,
Exponential-capacity-3214-20210301-21:50:10-11272,scalar,Aerocom.aircraft[0].linkSelector,responseTime:mean,,,0.55926410520808
Exponential-capacity-3214-20210301-21:50:10-11272,attr,Aerocom.aircraft[0].linkSelector,responseTime:mean,,,
Exponential-capacity-3214-20210301-21:50:10-11272,attr,Aerocom.aircraft[0].linkSelector,responseTime:mean,source,computeResponseTime,
Exponential-capacity-3214-20210301-21:50:10-11272,scalar,Aerocom.aircraft[0].linkSelector,meanMalus:sum,,,13178
Exponential-capacity-3214-20210301-21:50:10-11272,attr,Aerocom.aircraft[0].linkSelector,meanMalus:sum,,,
Exponential-capacity-3214-20210301-21:50:10-11272,attr,Aerocom.aircraft[0].linkSelector,meanMalus:sum,source,computeMeanMalus,
Exponential-capacity-3214-20210301-21:50:10-11272,scalar,Aerocom.aircraft[0].linkSelector,waitingTime:mean,,,0.55215184390242
Exponential-capacity-3214-20210301-21:50:10-11272,attr,Aerocom.aircraft[0].linkSelector,waitingTime:mean,,,
Exponential-capacity-3214-20210301-21:50:10-11272,attr,Aerocom.aircraft[0].linkSelector,waitingTime:mean,source,computeWaitingTime,
Exponential-capacity-3214-20210301-21:50:10-11272,scalar,Aerocom.aircraft[0].linkSelector,serviceTime:mean,,,0.0071789702944692
Exponential-capacity-3214-20210301-21:50:10-11272,attr,Aerocom.aircraft[0].linkSelector,serviceTime:mean,,,
Exponential-capacity-3214-20210301-21:50:10-11272,attr,Aerocom.aircraft[0].linkSelector,serviceTime:mean,source,computeServiceTime,
Exponential-capacity-3214-20210301-21:50:10-11272,scalar,Aerocom.aircraft[0].linkSelector,queueLength:mean,,,27.886864471474
Exponential-capacity-3214-20210301-21:50:10-11272,attr,Aerocom.aircraft[0].linkSelector,queueLength:mean,,,
Exponential-capacity-3214-20210301-21:50:10-11272,attr,Aerocom.aircraft[0].linkSelector,queueLength:mean,source,computeQueueLength,
Exponential-capacity-3214-20210301-21:50:10-11272,scalar,Aerocom.aircraft[0].dataLink[0],sentPackets:count,,,1698
Exponential-capacity-3214-20210301-21:50:10-11272,attr,Aerocom.aircraft[0].dataLink[0],sentPackets:count,source,computeSentPackets,
Exponential-capacity-3214-20210301-21:50:10-11272,scalar,Aerocom.aircraft[0].dataLink[0],actualCapacity:mean,,,9529.4373236598
Exponential-capacity-3214-20210301-21:50:10-11272,attr,Aerocom.aircraft[0].dataLink[0],actualCapacity:mean,,,
Exponential-capacity-3214-20210301-21:50:10-11272,attr,Aerocom.aircraft[0].dataLink[0],actualCapacity:mean,source,computeActualCapacity,
Exponential-capacity-3214-20210301-21:50:10-11272,scalar,Aerocom.aircraft[0].dataLink[1],sentPackets:count,,,434
Exponential-capacity-3214-20210301-21:50:10-11272,attr,Aerocom.aircraft[0].dataLink[1],sentPackets:count,source,computeSentPackets,
Exponential-capacity-3214-20210301-21:50:10-11272,scalar,Aerocom.aircraft[0].dataLink[1],actualCapacity:mean,,,9221.4090534979
Exponential-capacity-3214-20210301-21:50:10-11272,attr,Aerocom.aircraft[0].dataLink[1],actualCapacity:mean,,,
Exponential-capacity-3214-20210301-21:50:10-11272,attr,Aerocom.aircraft[0].dataLink[1],actualCapacity:mean,source,computeActualCapacity,
Exponential-capacity-3214-20210301-21:50:10-11272,scalar,Aerocom.aircraft[0].dataLink[2],sentPackets:count,,,952
Exponential-capacity-3214-20210301-21:50:10-11272,attr,Aerocom.aircraft[0].dataLink[2],sentPackets:count,source,computeSentPackets,
Exponential-capacity-3214-20210301-21:50:10-11272,scalar,Aerocom.aircraft[0].dataLink[2],actualCapacity:mean,,,9414.2862903226
Exponential-capacity-3214-20210301-21:50:10-11272,attr,Aerocom.aircraft[0].dataLink[2],actualCapacity:mean,,,
Exponential-capacity-3214-20210301-21:50:10-11272,attr,Aerocom.aircraft[0].dataLink[2],actualCapacity:mean,source,computeActualCapacity,
Exponential-capacity-3214-20210301-21:50:10-11272,scalar,Aerocom.aircraft[0].dataLink[3],sentPackets:count,,,1155
Exponential-capacity-3214-20210301-21:50:10-11272,attr,Aerocom.aircraft[0].dataLink[3],sentPackets:count,source,computeSentPackets,
Exponential-capacity-3214-20210301-21:50:10-11272,scalar,Aerocom.aircraft[0].dataLink[3],actualCapacity:mean,,,9481.6488865873
Exponential-capacity-3214-20210301-21:50:10-11272,attr,Aerocom.aircraft[0].dataLink[3],actualCapacity:mean,,,
Exponential-capacity-3214-20210301-21:50:10-11272,attr,Aerocom.aircraft[0].dataLink[3],actualCapacity:mean,source,computeActualCapacity,
Exponential-capacity-3214-20210301-21:50:10-11272,scalar,Aerocom.aircraft[0].dataLink[4],sentPackets:count,,,1815
Exponential-capacity-3214-20210301-21:50:10-11272,attr,Aerocom.aircraft[0].dataLink[4],sentPackets:count,source,computeSentPackets,
Exponential-capacity-3214-20210301-21:50:10-11272,scalar,Aerocom.aircraft[0].dataLink[4],actualCapacity:mean,,,9572.8057803468
Exponential-capacity-3214-20210301-21:50:10-11272,attr,Aerocom.aircraft[0].dataLink[4],actualCapacity:mean,,,
Exponential-capacity-3214-20210301-21:50:10-11272,attr,Aerocom.aircraft[0].dataLink[4],actualCapacity:mean,source,computeActualCapacity,
Exponential-capacity-3214-20210301-21:50:10-11272,scalar,Aerocom.aircraft[0].dataLink[5],sentPackets:count,,,715
Exponential-capacity-3214-20210301-21:50:10-11272,attr,Aerocom.aircraft[0].dataLink[5],sentPackets:count,source,computeSentPackets,
Exponential-capacity-3214-20210301-21:50:10-11272,scalar,Aerocom.aircraft[0].dataLink[5],actualCapacity:mean,,,9382.4005340454
Exponential-capacity-3214-20210301-21:50:10-11272,attr,Aerocom.aircraft[0].dataLink[5],actualCapacity:mean,,,
Exponential-capacity-3214-20210301-21:50:10-11272,attr,Aerocom.aircraft[0].dataLink[5],actualCapacity:mean,source,computeActualCapacity,
Exponential-capacity-3214-20210301-21:50:10-11272,scalar,Aerocom.aircraft[0].dataLink[6],sentPackets:count,,,1132
Exponential-capacity-3214-20210301-21:50:10-11272,attr,Aerocom.aircraft[0].dataLink[6],sentPackets:count,source,computeSentPackets,
Exponential-capacity-3214-20210301-21:50:10-11272,scalar,Aerocom.aircraft[0].dataLink[6],actualCapacity:mean,,,9469.9077084426
Exponential-capacity-3214-20210301-21:50:10-11272,attr,Aerocom.aircraft[0].dataLink[6],actualCapacity:mean,,,
Exponential-capacity-3214-20210301-21:50:10-11272,attr,Aerocom.aircraft[0].dataLink[6],actualCapacity:mean,source,computeActualCapacity,
Exponential-capacity-3214-20210301-21:50:10-11272,scalar,Aerocom.aircraft[0].dataLink[7],sentPackets:count,,,1029
Exponential-capacity-3214-20210301-21:50:10-11272,attr,Aerocom.aircraft[0].dataLink[7],sentPackets:count,source,computeSentPackets,
Exponential-capacity-3214-20210301-21:50:10-11272,scalar,Aerocom.aircraft[0].dataLink[7],actualCapacity:mean,,,9425.56796918
Exponential-capacity-3214-20210301-21:50:10-11272,attr,Aerocom.aircraft[0].dataLink[7],actualCapacity:mean,,,
Exponential-capacity-3214-20210301-21:50:10-11272,attr,Aerocom.aircraft[0].dataLink[7],actualCapacity:mean,source,computeActualCapacity,
Exponential-capacity-3214-20210301-21:50:10-11272,scalar,Aerocom.aircraft[0].dataLink[8],sentPackets:count,,,1485
Exponential-capacity-3214-20210301-21:50:10-11272,attr,Aerocom.aircraft[0].dataLink[8],sentPackets:count,source,computeSentPackets,
Exponential-capacity-3214-20210301-21:50:10-11272,scalar,Aerocom.aircraft[0].dataLink[8],actualCapacity:mean,,,9496.1156732892
Exponential-capacity-3214-20210301-21:50:10-11272,attr,Aerocom.aircraft[0].dataLink[8],actualCapacity:mean,,,
Exponential-capacity-3214-20210301-21:50:10-11272,attr,Aerocom.aircraft[0].dataLink[8],actualCapacity:mean,source,computeActualCapacity,
Exponential-capacity-3214-20210301-21:50:10-11272,scalar,Aerocom.aircraft[0].dataLink[9],sentPackets:count,,,1568
Exponential-capacity-3214-20210301-21:50:10-11272,attr,Aerocom.aircraft[0].dataLink[9],sentPackets:count,source,computeSentPackets,
Exponential-capacity-3214-20210301-21:50:10-11272,scalar,Aerocom.aircraft[0].dataLink[9],actualCapacity:mean,,,9527.135665529
Exponential-capacity-3214-20210301-21:50:10-11272,attr,Aerocom.aircraft[0].dataLink[9],actualCapacity:mean,,,
Exponential-capacity-3214-20210301-21:50:10-11272,attr,Aerocom.aircraft[0].dataLink[9],actualCapacity:mean,source,computeActualCapacity,
Exponential-capacity-3214-20210301-21:50:10-11272,scalar,Aerocom.aircraft[0].dataLink[10],sentPackets:count,,,602
Exponential-capacity-3214-20210301-21:50:10-11272,attr,Aerocom.aircraft[0].dataLink[10],sentPackets:count,source,computeSentPackets,
Exponential-capacity-3214-20210301-21:50:10-11272,scalar,Aerocom.aircraft[0].dataLink[10],actualCapacity:mean,,,9278.0653594771
Exponential-capacity-3214-20210301-21:50:10-11272,attr,Aerocom.aircraft[0].dataLink[10],actualCapacity:mean,,,
Exponential-capacity-3214-20210301-21:50:10-11272,attr,Aerocom.aircraft[0].dataLink[10],actualCapacity:mean,source,computeActualCapacity,
Exponential-capacity-3214-20210301-21:50:10-11272,scalar,Aerocom.aircraft[0].dataLink[11],sentPackets:count,,,1541
Exponential-capacity-3214-20210301-21:50:10-11272,attr,Aerocom.aircraft[0].dataLink[11],sentPackets:count,source,computeSentPackets,
Exponential-capacity-3214-20210301-21:50:10-11272,scalar,Aerocom.aircraft[0].dataLink[11],actualCapacity:mean,,,9555.0146868251
Exponential-capacity-3214-20210301-21:50:10-11272,attr,Aerocom.aircraft[0].dataLink[11],actualCapacity:mean,,,
Exponential-capacity-3214-20210301-21:50:10-11272,attr,Aerocom.aircraft[0].dataLink[11],actualCapacity:mean,source,computeActualCapacity,
Exponential-capacity-3214-20210301-21:50:10-11272,scalar,Aerocom.aircraft[0].dataLink[12],sentPackets:count,,,1425
Exponential-capacity-3214-20210301-21:50:10-11272,attr,Aerocom.aircraft[0].dataLink[12],sentPackets:count,source,computeSentPackets,
Exponential-capacity-3214-20210301-21:50:10-11272,scalar,Aerocom.aircraft[0].dataLink[12],actualCapacity:mean,,,9460.6257918552
Exponential-capacity-3214-20210301-21:50:10-11272,attr,Aerocom.aircraft[0].dataLink[12],actualCapacity:mean,,,
Exponential-capacity-3214-20210301-21:50:10-11272,attr,Aerocom.aircraft[0].dataLink[12],actualCapacity:mean,source,computeActualCapacity,
Exponential-capacity-3214-20210301-21:50:10-11272,scalar,Aerocom.aircraft[0].dataLink[13],sentPackets:count,,,1435
Exponential-capacity-3214-20210301-21:50:10-11272,attr,Aerocom.aircraft[0].dataLink[13],sentPackets:count,source,computeSentPackets,
Exponential-capacity-3214-20210301-21:50:10-11272,scalar,Aerocom.aircraft[0].dataLink[13],actualCapacity:mean,,,9466.1120107962
Exponential-capacity-3214-20210301-21:50:10-11272,attr,Aerocom.aircraft[0].dataLink[13],actualCapacity:mean,,,
Exponential-capacity-3214-20210301-21:50:10-11272,attr,Aerocom.aircraft[0].dataLink[13],actualCapacity:mean,source,computeActualCapacity,
Exponential-capacity-3214-20210301-21:50:10-11272,scalar,Aerocom.aircraft[0].dataLink[14],sentPackets:count,,,1231
Exponential-capacity-3214-20210301-21:50:10-11272,attr,Aerocom.aircraft[0].dataLink[14],sentPackets:count,source,computeSentPackets,
Exponential-capacity-3214-20210301-21:50:10-11272,scalar,Aerocom.aircraft[0].dataLink[14],actualCapacity:mean,,,9439.7021382397
Exponential-capacity-3214-20210301-21:50:10-11272,attr,Aerocom.aircraft[0].dataLink[14],actualCapacity:mean,,,
Exponential-capacity-3214-20210301-21:50:10-11272,attr,Aerocom.aircraft[0].dataLink[14],actualCapacity:mean,source,computeActualCapacity,
Exponential-capacity-3214-20210301-21:50:10-11272,scalar,Aerocom.aircraft[0].dataLink[15],sentPackets:count,,,1431
Exponential-capacity-3214-20210301-21:50:10-11272,attr,Aerocom.aircraft[0].dataLink[15],sentPackets:count,source,computeSentPackets,
Exponential-capacity-3214-20210301-21:50:10-11272,scalar,Aerocom.aircraft[0].dataLink[15],actualCapacity:mean,,,9507.7387387387
Exponential-capacity-3214-20210301-21:50:10-11272,attr,Aerocom.aircraft[0].dataLink[15],actualCapacity:mean,,,
Exponential-capacity-3214-20210301-21:50:10-11272,attr,Aerocom.aircraft[0].dataLink[15],actualCapacity:mean,source,computeActualCapacity,
Exponential-capacity-3214-20210301-21:50:10-11272,scalar,Aerocom.controlTower,receivedPackets:count,,,19648
Exponential-capacity-3214-20210301-21:50:10-11272,attr,Aerocom.controlTower,receivedPackets:count,source,computeReceivedPackets,
Exponential-capacity-3215-20210301-21:50:10-11272,scalar,Aerocom.aircraft[0].linkSelector,responseTime:mean,,,0.56590490428943
Exponential-capacity-3215-20210301-21:50:10-11272,attr,Aerocom.aircraft[0].linkSelector,responseTime:mean,,,
Exponential-capacity-3215-20210301-21:50:10-11272,attr,Aerocom.aircraft[0].linkSelector,responseTime:mean,source,computeResponseTime,
Exponential-capacity-3215-20210301-21:50:10-11272,scalar,Aerocom.aircraft[0].linkSelector,meanMalus:sum,,,12472
Exponential-capacity-3215-20210301-21:50:10-11272,attr,Aerocom.aircraft[0].linkSelector,meanMalus:sum,,,
Exponential-capacity-3215-20210301-21:50:10-11272,attr,Aerocom.aircraft[0].linkSelector,meanMalus:sum,source,computeMeanMalus,
Exponential-capacity-3215-20210301-21:50:10-11272,scalar,Aerocom.aircraft[0].linkSelector,waitingTime:mean,,,0.55875893457483
Exponential-capacity-3215-20210301-21:50:10-11272,attr,Aerocom.aircraft[0].linkSelector,waitingTime:mean,,,
Exponential-capacity-3215-20210301-21:50:10-11272,attr,Aerocom.aircraft[0].linkSelector,waitingTime:mean,source,computeWaitingTime,
Exponential-capacity-3215-20210301-21:50:10-11272,scalar,Aerocom.aircraft[0].linkSelector,serviceTime:mean,,,0.0071955275181465
Exponential-capacity-3215-20210301-21:50:10-11272,attr,Aerocom.aircraft[0].linkSelector,serviceTime:mean,,,
Exponential-capacity-3215-20210301-21:50:10-11272,attr,Aerocom.aircraft[0].linkSelector,serviceTime:mean,source,computeServiceTime,
Exponential-capacity-3215-20210301-21:50:10-11272,scalar,Aerocom.aircraft[0].linkSelector,queueLength:mean,,,28.247490957257
Exponential-capacity-3215-20210301-21:50:10-11272,attr,Aerocom.aircraft[0].linkSelector,queueLength:mean,,,
Exponential-capacity-3215-20210301-21:50:10-11272,attr,Aerocom.aircraft[0].linkSelector,queueLength:mean,source,computeQueueLength,
Exponential-capacity-3215-20210301-21:50:10-11272,scalar,Aerocom.aircraft[0].dataLink[0],sentPackets:count,,,1277
Exponential-capacity-3215-20210301-21:50:10-11272,attr,Aerocom.aircraft[0].dataLink[0],sentPackets:count,source,computeSentPackets,
Exponential-capacity-3215-20210301-21:50:10-11272,scalar,Aerocom.aircraft[0].dataLink[0],actualCapacity:mean,,,9465.603892944
Exponential-capacity-3215-20210301-21:50:10-11272,attr,Aerocom.aircraft[0].dataLink[0],actualCapacity:mean,,,
Exponential-capacity-3215-20210301-21:50:10-11272,attr,Aerocom.aircraft[0].dataLink[0],actualCapacity:mean,source,computeActualCapacity,
Exponential-capacity-3215-20210301-21:50:10-11272,scalar,Aerocom.aircraft[0].dataLink[1],sentPackets:count,,,973
Exponential-capacity-3215-20210301-21:50:10-11272,attr,Aerocom.aircraft[0].dataLink[1],sentPackets:count,source,computeSentPackets,
Exponential-capacity-3215-20210301-21:50:10-11272,scalar,Aerocom.aircraft[0].dataLink[1],actualCapacity:mean,,,9399.7926898915
Exponential-capacity-3215-20210301-21:50:10-11272,attr,Aerocom.aircraft[0].dataLink[1],actualCapacity:mean,,,
Exponential-capacity-3215-20210301-21:50:10-11272,attr,Aerocom.aircraft[0].dataLink[1],actualCapacity:mean,source,computeActualCapacity,
Exponential-capacity-3215-20210301-21:50:10-11272,scalar,Aerocom.aircraft[0].dataLink[2],sentPackets:count,,,1471
Exponential-capacity-3215-20210301-21:50:10-11272,attr,Aerocom.aircraft[0].dataLink[2],sentPackets:count,source,computeSentPackets,
Exponential-capacity-3215-20210301-21:50:10-11272,scalar,Aerocom.aircraft[0].dataLink[2],actualCapacity:mean,,,9442.216481069
Exponential-capacity-3215-20210301-21:50:10-11272,attr,Aerocom.aircraft[0].dataLink[2],actualCapacity:mean,,,
Exponential-capacity-3215-20210301-21:50:10-11272,attr,Aerocom.aircraft[0].dataLink[2],actualCapacity:mean,source,computeActualCapacity,
Exponential-capacity-3215-20210301-21:50:10-11272,scalar,Aerocom.aircraft[0].dataLink[3],sentPackets:count,,,1062
Exponential-capacity-3215-20210301-21:50:10-11272,attr,Aerocom.aircraft[0].dataLink[3],sentPackets:count,source,computeSentPackets,
Exponential-capacity-3215-20210301-21:50:10-11272,scalar,Aerocom.aircraft[0].dataLink[3],actualCapacity:mean,,,9459.206185567
Exponential-capacity-3215-20210301-21:50:10-11272,attr,Aerocom.aircraft[0].dataLink[3],actualCapacity:mean,,,
Exponential-capacity-3215-20210301-21:50:10-11272,attr,Aerocom.aircraft[0].dataLink[3],actualCapacity:mean,source,computeActualCapacity,
Exponential-capacity-3215-20210301-21:50:10-11272,scalar,Aerocom.aircraft[0].dataLink[4],sentPackets:count,,,995
Exponential-capacity-3215-20210301-21:50:10-11272,attr,Aerocom.aircraft[0].dataLink[4],sentPackets:count,source,computeSentPackets,
Exponential-capacity-3215-20210301-21:50:10-11272,scalar,Aerocom.aircraft[0].dataLink[4],actualCapacity:mean,,,9405.6152980877
Exponential-capacity-3215-20210301-21:50:10-11272,attr,Aerocom.aircraft[0].dataLink[4],actualCapacity:mean,,,
Exponential-capacity-3215-20210301-21:50:10-11272,attr,Aerocom.aircraft[0].dataLink[4],actualCapacity:mean,source,computeActualCapacity,
Exponential-capacity-3215-20210301-21:50:10-11272,scalar,Aerocom.aircraft[0].dataLink[5],sentPackets:count,,,1512
Exponential-capacity-3215-20210301-21:50:10-11272,attr,Aerocom.aircraft[0].dataLink[5],sentPackets:count,source,computeSentPackets,
Exponential-capacity-3215-20210301-21:50:10-11272,scalar,Aerocom.aircraft[0].dataLink[5],actualCapacity:mean,,,9548.7982570806
Exponential-capacity-3215-20210301-21:50:10-11272,attr,Aerocom.aircraft[0].dataLink[5],actualCapacity:mean,,,
Exponential-capacity-3215-20210301-21:50:10-11272,attr,Aerocom.aircraft[0].dataLink[5],actualCapacity:mean,source,computeActualCapacity,
Exponential-capacity-3215-20210301-21:50:10-11272,scalar,Aerocom.aircraft[0].dataLink[6],sentPackets:count,,,1015
Exponential-capacity-3215-20210301-21:50:10-11272,attr,Aerocom.aircraft[0].dataLink[6],sentPackets:count,source,computeSentPackets,
Exponential-capacity-3215-20210301-21:50:10-11272,scalar,Aerocom.aircraft[0].dataLink[6],actualCapacity:mean,,,9427.1732590529
Exponential-capacity-3215-20210301-21:50:10-11272,attr,Aerocom.aircraft[0].dataLink[6],actualCapacity:mean,,,
Exponential-capacity-3215-20210301-21:50:10-11272,attr,Aerocom.aircraft[0].dataLink[6],actualCapacity:mean,source,computeActualCapacity,
Exponential-capacity-3215-20210301-21:50:10-11272,scalar,Aerocom.aircraft[0].dataLink[7],sentPackets:count,,,960
Exponential-capacity-3215-20210301-21:50:10-11272,attr,Aerocom.aircraft[0].dataLink[7],sentPackets:count,source,computeSentPackets,
Exponential-capacity-3215-20210301-21:50:10-11272,scalar,Aerocom.aircraft[0].dataLink[7],actualCapacity:mean,,,9392.3461318052
Exponential-capacity-3215-20210301-21:50:10-11272,attr,Aerocom.aircraft[0].dataLink[7],actualCapacity:mean,,,
Exponential-capacity-3215-20210301-21:50:10-11272,attr,Aerocom.aircraft[0].dataLink[7],actualCapacity:mean,source,computeActualCapacity,
Exponential-capacity-3215-20210301-21:50:10-11272,scalar,Aerocom.aircraft[0].dataLink[8],sentPackets:count,,,1338
Exponential-capacity-3215-20210301-21:50:10-11272,attr,Aerocom.aircraft[0].dataLink[8],sentPackets:count,source,computeSentPackets,
Exponential-capacity-3215-20210301-21:50:10-11272,scalar,Aerocom.aircraft[0].dataLink[8],actualCapacity:mean,,,9499.3849056604
Exponential-capacity-3215-20210301-21:50:10-11272,attr,Aerocom.aircraft[0].dataLink[8],actualCapacity:mean,,,
Exponential-capacity-3215-20210301-21:50:10-11272,attr,Aerocom.aircraft[0].dataLink[8],actualCapacity:mean,source,computeActualCapacity,
Exponential-capacity-3215-20210301-21:50:10-11272,scalar,Aerocom.aircraft[0].dataLink[9],sentPackets:count,,,1981
Exponential-capacity-3215-20210301-21:50:10-11272,attr,Aerocom.aircraft[0].dataLink[9],sentPackets:count,source,computeSentPackets,
Exponential-capacity-3215-20210301-21:50:10-11272,scalar,Aerocom.aircraft[0].dataLink[9],actualCapacity:mean,,,9603.5893439652
Exponential-capacity-3215-20210301-21:50:10-11272,attr,Aerocom.aircraft[0].dataLink[9],actualCapacity:mean,,,
Exponential-capacity-3215-20210301-21:50:10-11272,attr,Aerocom.aircraft[0].dataLink[9],actualCapacity:mean,source,computeActualCapacity,
Exponential-capacity-3215-20210301-21:50:10-11272,scalar,Aerocom.aircraft[0].dataLink[10],sentPackets:count,,,1217
Exponential-capacity-3215-20210301-21:50:10-11272,attr,Aerocom.aircraft[0].dataLink[10],sentPackets:count,source,computeSentPackets,
Exponential-capacity-3215-20210301-21:50:10-11272,scalar,Aerocom.aircraft[0].dataLink[10],actualCapacity:mean,,,9376.9258888332
Exponential-capacity-3215-20210301-21:50:10-11272,attr,Aerocom.aircraft[0].dataLink[10],actualCapacity:mean,,,
Exponential-capacity-3215-20210301-21:50:10-11272,attr,Aerocom.aircraft[0].dataLink[10],actualCapacity:mean,source,computeActualCapacity,
Exponential-capacity-3215-20210301-21:50:10-11272,scalar,Aerocom.aircraft[0].dataLink[11],sentPackets:count,,,761
Exponential-capacity-3215-20210301-21:50:10-11272,attr,Aerocom.aircraft[0].dataLink[11],sentPackets:count,source,computeSentPackets,
Exponential-capacity-3215-20210301-21:50:10-11272,scalar,Aerocom.aircraft[0].dataLink[11],actualCapacity:mean,,,9412.8555699482
Exponential-capacity-3215-20210301-21:50:10-11272,attr,Aerocom.aircraft[0].dataLink[11],actualCapacity:mean,,,
Exponential-capacity-3215-20210301-21:50:10-11272,attr,Aerocom.aircraft[0].dataLink[11],actualCapacity:mean,source,computeActualCapacity,
Exponential-capacity-3215-20210301-21:50:10-11272,scalar,Aerocom.aircraft[0].dataLink[12],sentPackets:count,,,548
Exponential-capacity-3215-20210301-21:50:10-11272,attr,Aerocom.aircraft[0].dataLink[12],sentPackets:count,source,computeSentPackets,
Exponential-capacity-3215-20210301-21:50:10-11272,scalar,Aerocom.aircraft[0].dataLink[12],actualCapacity:mean,,,9259.5342362679
Exponential-capacity-3215-20210301-21:50:10-11272,attr,Aerocom.aircraft[0].dataLink[12],actualCapacity:mean,,,
Exponential-capacity-3215-20210301-21:50:10-11272,attr,Aerocom.aircraft[0].dataLink[12],actualCapacity:mean,source,computeActualCapacity,
Exponential-capacity-3215-20210301-21:50:10-11272,scalar,Aerocom.aircraft[0].dataLink[13],sentPackets:count,,,1164
Exponential-capacity-3215-20210301-21:50:10-11272,attr,Aerocom.aircraft[0].dataLink[13],sentPackets:count,source,computeSentPackets,
Exponential-capacity-3215-20210301-21:50:10-11272,scalar,Aerocom.aircraft[0].dataLink[13],actualCapacity:mean,,,9404.0575243965
Exponential-capacity-3215-20210301-21:50:10-11272,attr,Aerocom.aircraft[0].dataLink[13],actualCapacity:mean,,,
Exponential-capacity-3215-20210301-21:50:10-11272,attr,Aerocom.aircraft[0].dataLink[13],actualCapacity:mean,source,computeActualCapacity,
Exponential-capacity-3215-20210301-21:50:10-11272,scalar,Aerocom.aircraft[0].dataLink[14],sentPackets:count,,,1453
Exponential-capacity-3215-20210301-21:50:10-11272,attr,Aerocom.aircraft[0].dataLink[14],sentPackets:count,source,computeSentPackets,
Exponential-capacity-3215-20210301-21:50:10-11272,scalar,Aerocom.aircraft[0].dataLink[14],actualCapacity:mean,,,9429.4883616831
Exponential-capacity-3215-20210301-21:50:10-11272,attr,Aerocom.aircraft[0].dataLink[14],actualCapacity:mean,,,
Exponential-capacity-3215-20210301-21:50:10-11272,attr,Aerocom.aircraft[0].dataLink[14],actualCapacity:mean,source,computeActualCapacity,
Exponential-capacity-3215-20210301-21:50:10-11272,scalar,Aerocom.aircraft[0].dataLink[15],sentPackets:count,,,1901
Exponential-capacity-3215-20210301-21:50:10-11272,attr,Aerocom.aircraft[0].dataLink[15],sentPackets:count,source,computeSentPackets,
Exponential-capacity-3215-20210301-21:50:10-11272,scalar,Aerocom.aircraft[0].dataLink[15],actualCapacity:mean,,,9483.7537202381
Exponential-capacity-3215-20210301-21:50:10-11272,attr,Aerocom.aircraft[0].dataLink[15],actualCapacity:mean,,,
Exponential-capacity-3215-20210301-21:50:10-11272,attr,Aerocom.aircraft[0].dataLink[15],actualCapacity:mean,source,computeActualCapacity,
Exponential-capacity-3215-20210301-21:50:10-11272,scalar,Aerocom.controlTower,receivedPackets:count,,,19628
Exponential-capacity-3215-20210301-21:50:10-11272,attr,Aerocom.controlTower,receivedPackets:count,source,computeReceivedPackets,
Exponential-capacity-3216-20210301-21:50:09-11277,scalar,Aerocom.aircraft[0].linkSelector,responseTime:mean,,,0.57857369825059
Exponential-capacity-3216-20210301-21:50:09-11277,attr,Aerocom.aircraft[0].linkSelector,responseTime:mean,,,
Exponential-capacity-3216-20210301-21:50:09-11277,attr,Aerocom.aircraft[0].linkSelector,responseTime:mean,source,computeResponseTime,
Exponential-capacity-3216-20210301-21:50:09-11277,scalar,Aerocom.aircraft[0].linkSelector,meanMalus:sum,,,12390
Exponential-capacity-3216-20210301-21:50:09-11277,attr,Aerocom.aircraft[0].linkSelector,meanMalus:sum,,,
Exponential-capacity-3216-20210301-21:50:09-11277,attr,Aerocom.aircraft[0].linkSelector,meanMalus:sum,source,computeMeanMalus,
Exponential-capacity-3216-20210301-21:50:09-11277,scalar,Aerocom.aircraft[0].linkSelector,waitingTime:mean,,,0.57143481408011
Exponential-capacity-3216-20210301-21:50:09-11277,attr,Aerocom.aircraft[0].linkSelector,waitingTime:mean,,,
Exponential-capacity-3216-20210301-21:50:09-11277,attr,Aerocom.aircraft[0].linkSelector,waitingTime:mean,source,computeWaitingTime,
Exponential-capacity-3216-20210301-21:50:09-11277,scalar,Aerocom.aircraft[0].linkSelector,serviceTime:mean,,,0.0071826406505904
Exponential-capacity-3216-20210301-21:50:09-11277,attr,Aerocom.aircraft[0].linkSelector,serviceTime:mean,,,
Exponential-capacity-3216-20210301-21:50:09-11277,attr,Aerocom.aircraft[0].linkSelector,serviceTime:mean,source,computeServiceTime,
Exponential-capacity-3216-20210301-21:50:09-11277,scalar,Aerocom.aircraft[0].linkSelector,queueLength:mean,,,28.467185818946
Exponential-capacity-3216-20210301-21:50:09-11277,attr,Aerocom.aircraft[0].linkSelector,queueLength:mean,,,
Exponential-capacity-3216-20210301-21:50:09-11277,attr,Aerocom.aircraft[0].linkSelector,queueLength:mean,source,computeQueueLength,
Exponential-capacity-3216-20210301-21:50:09-11277,scalar,Aerocom.aircraft[0].dataLink[0],sentPackets:count,,,382
Exponential-capacity-3216-20210301-21:50:09-11277,attr,Aerocom.aircraft[0].dataLink[0],sentPackets:count,source,computeSentPackets,
Exponential-capacity-3216-20210301-21:50:09-11277,scalar,Aerocom.aircraft[0].dataLink[0],actualCapacity:mean,,,9147.0428816467
Exponential-capacity-3216-20210301-21:50:09-11277,attr,Aerocom.aircraft[0].dataLink[0],actualCapacity:mean,,,
Exponential-capacity-3216-20210301-21:50:09-11277,attr,Aerocom.aircraft[0].dataLink[0],actualCapacity:mean,source,computeActualCapacity,
Exponential-capacity-3216-20210301-21:50:09-11277,scalar,Aerocom.aircraft[0].dataLink[1],sentPackets:count,,,1487
Exponential-capacity-3216-20210301-21:50:09-11277,attr,Aerocom.aircraft[0].dataLink[1],sentPackets:count,source,computeSentPackets,
Exponential-capacity-3216-20210301-21:50:09-11277,scalar,Aerocom.aircraft[0].dataLink[1],actualCapacity:mean,,,9525.4249116608
Exponential-capacity-3216-20210301-21:50:09-11277,attr,Aerocom.aircraft[0].dataLink[1],actualCapacity:mean,,,
Exponential-capacity-3216-20210301-21:50:09-11277,attr,Aerocom.aircraft[0].dataLink[1],actualCapacity:mean,source,computeActualCapacity,
Exponential-capacity-3216-20210301-21:50:09-11277,scalar,Aerocom.aircraft[0].dataLink[2],sentPackets:count,,,1530
Exponential-capacity-3216-20210301-21:50:09-11277,attr,Aerocom.aircraft[0].dataLink[2],sentPackets:count,source,computeSentPackets,
Exponential-capacity-3216-20210301-21:50:09-11277,scalar,Aerocom.aircraft[0].dataLink[2],actualCapacity:mean,,,9524.4384215091
Exponential-capacity-3216-20210301-21:50:09-11277,attr,Aerocom.aircraft[0].dataLink[2],actualCapacity:mean,,,
Exponential-capacity-3216-20210301-21:50:09-11277,attr,Aerocom.aircraft[0].dataLink[2],actualCapacity:mean,source,computeActualCapacity,
Exponential-capacity-3216-20210301-21:50:09-11277,scalar,Aerocom.aircraft[0].dataLink[3],sentPackets:count,,,1819
Exponential-capacity-3216-20210301-21:50:09-11277,attr,Aerocom.aircraft[0].dataLink[3],sentPackets:count,source,computeSentPackets,
Exponential-capacity-3216-20210301-21:50:09-11277,scalar,Aerocom.aircraft[0].dataLink[3],actualCapacity:mean,,,9537.1915384615
Exponential-capacity-3216-20210301-21:50:09-11277,attr,Aerocom.aircraft[0].dataLink[3],actualCapacity:mean,,,
Exponential-capacity-3216-20210301-21:50:09-11277,attr,Aerocom.aircraft[0].dataLink[3],actualCapacity:mean,source,computeActualCapacity,
Exponential-capacity-3216-20210301-21:50:09-11277,scalar,Aerocom.aircraft[0].dataLink[4],sentPackets:count,,,1437
Exponential-capacity-3216-20210301-21:50:09-11277,attr,Aerocom.aircraft[0].dataLink[4],sentPackets:count,source,computeSentPackets,
Exponential-capacity-3216-20210301-21:50:09-11277,scalar,Aerocom.aircraft[0].dataLink[4],actualCapacity:mean,,,9470.4970601538
Exponential-capacity-3216-20210301-21:50:09-11277,attr,Aerocom.aircraft[0].dataLink[4],actualCapacity:mean,,,
Exponential-capacity-3216-20210301-21:50:09-11277,attr,Aerocom.aircraft[0].dataLink[4],actualCapacity:mean,source,computeActualCapacity,
Exponential-capacity-3216-20210301-21:50:09-11277,scalar,Aerocom.aircraft[0].dataLink[5],sentPackets:count,,,934
Exponential-capacity-3216-20210301-21:50:09-11277,attr,Aerocom.aircraft[0].dataLink[5],sentPackets:count,source,computeSentPackets,
Exponential-capacity-3216-20210301-21:50:09-11277,scalar,Aerocom.aircraft[0].dataLink[5],actualCapacity:mean,,,9436.1284296556
Exponential-capacity-3216-20210301-21:50:09-11277,attr,Aerocom.aircraft[0].dataLink[5],actualCapacity:mean,,,
Exponential-capacity-3216-20210301-21:50:09-11277,attr,Aerocom.aircraft[0].dataLink[5],actualCapacity:mean,source,computeActualCapacity,
Exponential-capacity-3216-20210301-21:50:09-11277,scalar,Aerocom.aircraft[0].dataLink[6],sentPackets:count,,,1064
Exponential-capacity-3216-20210301-21:50:09-11277,attr,Aerocom.aircraft[0].dataLink[6],sentPackets:count,source,computeSentPackets,
Exponential-capacity-3216-20210301-21:50:09-11277,scalar,Aerocom.aircraft[0].dataLink[6],actualCapacity:mean,,,9416.5162689805
Exponential-capacity-3216-20210301-21:50:09-11277,attr,Aerocom.aircraft[0].dataLink[6],actualCapacity:mean,,,
Exponential-capacity-3216-20210301-21:50:09-11277,attr,Aerocom.aircraft[0].dataLink[6],actualCapacity:mean,source,computeActualCapacity,
Exponential-capacity-3216-20210301-21:50:09-11277,scalar,Aerocom.aircraft[0].dataLink[7],sentPackets:count,,,1237
Exponential-capacity-3216-20210301-21:50:09-11277,attr,Aerocom.aircraft[0].dataLink[7],sentPackets:count,source,computeSentPackets,
Exponential-capacity-3216-20210301-21:50:09-11277,scalar,Aerocom.aircraft[0].dataLink[7],actualCapacity:mean,,,9525.2136498516
Exponential-capacity-3216-20210301-21:50:09-11277,attr,Aerocom.aircraft[0].dataLink[7],actualCapacity:mean,,,
Exponential-capacity-3216-20210301-21:50:09-11277,attr,Aerocom.aircraft[0].dataLink[7],actualCapacity:mean,source,computeActualCapacity,
Exponential-capacity-3216-20210301-21:50:09-11277,scalar,Aerocom.aircraft[0].dataLink[8],sentPackets:count,,,988
Exponential-capacity-3216-20210301-21:50:09-11277,attr,Aerocom.aircraft[0].dataLink[8],sentPackets:count,source,computeSentPackets,
Exponential-capacity-3216-20210301-21:50:09-11277,scalar,Aerocom.aircraft[0].dataLink[8],actualCapacity:mean,,,9345.4912676056
Exponential-capacity-3216-20210301-21:50:09-11277,attr,Aerocom.aircraft[0].dataLink[8],actualCapacity:mean,,,
Exponential-capacity-3216-20210301-21:50:09-11277,attr,Aerocom.aircraft[0].dataLink[8],actualCapacity:mean,source,computeActualCapacity,
Exponential-capacity-3216-20210301-21:50:09-11277,scalar,Aerocom.aircraft[0].dataLink[9],sentPackets:count,,,1212
Exponential-capacity-3216-20210301-21:50:09-11277,attr,Aerocom.aircraft[0].dataLink[9],sentPackets:count,source,computeSentPackets,
Exponential-capacity-3216-20210301-21:50:09-11277,scalar,Aerocom.aircraft[0].dataLink[9],actualCapacity:mean,,,9453.5896534405
Exponential-capacity-3216-20210301-21:50:09-11277,attr,Aerocom.aircraft[0].dataLink[9],actualCapacity:mean,,,
Exponential-capacity-3216-20210301-21:50:09-11277,attr,Aerocom.aircraft[0].dataLink[9],actualCapacity:mean,source,computeActualCapacity,
Exponential-capacity-3216-20210301-21:50:09-11277,scalar,Aerocom.aircraft[0].dataLink[10],sentPackets:count,,,1126
Exponential-capacity-3216-20210301-21:50:09-11277,attr,Aerocom.aircraft[0].dataLink[10],sentPackets:count,source,computeSentPackets,
Exponential-capacity-3216-20210301-21:50:09-11277,scalar,Aerocom.aircraft[0].dataLink[10],actualCapacity:mean,,,9349.5401153644
Exponential-capacity-3216-20210301-21:50:09-11277,attr,Aerocom.aircraft[0].dataLink[10],actualCapacity:mean,,,
Exponential-capacity-3216-20210301-21:50:09-11277,attr,Aerocom.aircraft[0].dataLink[10],actualCapacity:mean,source,computeActualCapacity,
Exponential-capacity-3216-20210301-21:50:09-11277,scalar,Aerocom.aircraft[0].dataLink[11],sentPackets:count,,,1218
Exponential-capacity-3216-20210301-21:50:09-11277,attr,Aerocom.aircraft[0].dataLink[11],sentPackets:count,source,computeSentPackets,
Exponential-capacity-3216-20210301-21:50:09-11277,scalar,Aerocom.aircraft[0].dataLink[11],actualCapacity:mean,,,9380.5569430569
Exponential-capacity-3216-20210301-21:50:09-11277,attr,Aerocom.aircraft[0].dataLink[11],actualCapacity:mean,,,
Exponential-capacity-3216-20210301-21:50:09-11277,attr,Aerocom.aircraft[0].dataLink[11],actualCapacity:mean,source,computeActualCapacity,
Exponential-capacity-3216-20210301-21:50:09-11277,scalar,Aerocom.aircraft[0].dataLink[12],sentPackets:count,,,1615
Exponential-capacity-3216-20210301-21:50:09-11277,attr,Aerocom.aircraft[0].dataLink[12],sentPackets:count,source,computeSentPackets,
Exponential-capacity-3216-20210301-21:50:09-11277,scalar,Aerocom.aircraft[0].dataLink[12],actualCapacity:mean,,,9561.5212677231
Exponential-capacity-3216-20210301-21:50:09-11277,attr,Aerocom.aircraft[0].dataLink[12],actualCapacity:mean,,,
Exponential-capacity-3216-20210301-21:50:09-11277,attr,Aerocom.aircraft[0].dataLink[12],actualCapacity:mean,source,computeActualCapacity,
Exponential-capacity-3216-20210301-21:50:09-11277,scalar,Aerocom.aircraft[0].dataLink[13],sentPackets:count,,,1282
Exponential-capacity-3216-20210301-21:50:09-11277,attr,Aerocom.aircraft[0].dataLink[13],sentPackets:count,source,computeSentPackets,
Exponential-capacity-3216-20210301-21:50:09-11277,scalar,Aerocom.aircraft[0].dataLink[13],actualCapacity:mean,,,9522.6697336562
Exponential-capacity-3216-20210301-21:50:09-11277,attr,Aerocom.aircraft[0].dataLink[13],actualCapacity:mean,,,
Exponential-capacity-3216-20210301-21:50:09-11277,attr,Aerocom.aircraft[0].dataLink[13],actualCapacity:mean,source,computeActualCapacity,
Exponential-capacity-3216-20210301-21:50:09-11277,scalar,Aerocom.aircraft[0].dataLink[14],sentPackets:count,,,1411
Exponential-capacity-3216-20210301-21:50:09-11277,attr,Aerocom.aircraft[0].dataLink[14],sentPackets:count,source,computeSentPackets,
Exponential-capacity-3216-20210301-21:50:09-11277,scalar,Aerocom.aircraft[0].dataLink[14],actualCapacity:mean,,,9448.2661804923
Exponential-capacity-3216-20210301-21:50:09-11277,attr,Aerocom.aircraft[0].dataLink[14],actualCapacity:mean,,,
Exponential-capacity-3216-20210301-21:50:09-11277,attr,Aerocom.aircraft[0].dataLink[14],actualCapacity:mean,source,computeActualCapacity,
Exponential-capacity-3216-20210301-21:50:09-11277,scalar,Aerocom.aircraft[0].dataLink[15],sentPackets:count,,,776
Exponential-capacity-3216-20210301-21:50:09-11277,attr,Aerocom.aircraft[0].dataLink[15],sentPackets:count,source,computeSentPackets,
Exponential-capacity-3216-20210301-21:50:09-11277,scalar,Aerocom.aircraft[0].dataLink[15],actualCapacity:mean,,,9390.9890815671
Exponential-capacity-3216-20210301-21:50:09-11277,attr,Aerocom.aircraft[0].dataLink[15],actualCapacity:mean,,,
Exponential-capacity-3216-20210301-21:50:09-11277,attr,Aerocom.aircraft[0].dataLink[15],actualCapacity:mean,source,computeActualCapacity,
Exponential-capacity-3216-20210301-21:50:09-11277,scalar,Aerocom.controlTower,receivedPackets:count,,,19518
Exponential-capacity-3216-20210301-21:50:09-11277,attr,Aerocom.controlTower,receivedPackets:count,source,computeReceivedPackets,
Exponential-capacity-3217-20210301-21:50:09-11277,scalar,Aerocom.aircraft[0].linkSelector,responseTime:mean,,,0.57044679712716
Exponential-capacity-3217-20210301-21:50:09-11277,attr,Aerocom.aircraft[0].linkSelector,responseTime:mean,,,
Exponential-capacity-3217-20210301-21:50:09-11277,attr,Aerocom.aircraft[0].linkSelector,responseTime:mean,source,computeResponseTime,
Exponential-capacity-3217-20210301-21:50:09-11277,scalar,Aerocom.aircraft[0].linkSelector,meanMalus:sum,,,12948
Exponential-capacity-3217-20210301-21:50:09-11277,attr,Aerocom.aircraft[0].linkSelector,meanMalus:sum,,,
Exponential-capacity-3217-20210301-21:50:09-11277,attr,Aerocom.aircraft[0].linkSelector,meanMalus:sum,source,computeMeanMalus,
Exponential-capacity-3217-20210301-21:50:09-11277,scalar,Aerocom.aircraft[0].linkSelector,waitingTime:mean,,,0.56326508661548
Exponential-capacity-3217-20210301-21:50:09-11277,attr,Aerocom.aircraft[0].linkSelector,waitingTime:mean,,,
Exponential-capacity-3217-20210301-21:50:09-11277,attr,Aerocom.aircraft[0].linkSelector,waitingTime:mean,source,computeWaitingTime,
Exponential-capacity-3217-20210301-21:50:09-11277,scalar,Aerocom.aircraft[0].linkSelector,serviceTime:mean,,,0.0071817105117064
Exponential-capacity-3217-20210301-21:50:09-11277,attr,Aerocom.aircraft[0].linkSelector,serviceTime:mean,,,
Exponential-capacity-3217-20210301-21:50:09-11277,attr,Aerocom.aircraft[0].linkSelector,serviceTime:mean,source,computeServiceTime,
Exponential-capacity-3217-20210301-21:50:09-11277,scalar,Aerocom.aircraft[0].linkSelector,queueLength:mean,,,27.766321963266
Exponential-capacity-3217-20210301-21:50:09-11277,attr,Aerocom.aircraft[0].linkSelector,queueLength:mean,,,
Exponential-capacity-3217-20210301-21:50:09-11277,attr,Aerocom.aircraft[0].linkSelector,queueLength:mean,source,computeQueueLength,
Exponential-capacity-3217-20210301-21:50:09-11277,scalar,Aerocom.aircraft[0].dataLink[0],sentPackets:count,,,1684
Exponential-capacity-3217-20210301-21:50:09-11277,attr,Aerocom.aircraft[0].dataLink[0],sentPackets:count,source,computeSentPackets,
Exponential-capacity-3217-20210301-21:50:09-11277,scalar,Aerocom.aircraft[0].dataLink[0],actualCapacity:mean,,,9548.5667884693
Exponential-capacity-3217-20210301-21:50:09-11277,attr,Aerocom.aircraft[0].dataLink[0],actualCapacity:mean,,,
Exponential-capacity-3217-20210301-21:50:09-11277,attr,Aerocom.aircraft[0].dataLink[0],actualCapacity:mean,source,computeActualCapacity,
Exponential-capacity-3217-20210301-21:50:09-11277,scalar,Aerocom.aircraft[0].dataLink[1],sentPackets:count,,,2079
Exponential-capacity-3217-20210301-21:50:09-11277,attr,Aerocom.aircraft[0].dataLink[1],sentPackets:count,source,computeSentPackets,
Exponential-capacity-3217-20210301-21:50:09-11277,scalar,Aerocom.aircraft[0].dataLink[1],actualCapacity:mean,,,9560.1688764829
Exponential-capacity-3217-20210301-21:50:09-11277,attr,Aerocom.aircraft[0].dataLink[1],actualCapacity:mean,,,
Exponential-capacity-3217-20210301-21:50:09-11277,attr,Aerocom.aircraft[0].dataLink[1],actualCapacity:mean,source,computeActualCapacity,
Exponential-capacity-3217-20210301-21:50:09-11277,scalar,Aerocom.aircraft[0].dataLink[2],sentPackets:count,,,1123
Exponential-capacity-3217-20210301-21:50:09-11277,attr,Aerocom.aircraft[0].dataLink[2],sentPackets:count,source,computeSentPackets,
Exponential-capacity-3217-20210301-21:50:09-11277,scalar,Aerocom.aircraft[0].dataLink[2],actualCapacity:mean,,,9395.7274159664
Exponential-capacity-3217-20210301-21:50:09-11277,attr,Aerocom.aircraft[0].dataLink[2],actualCapacity:mean,,,
Exponential-capacity-3217-20210301-21:50:09-11277,attr,Aerocom.aircraft[0].dataLink[2],actualCapacity:mean,source,computeActualCapacity,
Exponential-capacity-3217-20210301-21:50:09-11277,scalar,Aerocom.aircraft[0].dataLink[3],sentPackets:count,,,559
Exponential-capacity-3217-20210301-21:50:09-11277,attr,Aerocom.aircraft[0].dataLink[3],sentPackets:count,source,computeSentPackets,
Exponential-capacity-3217-20210301-21:50:09-11277,scalar,Aerocom.aircraft[0].dataLink[3],actualCapacity:mean,,,9252.0081967213
Exponential-capacity-3217-20210301-21:50:09-11277,attr,Aerocom.aircraft[0].dataLink[3],actualCapacity:mean,,,
Exponential-capacity-3217-20210301-21:50:09-11277,attr,Aerocom.aircraft[0].dataLink[3],actualCapacity:mean,source,computeActualCapacity,
Exponential-capacity-3217-20210301-21:50:09-11277,scalar,Aerocom.aircraft[0].dataLink[4],sentPackets:count,,,1363
Exponential-capacity-3217-20210301-21:50:09-11277,attr,Aerocom.aircraft[0].dataLink[4],sentPackets:count,source,computeSentPackets,
Exponential-capacity-3217-20210301-21:50:09-11277,scalar,Aerocom.aircraft[0].dataLink[4],actualCapacity:mean,,,9464.2921714818
Exponential-capacity-3217-20210301-21:50:09-11277,attr,Aerocom.aircraft[0].dataLink[4],actualCapacity:mean,,,
Exponential-capacity-3217-20210301-21:50:09-11277,attr,Aerocom.aircraft[0].dataLink[4],actualCapacity:mean,source,computeActualCapacity,
Exponential-capacity-3217-20210301-21:50:09-11277,scalar,Aerocom.aircraft[0].dataLink[5],sentPackets:count,,,1039
Exponential-capacity-3217-20210301-21:50:09-11277,attr,Aerocom.aircraft[0].dataLink[5],sentPackets:count,source,computeSentPackets,
Exponential-capacity-3217-20210301-21:50:09-11277,scalar,Aerocom.aircraft[0].dataLink[5],actualCapacity:mean,,,9470.9266813671
Exponential-capacity-3217-20210301-21:50:09-11277,attr,Aerocom.aircraft[0].dataLink[5],actualCapacity:mean,,,
Exponential-capacity-3217-20210301-21:50:09-11277,attr,Aerocom.aircraft[0].dataLink[5],actualCapacity:mean,source,computeActualCapacity,
Exponential-capacity-3217-20210301-21:50:09-11277,scalar,Aerocom.aircraft[0].dataLink[6],sentPackets:count,,,580
Exponential-capacity-3217-20210301-21:50:09-11277,attr,Aerocom.aircraft[0].dataLink[6],sentPackets:count,source,computeSentPackets,
Exponential-capacity-3217-20210301-21:50:09-11277,scalar,Aerocom.aircraft[0].dataLink[6],actualCapacity:mean,,,9275.0707442889
Exponential-capacity-3217-20210301-21:50:09-11277,attr,Aerocom.aircraft[0].dataLink[6],actualCapacity:mean,,,
Exponential-capacity-3217-20210301-21:50:09-11277,attr,Aerocom.aircraft[0].dataLink[6],actualCapacity:mean,source,computeActualCapacity,
Exponential-capacity-3217-20210301-21:50:09-11277,scalar,Aerocom.aircraft[0].dataLink[7],sentPackets:count,,,919
Exponential-capacity-3217-20210301-21:50:09-11277,attr,Aerocom.aircraft[0].dataLink[7],sentPackets:count,source,computeSentPackets,
Exponential-capacity-3217-20210301-21:50:09-11277,scalar,Aerocom.aircraft[0].dataLink[7],actualCapacity:mean,,,9428.7931844888
Exponential-capacity-3217-20210301-21:50:09-11277,attr,Aerocom.aircraft[0].dataLink[7],actualCapacity:mean,,,
Exponential-capacity-3217-20210301-21:50:09-11277,attr,Aerocom.aircraft[0].dataLink[7],actualCapacity:mean,source,computeActualCapacity,
Exponential-capacity-3217-20210301-21:50:09-11277,scalar,Aerocom.aircraft[0].dataLink[8],sentPackets:count,,,1695
Exponential-capacity-3217-20210301-21:50:09-11277,attr,Aerocom.aircraft[0].dataLink[8],sentPackets:count,source,computeSentPackets,
Exponential-capacity-3217-20210301-21:50:09-11277,scalar,Aerocom.aircraft[0].dataLink[8],actualCapacity:mean,,,9563.7607906414
Exponential-capacity-3217-20210301-21:50:09-11277,attr,Aerocom.aircraft[0].dataLink[8],actualCapacity:mean,,,
Exponential-capacity-3217-20210301-21:50:09-11277,attr,Aerocom.aircraft[0].dataLink[8],actualCapacity:mean,source,computeActualCapacity,
Exponential-capacity-3217-20210301-21:50:09-11277,scalar,Aerocom.aircraft[0].dataLink[9],sentPackets:count,,,960
Exponential-capacity-3217-20210301-21:50:09-11277,attr,Aerocom.aircraft[0].dataLink[9],sentPackets:count,source,computeSentPackets,
Exponential-capacity-3217-20210301-21:50:09-11277,scalar,Aerocom.aircraft[0].dataLink[9],actualCapacity:mean,,,9421.4219919401
Exponential-capacity-3217-20210301-21:50:09-11277,attr,Aerocom.aircraft[0].dataLink[9],actualCapacity:mean,,,
Exponential-capacity-3217-20210301-21:50:09-11277,attr,Aerocom.aircraft[0].dataLink[9],actualCapacity:mean,source,computeActualCapacity,
Exponential-capacity-3217-20210301-21:50:09-11277,scalar,Aerocom.aircraft[0].dataLink[10],sentPackets:count,,,989
Exponential-capacity-3217-20210301-21:50:09-11277,attr,Aerocom.aircraft[0].dataLink[10],sentPackets:count,source,computeSentPackets,
Exponential-capacity-3217-20210301-21:50:09-11277,scalar,Aerocom.aircraft[0].dataLink[10],actualCapacity:mean,,,9421.900508762
Exponential-capacity-3217-20210301-21:50:09-11277,attr,Aerocom.aircraft[0].dataLink[10],actualCapacity:mean,,,
Exponential-capacity-3217-20210301-21:50:09-11277,attr,Aerocom.aircraft[0].dataLink[10],actualCapacity:mean,source,computeActualCapacity,
Exponential-capacity-3217-20210301-21:50:09-11277,scalar,Aerocom.aircraft[0].dataLink[11],sentPackets:count,,,1202
Exponential-capacity-3217-20210301-21:50:09-11277,attr,Aerocom.aircraft[0].dataLink[11],sentPackets:count,source,computeSentPackets,
Exponential-capacity-3217-20210301-21:50:09-11277,scalar,Aerocom.aircraft[0].dataLink[11],actualCapacity:mean,,,9390.1355589277
Exponential-capacity-3217-20210301-21:50:09-11277,attr,Aerocom.aircraft[0].dataLink[11],actualCapacity:mean,,,
Exponential-capacity-3217-20210301-21:50:09-11277,attr,Aerocom.aircraft[0].dataLink[11],actualCapacity:mean,source,computeActualCapacity,
Exponential-capacity-3217-20210301-21:50:09-11277,scalar,Aerocom.aircraft[0].dataLink[12],sentPackets:count,,,1837
Exponential-capacity-3217-20210301-21:50:09-11277,attr,Aerocom.aircraft[0].dataLink[12],sentPackets:count,source,computeSentPackets,
Exponential-capacity-3217-20210301-21:50:09-11277,scalar,Aerocom.aircraft[0].dataLink[12],actualCapacity:mean,,,9527.600915681
Exponential-capacity-3217-20210301-21:50:09-11277,attr,Aerocom.aircraft[0].dataLink[12],actualCapacity:mean,,,
Exponential-capacity-3217-20210301-21:50:09-11277,attr,Aerocom.aircraft[0].dataLink[12],actualCapacity:mean,source,computeActualCapacity,
Exponential-capacity-3217-20210301-21:50:09-11277,scalar,Aerocom.aircraft[0].dataLink[13],sentPackets:count,,,1401
Exponential-capacity-3217-20210301-21:50:09-11277,attr,Aerocom.aircraft[0].dataLink[13],sentPackets:count,source,computeSentPackets,
Exponential-capacity-3217-20210301-21:50:09-11277,scalar,Aerocom.aircraft[0].dataLink[13],actualCapacity:mean,,,9488.5103069171
Exponential-capacity-3217-20210301-21:50:09-11277,attr,Aerocom.aircraft[0].dataLink[13],actualCapacity:mean,,,
Exponential-capacity-3217-20210301-21:50:09-11277,attr,Aerocom.aircraft[0].dataLink[13],actualCapacity:mean,source,computeActualCapacity,
Exponential-capacity-3217-20210301-21:50:09-11277,scalar,Aerocom.aircraft[0].dataLink[14],sentPackets:count,,,1476
Exponential-capacity-3217-20210301-21:50:09-11277,attr,Aerocom.aircraft[0].dataLink[14],sentPackets:count,source,computeSentPackets,
Exponential-capacity-3217-20210301-21:50:09-11277,scalar,Aerocom.aircraft[0].dataLink[14],actualCapacity:mean,,,9525.6803895529
Exponential-capacity-3217-20210301-21:50:09-11277,attr,Aerocom.aircraft[0].dataLink[14],actualCapacity:mean,,,
Exponential-capacity-3217-20210301-21:50:09-11277,attr,Aerocom.aircraft[0].dataLink[14],actualCapacity:mean,source,computeActualCapacity,
Exponential-capacity-3217-20210301-21:50:09-11277,scalar,Aerocom.aircraft[0].dataLink[15],sentPackets:count,,,531
Exponential-capacity-3217-20210301-21:50:09-11277,attr,Aerocom.aircraft[0].dataLink[15],sentPackets:count,source,computeSentPackets,
Exponential-capacity-3217-20210301-21:50:09-11277,scalar,Aerocom.aircraft[0].dataLink[15],actualCapacity:mean,,,9288.1651445967
Exponential-capacity-3217-20210301-21:50:09-11277,attr,Aerocom.aircraft[0].dataLink[15],actualCapacity:mean,,,
Exponential-capacity-3217-20210301-21:50:09-11277,attr,Aerocom.aircraft[0].dataLink[15],actualCapacity:mean,source,computeActualCapacity,
Exponential-capacity-3217-20210301-21:50:09-11277,scalar,Aerocom.controlTower,receivedPackets:count,,,19437
Exponential-capacity-3217-20210301-21:50:09-11277,attr,Aerocom.controlTower,receivedPackets:count,source,computeReceivedPackets,
Exponential-capacity-3218-20210301-21:50:09-11277,scalar,Aerocom.aircraft[0].linkSelector,responseTime:mean,,,0.59953455615733
Exponential-capacity-3218-20210301-21:50:09-11277,attr,Aerocom.aircraft[0].linkSelector,responseTime:mean,,,
Exponential-capacity-3218-20210301-21:50:09-11277,attr,Aerocom.aircraft[0].linkSelector,responseTime:mean,source,computeResponseTime,
Exponential-capacity-3218-20210301-21:50:09-11277,scalar,Aerocom.aircraft[0].linkSelector,meanMalus:sum,,,13066
Exponential-capacity-3218-20210301-21:50:09-11277,attr,Aerocom.aircraft[0].linkSelector,meanMalus:sum,,,
Exponential-capacity-3218-20210301-21:50:09-11277,attr,Aerocom.aircraft[0].linkSelector,meanMalus:sum,source,computeMeanMalus,
Exponential-capacity-3218-20210301-21:50:09-11277,scalar,Aerocom.aircraft[0].linkSelector,waitingTime:mean,,,0.59235968283001
Exponential-capacity-3218-20210301-21:50:09-11277,attr,Aerocom.aircraft[0].linkSelector,waitingTime:mean,,,
Exponential-capacity-3218-20210301-21:50:09-11277,attr,Aerocom.aircraft[0].linkSelector,waitingTime:mean,source,computeWaitingTime,
Exponential-capacity-3218-20210301-21:50:09-11277,scalar,Aerocom.aircraft[0].linkSelector,serviceTime:mean,,,0.0071945300432488
Exponential-capacity-3218-20210301-21:50:09-11277,attr,Aerocom.aircraft[0].linkSelector,serviceTime:mean,,,
Exponential-capacity-3218-20210301-21:50:09-11277,attr,Aerocom.aircraft[0].linkSelector,serviceTime:mean,source,computeServiceTime,
Exponential-capacity-3218-20210301-21:50:09-11277,scalar,Aerocom.aircraft[0].linkSelector,queueLength:mean,,,29.732784354092
Exponential-capacity-3218-20210301-21:50:09-11277,attr,Aerocom.aircraft[0].linkSelector,queueLength:mean,,,
Exponential-capacity-3218-20210301-21:50:09-11277,attr,Aerocom.aircraft[0].linkSelector,queueLength:mean,source,computeQueueLength,
Exponential-capacity-3218-20210301-21:50:09-11277,scalar,Aerocom.aircraft[0].dataLink[0],sentPackets:count,,,1019
Exponential-capacity-3218-20210301-21:50:09-11277,attr,Aerocom.aircraft[0].dataLink[0],sentPackets:count,source,computeSentPackets,
Exponential-capacity-3218-20210301-21:50:09-11277,scalar,Aerocom.aircraft[0].dataLink[0],actualCapacity:mean,,,9349.0643015521
Exponential-capacity-3218-20210301-21:50:09-11277,attr,Aerocom.aircraft[0].dataLink[0],actualCapacity:mean,,,
Exponential-capacity-3218-20210301-21:50:09-11277,attr,Aerocom.aircraft[0].dataLink[0],actualCapacity:mean,source,computeActualCapacity,
Exponential-capacity-3218-20210301-21:50:09-11277,scalar,Aerocom.aircraft[0].dataLink[1],sentPackets:count,,,1890
Exponential-capacity-3218-20210301-21:50:09-11277,attr,Aerocom.aircraft[0].dataLink[1],sentPackets:count,source,computeSentPackets,
Exponential-capacity-3218-20210301-21:50:09-11277,scalar,Aerocom.aircraft[0].dataLink[1],actualCapacity:mean,,,9551.3873502994
Exponential-capacity-3218-20210301-21:50:09-11277,attr,Aerocom.aircraft[0].dataLink[1],actualCapacity:mean,,,
Exponential-capacity-3218-20210301-21:50:09-11277,attr,Aerocom.aircraft[0].dataLink[1],actualCapacity:mean,source,computeActualCapacity,
Exponential-capacity-3218-20210301-21:50:09-11277,scalar,Aerocom.aircraft[0].dataLink[2],sentPackets:count,,,1819
Exponential-capacity-3218-20210301-21:50:09-11277,attr,Aerocom.aircraft[0].dataLink[2],sentPackets:count,source,computeSentPackets,
Exponential-capacity-3218-20210301-21:50:09-11277,scalar,Aerocom.aircraft[0].dataLink[2],actualCapacity:mean,,,9529.1076095311
Exponential-capacity-3218-20210301-21:50:09-11277,attr,Aerocom.aircraft[0].dataLink[2],actualCapacity:mean,,,
Exponential-capacity-3218-20210301-21:50:09-11277,attr,Aerocom.aircraft[0].dataLink[2],actualCapacity:mean,source,computeActualCapacity,
Exponential-capacity-3218-20210301-21:50:09-11277,scalar,Aerocom.aircraft[0].dataLink[3],sentPackets:count,,,1087
Exponential-capacity-3218-20210301-21:50:09-11277,attr,Aerocom.aircraft[0].dataLink[3],sentPackets:count,source,computeSentPackets,
Exponential-capacity-3218-20210301-21:50:09-11277,scalar,Aerocom.aircraft[0].dataLink[3],actualCapacity:mean,,,9424.4908700322
Exponential-capacity-3218-20210301-21:50:09-11277,attr,Aerocom.aircraft[0].dataLink[3],actualCapacity:mean,,,
Exponential-capacity-3218-20210301-21:50:09-11277,attr,Aerocom.aircraft[0].dataLink[3],actualCapacity:mean,source,computeActualCapacity,
Exponential-capacity-3218-20210301-21:50:09-11277,scalar,Aerocom.aircraft[0].dataLink[4],sentPackets:count,,,1362
Exponential-capacity-3218-20210301-21:50:09-11277,attr,Aerocom.aircraft[0].dataLink[4],sentPackets:count,source,computeSentPackets,
Exponential-capacity-3218-20210301-21:50:09-11277,scalar,Aerocom.aircraft[0].dataLink[4],actualCapacity:mean,,,9519.6467009827
Exponential-capacity-3218-20210301-21:50:09-11277,attr,Aerocom.aircraft[0].dataLink[4],actualCapacity:mean,,,
Exponential-capacity-3218-20210301-21:50:09-11277,attr,Aerocom.aircraft[0].dataLink[4],actualCapacity:mean,source,computeActualCapacity,
Exponential-capacity-3218-20210301-21:50:09-11277,scalar,Aerocom.aircraft[0].dataLink[5],sentPackets:count,,,1989
Exponential-capacity-3218-20210301-21:50:09-11277,attr,Aerocom.aircraft[0].dataLink[5],sentPackets:count,source,computeSentPackets,
Exponential-capacity-3218-20210301-21:50:09-11277,scalar,Aerocom.aircraft[0].dataLink[5],actualCapacity:mean,,,9579.2046931408
Exponential-capacity-3218-20210301-21:50:09-11277,attr,Aerocom.aircraft[0].dataLink[5],actualCapacity:mean,,,
Exponential-capacity-3218-20210301-21:50:09-11277,attr,Aerocom.aircraft[0].dataLink[5],actualCapacity:mean,source,computeActualCapacity,
Exponential-capacity-3218-20210301-21:50:09-11277,scalar,Aerocom.aircraft[0].dataLink[6],sentPackets:count,,,813
Exponential-capacity-3218-20210301-21:50:09-11277,attr,Aerocom.aircraft[0].dataLink[6],sentPackets:count,source,computeSentPackets,
Exponential-capacity-3218-20210301-21:50:09-11277,scalar,Aerocom.aircraft[0].dataLink[6],actualCapacity:mean,,,9387.3503144654
Exponential-capacity-3218-20210301-21:50:09-11277,attr,Aerocom.aircraft[0].dataLink[6],actualCapacity:mean,,,
Exponential-capacity-3218-20210301-21:50:09-11277,attr,Aerocom.aircraft[0].dataLink[6],actualCapacity:mean,source,computeActualCapacity,
Exponential-capacity-3218-20210301-21:50:09-11277,scalar,Aerocom.aircraft[0].dataLink[7],sentPackets:count,,,796
Exponential-capacity-3218-20210301-21:50:09-11277,attr,Aerocom.aircraft[0].dataLink[7],sentPackets:count,source,computeSentPackets,
Exponential-capacity-3218-20210301-21:50:09-11277,scalar,Aerocom.aircraft[0].dataLink[7],actualCapacity:mean,,,9360.6761904762
Exponential-capacity-3218-20210301-21:50:09-11277,attr,Aerocom.aircraft[0].dataLink[7],actualCapacity:mean,,,
Exponential-capacity-3218-20210301-21:50:09-11277,attr,Aerocom.aircraft[0].dataLink[7],actualCapacity:mean,source,computeActualCapacity,
Exponential-capacity-3218-20210301-21:50:09-11277,scalar,Aerocom.aircraft[0].dataLink[8],sentPackets:count,,,1191
Exponential-capacity-3218-20210301-21:50:09-11277,attr,Aerocom.aircraft[0].dataLink[8],sentPackets:count,source,computeSentPackets,
Exponential-capacity-3218-20210301-21:50:09-11277,scalar,Aerocom.aircraft[0].dataLink[8],actualCapacity:mean,,,9442.6065989848
Exponential-capacity-3218-20210301-21:50:09-11277,attr,Aerocom.aircraft[0].dataLink[8],actualCapacity:mean,,,
Exponential-capacity-3218-20210301-21:50:09-11277,attr,Aerocom.aircraft[0].dataLink[8],actualCapacity:mean,source,computeActualCapacity,
Exponential-capacity-3218-20210301-21:50:09-11277,scalar,Aerocom.aircraft[0].dataLink[9],sentPackets:count,,,834
Exponential-capacity-3218-20210301-21:50:09-11277,attr,Aerocom.aircraft[0].dataLink[9],sentPackets:count,source,computeSentPackets,
Exponential-capacity-3218-20210301-21:50:09-11277,scalar,Aerocom.aircraft[0].dataLink[9],actualCapacity:mean,,,9382.2008652658
Exponential-capacity-3218-20210301-21:50:09-11277,attr,Aerocom.aircraft[0].dataLink[9],actualCapacity:mean,,,
Exponential-capacity-3218-20210301-21:50:09-11277,attr,Aerocom.aircraft[0].dataLink[9],actualCapacity:mean,source,computeActualCapacity,
Exponential-capacity-3218-20210301-21:50:09-11277,scalar,Aerocom.aircraft[0].dataLink[10],sentPackets:count,,,906
Exponential-capacity-3218-20210301-21:50:09-11277,attr,Aerocom.aircraft[0].dataLink[10],sentPackets:count,source,computeSentPackets,
Exponential-capacity-3218-20210301-21:50:09-11277,scalar,Aerocom.aircraft[0].dataLink[10],actualCapacity:mean,,,9303.7656804734
Exponential-capacity-3218-20210301-21:50:09-11277,attr,Aerocom.aircraft[0].dataLink[10],actualCapacity:mean,,,
Exponential-capacity-3218-20210301-21:50:09-11277,attr,Aerocom.aircraft[0].dataLink[10],actualCapacity:mean,source,computeActualCapacity,
Exponential-capacity-3218-20210301-21:50:09-11277,scalar,Aerocom.aircraft[0].dataLink[11],sentPackets:count,,,1378
Exponential-capacity-3218-20210301-21:50:09-11277,attr,Aerocom.aircraft[0].dataLink[11],sentPackets:count,source,computeSentPackets,
Exponential-capacity-3218-20210301-21:50:09-11277,scalar,Aerocom.aircraft[0].dataLink[11],actualCapacity:mean,,,9473.4251968504
Exponential-capacity-3218-20210301-21:50:09-11277,attr,Aerocom.aircraft[0].dataLink[11],actualCapacity:mean,,,
Exponential-capacity-3218-20210301-21:50:09-11277,attr,Aerocom.aircraft[0].dataLink[11],actualCapacity:mean,source,computeActualCapacity,
Exponential-capacity-3218-20210301-21:50:09-11277,scalar,Aerocom.aircraft[0].dataLink[12],sentPackets:count,,,1363
Exponential-capacity-3218-20210301-21:50:09-11277,attr,Aerocom.aircraft[0].dataLink[12],sentPackets:count,source,computeSentPackets,
Exponential-capacity-3218-20210301-21:50:09-11277,scalar,Aerocom.aircraft[0].dataLink[12],actualCapacity:mean,,,9462.6847014925
Exponential-capacity-3218-20210301-21:50:09-11277,attr,Aerocom.aircraft[0].dataLink[12],actualCapacity:mean,,,
Exponential-capacity-3218-20210301-21:50:09-11277,attr,Aerocom.aircraft[0].dataLink[12],actualCapacity:mean,source,computeActualCapacity,
Exponential-capacity-3218-20210301-21:50:09-11277,scalar,Aerocom.aircraft[0].dataLink[13],sentPackets:count,,,688
Exponential-capacity-3218-20210301-21:50:09-11277,attr,Aerocom.aircraft[0].dataLink[13],sentPackets:count,source,computeSentPackets,
Exponential-capacity-3218-20210301-21:50:09-11277,scalar,Aerocom.aircraft[0].dataLink[13],actualCapacity:mean,,,9289.1720867209
Exponential-capacity-3218-20210301-21:50:09-11277,attr,Aerocom.aircraft[0].dataLink[13],actualCapacity:mean,,,
Exponential-capacity-3218-20210301-21:50:09-11277,attr,Aerocom.aircraft[0].dataLink[13],actualCapacity:mean,source,computeActualCapacity,
Exponential-capacity-3218-20210301-21:50:09-11277,scalar,Aerocom.aircraft[0].dataLink[14],sentPackets:count,,,1071
Exponential-capacity-3218-20210301-21:50:09-11277,attr,Aerocom.aircraft[0].dataLink[14],sentPackets:count,source,computeSentPackets,
Exponential-capacity-3218-20210301-21:50:09-11277,scalar,Aerocom.aircraft[0].dataLink[14],actualCapacity:mean,,,9384.2549865229
Exponential-capacity-3218-20210301-21:50:09-11277,attr,Aerocom.aircraft[0].dataLink[14],actualCapacity:mean,,,
Exponential-capacity-3218-20210301-21:50:09-11277,attr,Aerocom.aircraft[0].dataLink[14],actualCapacity:mean,source,computeActualCapacity,
Exponential-capacity-3218-20210301-21:50:09-11277,scalar,Aerocom.aircraft[0].dataLink[15],sentPackets:count,,,1223
Exponential-capacity-3218-20210301-21:50:09-11277,attr,Aerocom.aircraft[0].dataLink[15],sentPackets:count,source,computeSentPackets,
Exponential-capacity-3218-20210301-21:50:09-11277,scalar,Aerocom.aircraft[0].dataLink[15],actualCapacity:mean,,,9434.0234765235
Exponential-capacity-3218-20210301-21:50:09-11277,attr,Aerocom.aircraft[0].dataLink[15],actualCapacity:mean,,,
Exponential-capacity-3218-20210301-21:50:09-11277,attr,Aerocom.aircraft[0].dataLink[15],actualCapacity:mean,source,computeActualCapacity,
Exponential-capacity-3218-20210301-21:50:09-11277,scalar,Aerocom.controlTower,receivedPackets:count,,,19429
Exponential-capacity-3218-20210301-21:50:09-11277,attr,Aerocom.controlTower,receivedPackets:count,source,computeReceivedPackets,
Exponential-capacity-3219-20210301-21:50:09-11277,scalar,Aerocom.aircraft[0].linkSelector,responseTime:mean,,,0.5826733496259
Exponential-capacity-3219-20210301-21:50:09-11277,attr,Aerocom.aircraft[0].linkSelector,responseTime:mean,,,
Exponential-capacity-3219-20210301-21:50:09-11277,attr,Aerocom.aircraft[0].linkSelector,responseTime:mean,source,computeResponseTime,
Exponential-capacity-3219-20210301-21:50:09-11277,scalar,Aerocom.aircraft[0].linkSelector,meanMalus:sum,,,13336
Exponential-capacity-3219-20210301-21:50:09-11277,attr,Aerocom.aircraft[0].linkSelector,meanMalus:sum,,,
Exponential-capacity-3219-20210301-21:50:09-11277,attr,Aerocom.aircraft[0].linkSelector,meanMalus:sum,source,computeMeanMalus,
Exponential-capacity-3219-20210301-21:50:09-11277,scalar,Aerocom.aircraft[0].linkSelector,waitingTime:mean,,,0.57548180702533
Exponential-capacity-3219-20210301-21:50:09-11277,attr,Aerocom.aircraft[0].linkSelector,waitingTime:mean,,,
Exponential-capacity-3219-20210301-21:50:09-11277,attr,Aerocom.aircraft[0].linkSelector,waitingTime:mean,source,computeWaitingTime,
Exponential-capacity-3219-20210301-21:50:09-11277,scalar,Aerocom.aircraft[0].linkSelector,serviceTime:mean,,,0.0071915426005926
Exponential-capacity-3219-20210301-21:50:09-11277,attr,Aerocom.aircraft[0].linkSelector,serviceTime:mean,,,
Exponential-capacity-3219-20210301-21:50:09-11277,attr,Aerocom.aircraft[0].linkSelector,serviceTime:mean,source,computeServiceTime,
Exponential-capacity-3219-20210301-21:50:09-11277,scalar,Aerocom.aircraft[0].linkSelector,queueLength:mean,,,28.518750323281
Exponential-capacity-3219-20210301-21:50:09-11277,attr,Aerocom.aircraft[0].linkSelector,queueLength:mean,,,
Exponential-capacity-3219-20210301-21:50:09-11277,attr,Aerocom.aircraft[0].linkSelector,queueLength:mean,source,computeQueueLength,
Exponential-capacity-3219-20210301-21:50:09-11277,scalar,Aerocom.aircraft[0].dataLink[0],sentPackets:count,,,833
Exponential-capacity-3219-20210301-21:50:09-11277,attr,Aerocom.aircraft[0].dataLink[0],sentPackets:count,source,computeSentPackets,
Exponential-capacity-3219-20210301-21:50:09-11277,scalar,Aerocom.aircraft[0].dataLink[0],actualCapacity:mean,,,9361.8210526316
Exponential-capacity-3219-20210301-21:50:09-11277,attr,Aerocom.aircraft[0].dataLink[0],actualCapacity:mean,,,
Exponential-capacity-3219-20210301-21:50:09-11277,attr,Aerocom.aircraft[0].dataLink[0],actualCapacity:mean,source,computeActualCapacity,
Exponential-capacity-3219-20210301-21:50:09-11277,scalar,Aerocom.aircraft[0].dataLink[1],sentPackets:count,,,1263
Exponential-capacity-3219-20210301-21:50:09-11277,attr,Aerocom.aircraft[0].dataLink[1],sentPackets:count,source,computeSentPackets,
Exponential-capacity-3219-20210301-21:50:09-11277,scalar,Aerocom.aircraft[0].dataLink[1],actualCapacity:mean,,,9445.5105237396
Exponential-capacity-3219-20210301-21:50:09-11277,attr,Aerocom.aircraft[0].dataLink[1],actualCapacity:mean,,,
Exponential-capacity-3219-20210301-21:50:09-11277,attr,Aerocom.aircraft[0].dataLink[1],actualCapacity:mean,source,computeActualCapacity,
Exponential-capacity-3219-20210301-21:50:09-11277,scalar,Aerocom.aircraft[0].dataLink[2],sentPackets:count,,,431
Exponential-capacity-3219-20210301-21:50:09-11277,attr,Aerocom.aircraft[0].dataLink[2],sentPackets:count,source,computeSentPackets,
Exponential-capacity-3219-20210301-21:50:09-11277,scalar,Aerocom.aircraft[0].dataLink[2],actualCapacity:mean,,,9147.0306291391
Exponential-capacity-3219-20210301-21:50:09-11277,attr,Aerocom.aircraft[0].dataLink[2],actualCapacity:mean,,,
Exponential-capacity-3219-20210301-21:50:09-11277,attr,Aerocom.aircraft[0].dataLink[2],actualCapacity:mean,source,computeActualCapacity,
Exponential-capacity-3219-20210301-21:50:09-11277,scalar,Aerocom.aircraft[0].dataLink[3],sentPackets:count,,,1153
Exponential-capacity-3219-20210301-21:50:09-11277,attr,Aerocom.aircraft[0].dataLink[3],sentPackets:count,source,computeSentPackets,
Exponential-capacity-3219-20210301-21:50:09-11277,scalar,Aerocom.aircraft[0].dataLink[3],actualCapacity:mean,,,9413.3072943611
Exponential-capacity-3219-20210301-21:50:09-11277,attr,Aerocom.aircraft[0].dataLink[3],actualCapacity:mean,,,
Exponential-capacity-3219-20210301-21:50:09-11277,attr,Aerocom.aircraft[0].dataLink[3],actualCapacity:mean,source,computeActualCapacity,
Exponential-capacity-3219-20210301-21:50:09-11277,scalar,Aerocom.aircraft[0].dataLink[4],sentPackets:count,,,1152
Exponential-capacity-3219-20210301-21:50:09-11277,attr,Aerocom.aircraft[0].dataLink[4],sentPackets:count,source,computeSentPackets,
Exponential-capacity-3219-20210301-21:50:09-11277,scalar,Aerocom.aircraft[0].dataLink[4],actualCapacity:mean,,,9449.2525826446
Exponential-capacity-3219-20210301-21:50:09-11277,attr,Aerocom.aircraft[0].dataLink[4],actualCapacity:mean,,,
Exponential-capacity-3219-20210301-21:50:09-11277,attr,Aerocom.aircraft[0].dataLink[4],actualCapacity:mean,source,computeActualCapacity,
Exponential-capacity-3219-20210301-21:50:09-11277,scalar,Aerocom.aircraft[0].dataLink[5],sentPackets:count,,,1704
Exponential-capacity-3219-20210301-21:50:09-11277,attr,Aerocom.aircraft[0].dataLink[5],sentPackets:count,source,computeSentPackets,
Exponential-capacity-3219-20210301-21:50:09-11277,scalar,Aerocom.aircraft[0].dataLink[5],actualCapacity:mean,,,9506.1933279743
Exponential-capacity-3219-20210301-21:50:09-11277,attr,Aerocom.aircraft[0].dataLink[5],actualCapacity:mean,,,
Exponential-capacity-3219-20210301-21:50:09-11277,attr,Aerocom.aircraft[0].dataLink[5],actualCapacity:mean,source,computeActualCapacity,
Exponential-capacity-3219-20210301-21:50:09-11277,scalar,Aerocom.aircraft[0].dataLink[6],sentPackets:count,,,1202
Exponential-capacity-3219-20210301-21:50:09-11277,attr,Aerocom.aircraft[0].dataLink[6],sentPackets:count,source,computeSentPackets,
Exponential-capacity-3219-20210301-21:50:09-11277,scalar,Aerocom.aircraft[0].dataLink[6],actualCapacity:mean,,,9455.1344113188
Exponential-capacity-3219-20210301-21:50:09-11277,attr,Aerocom.aircraft[0].dataLink[6],actualCapacity:mean,,,
Exponential-capacity-3219-20210301-21:50:09-11277,attr,Aerocom.aircraft[0].dataLink[6],actualCapacity:mean,source,computeActualCapacity,
Exponential-capacity-3219-20210301-21:50:09-11277,scalar,Aerocom.aircraft[0].dataLink[7],sentPackets:count,,,1461
Exponential-capacity-3219-20210301-21:50:09-11277,attr,Aerocom.aircraft[0].dataLink[7],sentPackets:count,source,computeSentPackets,
Exponential-capacity-3219-20210301-21:50:09-11277,scalar,Aerocom.aircraft[0].dataLink[7],actualCapacity:mean,,,9492.4768477293
Exponential-capacity-3219-20210301-21:50:09-11277,attr,Aerocom.aircraft[0].dataLink[7],actualCapacity:mean,,,
Exponential-capacity-3219-20210301-21:50:09-11277,attr,Aerocom.aircraft[0].dataLink[7],actualCapacity:mean,source,computeActualCapacity,
Exponential-capacity-3219-20210301-21:50:09-11277,scalar,Aerocom.aircraft[0].dataLink[8],sentPackets:count,,,1192
Exponential-capacity-3219-20210301-21:50:09-11277,attr,Aerocom.aircraft[0].dataLink[8],sentPackets:count,source,computeSentPackets,
Exponential-capacity-3219-20210301-21:50:09-11277,scalar,Aerocom.aircraft[0].dataLink[8],actualCapacity:mean,,,9415.29700963
Exponential-capacity-3219-20210301-21:50:09-11277,attr,Aerocom.aircraft[0].dataLink[8],actualCapacity:mean,,,
Exponential-capacity-3219-20210301-21:50:09-11277,attr,Aerocom.aircraft[0].dataLink[8],actualCapacity:mean,source,computeActualCapacity,
Exponential-capacity-3219-20210301-21:50:09-11277,scalar,Aerocom.aircraft[0].dataLink[9],sentPackets:count,,,1061
Exponential-capacity-3219-20210301-21:50:09-11277,attr,Aerocom.aircraft[0].dataLink[9],sentPackets:count,source,computeSentPackets,
Exponential-capacity-3219-20210301-21:50:09-11277,scalar,Aerocom.aircraft[0].dataLink[9],actualCapacity:mean,,,9442.8685776095
Exponential-capacity-3219-20210301-21:50:09-11277,attr,Aerocom.aircraft[0].dataLink[9],actualCapacity:mean,,,
Exponential-capacity-3219-20210301-21:50:09-11277,attr,Aerocom.aircraft[0].dataLink[9],actualCapacity:mean,source,computeActualCapacity,
Exponential-capacity-3219-20210301-21:50:09-11277,scalar,Aerocom.aircraft[0].dataLink[10],sentPackets:count,,,1074
Exponential-capacity-3219-20210301-21:50:09-11277,attr,Aerocom.aircraft[0].dataLink[10],sentPackets:count,source,computeSentPackets,
Exponential-capacity-3219-20210301-21:50:09-11277,scalar,Aerocom.aircraft[0].dataLink[10],actualCapacity:mean,,,9427.5237837838
Exponential-capacity-3219-20210301-21:50:09-11277,attr,Aerocom.aircraft[0].dataLink[10],actualCapacity:mean,,,
Exponential-capacity-3219-20210301-21:50:09-11277,attr,Aerocom.aircraft[0].dataLink[10],actualCapacity:mean,source,computeActualCapacity,
Exponential-capacity-3219-20210301-21:50:09-11277,scalar,Aerocom.aircraft[0].dataLink[11],sentPackets:count,,,1303
Exponential-capacity-3219-20210301-21:50:09-11277,attr,Aerocom.aircraft[0].dataLink[11],sentPackets:count,source,computeSentPackets,
Exponential-capacity-3219-20210301-21:50:09-11277,scalar,Aerocom.aircraft[0].dataLink[11],actualCapacity:mean,,,9497.6203748198
Exponential-capacity-3219-20210301-21:50:09-11277,attr,Aerocom.aircraft[0].dataLink[11],actualCapacity:mean,,,
Exponential-capacity-3219-20210301-21:50:09-11277,attr,Aerocom.aircraft[0].dataLink[11],actualCapacity:mean,source,computeActualCapacity,
Exponential-capacity-3219-20210301-21:50:09-11277,scalar,Aerocom.aircraft[0].dataLink[12],sentPackets:count,,,1585
Exponential-capacity-3219-20210301-21:50:09-11277,attr,Aerocom.aircraft[0].dataLink[12],sentPackets:count,source,computeSentPackets,
Exponential-capacity-3219-20210301-21:50:09-11277,scalar,Aerocom.aircraft[0].dataLink[12],actualCapacity:mean,,,9497.8002539145
Exponential-capacity-3219-20210301-21:50:09-11277,attr,Aerocom.aircraft[0].dataLink[12],actualCapacity:mean,,,
Exponential-capacity-3219-20210301-21:50:09-11277,attr,Aerocom.aircraft[0].dataLink[12],actualCapacity:mean,source,computeActualCapacity,
Exponential-capacity-3219-20210301-21:50:09-11277,scalar,Aerocom.aircraft[0].dataLink[13],sentPackets:count,,,1557
Exponential-capacity-3219-20210301-21:50:09-11277,attr,Aerocom.aircraft[0].dataLink[13],sentPackets:count,source,computeSentPackets,
Exponential-capacity-3219-20210301-21:50:09-11277,scalar,Aerocom.aircraft[0].dataLink[13],actualCapacity:mean,,,9534.801457976
Exponential-capacity-3219-20210301-21:50:09-11277,attr,Aerocom.aircraft[0].dataLink[13],actualCapacity:mean,,,
Exponential-capacity-3219-20210301-21:50:09-11277,attr,Aerocom.aircraft[0].dataLink[13],actualCapacity:mean,source,computeActualCapacity,
Exponential-capacity-3219-20210301-21:50:09-11277,scalar,Aerocom.aircraft[0].dataLink[14],sentPackets:count,,,864
Exponential-capacity-3219-20210301-21:50:09-11277,attr,Aerocom.aircraft[0].dataLink[14],sentPackets:count,source,computeSentPackets,
Exponential-capacity-3219-20210301-21:50:09-11277,scalar,Aerocom.aircraft[0].dataLink[14],actualCapacity:mean,,,9350.205330103
Exponential-capacity-3219-20210301-21:50:09-11277,attr,Aerocom.aircraft[0].dataLink[14],actualCapacity:mean,,,
Exponential-capacity-3219-20210301-21:50:09-11277,attr,Aerocom.aircraft[0].dataLink[14],actualCapacity:mean,source,computeActualCapacity,
Exponential-capacity-3219-20210301-21:50:09-11277,scalar,Aerocom.aircraft[0].dataLink[15],sentPackets:count,,,1498
Exponential-capacity-3219-20210301-21:50:09-11277,attr,Aerocom.aircraft[0].dataLink[15],sentPackets:count,source,computeSentPackets,
Exponential-capacity-3219-20210301-21:50:09-11277,scalar,Aerocom.aircraft[0].dataLink[15],actualCapacity:mean,,,9491.8926380368
Exponential-capacity-3219-20210301-21:50:09-11277,attr,Aerocom.aircraft[0].dataLink[15],actualCapacity:mean,,,
Exponential-capacity-3219-20210301-21:50:09-11277,attr,Aerocom.aircraft[0].dataLink[15],actualCapacity:mean,source,computeActualCapacity,
Exponential-capacity-3219-20210301-21:50:09-11277,scalar,Aerocom.controlTower,receivedPackets:count,,,19333
Exponential-capacity-3219-20210301-21:50:09-11277,attr,Aerocom.controlTower,receivedPackets:count,source,computeReceivedPackets,
Exponential-capacity-3202-20210301-21:50:08-11267,scalar,Aerocom.aircraft[0].linkSelector,responseTime:mean,,,0.55576397731213
Exponential-capacity-3202-20210301-21:50:08-11267,attr,Aerocom.aircraft[0].linkSelector,responseTime:mean,,,
Exponential-capacity-3202-20210301-21:50:08-11267,attr,Aerocom.aircraft[0].linkSelector,responseTime:mean,source,computeResponseTime,
Exponential-capacity-3202-20210301-21:50:08-11267,scalar,Aerocom.aircraft[0].linkSelector,meanMalus:sum,,,13378
Exponential-capacity-3202-20210301-21:50:08-11267,attr,Aerocom.aircraft[0].linkSelector,meanMalus:sum,,,
Exponential-capacity-3202-20210301-21:50:08-11267,attr,Aerocom.aircraft[0].linkSelector,meanMalus:sum,source,computeMeanMalus,
Exponential-capacity-3202-20210301-21:50:08-11267,scalar,Aerocom.aircraft[0].linkSelector,waitingTime:mean,,,0.54859961250454
Exponential-capacity-3202-20210301-21:50:08-11267,attr,Aerocom.aircraft[0].linkSelector,waitingTime:mean,,,
Exponential-capacity-3202-20210301-21:50:08-11267,attr,Aerocom.aircraft[0].linkSelector,waitingTime:mean,source,computeWaitingTime,
Exponential-capacity-3202-20210301-21:50:08-11267,scalar,Aerocom.aircraft[0].linkSelector,serviceTime:mean,,,0.0071892236984965
Exponential-capacity-3202-20210301-21:50:08-11267,attr,Aerocom.aircraft[0].linkSelector,serviceTime:mean,,,
Exponential-capacity-3202-20210301-21:50:08-11267,attr,Aerocom.aircraft[0].linkSelector,serviceTime:mean,source,computeServiceTime,
Exponential-capacity-3202-20210301-21:50:08-11267,scalar,Aerocom.aircraft[0].linkSelector,queueLength:mean,,,27.34784629687
Exponential-capacity-3202-20210301-21:50:08-11267,attr,Aerocom.aircraft[0].linkSelector,queueLength:mean,,,
Exponential-capacity-3202-20210301-21:50:08-11267,attr,Aerocom.aircraft[0].linkSelector,queueLength:mean,source,computeQueueLength,
Exponential-capacity-3202-20210301-21:50:08-11267,scalar,Aerocom.aircraft[0].dataLink[0],sentPackets:count,,,867
Exponential-capacity-3202-20210301-21:50:08-11267,attr,Aerocom.aircraft[0].dataLink[0],sentPackets:count,source,computeSentPackets,
Exponential-capacity-3202-20210301-21:50:08-11267,scalar,Aerocom.aircraft[0].dataLink[0],actualCapacity:mean,,,9372.0970285021
Exponential-capacity-3202-20210301-21:50:08-11267,attr,Aerocom.aircraft[0].dataLink[0],actualCapacity:mean,,,
Exponential-capacity-3202-20210301-21:50:08-11267,attr,Aerocom.aircraft[0].dataLink[0],actualCapacity:mean,source,computeActualCapacity,
Exponential-capacity-3202-20210301-21:50:08-11267,scalar,Aerocom.aircraft[0].dataLink[1],sentPackets:count,,,1141
Exponential-capacity-3202-20210301-21:50:08-11267,attr,Aerocom.aircraft[0].dataLink[1],sentPackets:count,source,computeSentPackets,
Exponential-capacity-3202-20210301-21:50:08-11267,scalar,Aerocom.aircraft[0].dataLink[1],actualCapacity:mean,,,9437.8947368421
Exponential-capacity-3202-20210301-21:50:08-11267,attr,Aerocom.aircraft[0].dataLink[1],actualCapacity:mean,,,
Exponential-capacity-3202-20210301-21:50:08-11267,attr,Aerocom.aircraft[0].dataLink[1],actualCapacity:mean,source,computeActualCapacity,
Exponential-capacity-3202-20210301-21:50:08-11267,scalar,Aerocom.aircraft[0].dataLink[2],sentPackets:count,,,813
Exponential-capacity-3202-20210301-21:50:08-11267,attr,Aerocom.aircraft[0].dataLink[2],sentPackets:count,source,computeSentPackets,
Exponential-capacity-3202-20210301-21:50:08-11267,scalar,Aerocom.aircraft[0].dataLink[2],actualCapacity:mean,,,9375.3946047679
Exponential-capacity-3202-20210301-21:50:08-11267,attr,Aerocom.aircraft[0].dataLink[2],actualCapacity:mean,,,
Exponential-capacity-3202-20210301-21:50:08-11267,attr,Aerocom.aircraft[0].dataLink[2],actualCapacity:mean,source,computeActualCapacity,
Exponential-capacity-3202-20210301-21:50:08-11267,scalar,Aerocom.aircraft[0].dataLink[3],sentPackets:count,,,829
Exponential-capacity-3202-20210301-21:50:08-11267,attr,Aerocom.aircraft[0].dataLink[3],sentPackets:count,source,computeSentPackets,
Exponential-capacity-3202-20210301-21:50:08-11267,scalar,Aerocom.aircraft[0].dataLink[3],actualCapacity:mean,,,9394.0260869565
Exponential-capacity-3202-20210301-21:50:08-11267,attr,Aerocom.aircraft[0].dataLink[3],actualCapacity:mean,,,
Exponential-capacity-3202-20210301-21:50:08-11267,attr,Aerocom.aircraft[0].dataLink[3],actualCapacity:mean,source,computeActualCapacity,
Exponential-capacity-3202-20210301-21:50:08-11267,scalar,Aerocom.aircraft[0].dataLink[4],sentPackets:count,,,1138
Exponential-capacity-3202-20210301-21:50:08-11267,attr,Aerocom.aircraft[0].dataLink[4],sentPackets:count,source,computeSentPackets,
Exponential-capacity-3202-20210301-21:50:08-11267,scalar,Aerocom.aircraft[0].dataLink[4],actualCapacity:mean,,,9447.6951092612
Exponential-capacity-3202-20210301-21:50:08-11267,attr,Aerocom.aircraft[0].dataLink[4],actualCapacity:mean,,,
Exponential-capacity-3202-20210301-21:50:08-11267,attr,Aerocom.aircraft[0].dataLink[4],actualCapacity:mean,source,computeActualCapacity,
Exponential-capacity-3202-20210301-21:50:08-11267,scalar,Aerocom.aircraft[0].dataLink[5],sentPackets:count,,,1270
Exponential-capacity-3202-20210301-21:50:08-11267,attr,Aerocom.aircraft[0].dataLink[5],sentPackets:count,source,computeSentPackets,
Exponential-capacity-3202-20210301-21:50:08-11267,scalar,Aerocom.aircraft[0].dataLink[5],actualCapacity:mean,,,9472.6460263286
Exponential-capacity-3202-20210301-21:50:08-11267,attr,Aerocom.aircraft[0].dataLink[5],actualCapacity:mean,,,
Exponential-capacity-3202-20210301-21:50:08-11267,attr,Aerocom.aircraft[0].dataLink[5],actualCapacity:mean,source,computeActualCapacity,
Exponential-capacity-3202-20210301-21:50:08-11267,scalar,Aerocom.aircraft[0].dataLink[6],sentPackets:count,,,394
Exponential-capacity-3202-20210301-21:50:08-11267,attr,Aerocom.aircraft[0].dataLink[6],sentPackets:count,source,computeSentPackets,
Exponential-capacity-3202-20210301-21:50:08-11267,scalar,Aerocom.aircraft[0].dataLink[6],actualCapacity:mean,,,9261.4485106383
Exponential-capacity-3202-20210301-21:50:08-11267,attr,Aerocom.aircraft[0].dataLink[6],actualCapacity:mean,,,
Exponential-capacity-3202-20210301-21:50:08-11267,attr,Aerocom.aircraft[0].dataLink[6],actualCapacity:mean,source,computeActualCapacity,
Exponential-capacity-3202-20210301-21:50:08-11267,scalar,Aerocom.aircraft[0].dataLink[7],sentPackets:count,,,1494
Exponential-capacity-3202-20210301-21:50:08-11267,attr,Aerocom.aircraft[0].dataLink[7],sentPackets:count,source,computeSentPackets,
Exponential-capacity-3202-20210301-21:50:08-11267,scalar,Aerocom.aircraft[0].dataLink[7],actualCapacity:mean,,,9524.0153778559
Exponential-capacity-3202-20210301-21:50:08-11267,attr,Aerocom.aircraft[0].dataLink[7],actualCapacity:mean,,,
Exponential-capacity-3202-20210301-21:50:08-11267,attr,Aerocom.aircraft[0].dataLink[7],actualCapacity:mean,source,computeActualCapacity,
Exponential-capacity-3202-20210301-21:50:08-11267,scalar,Aerocom.aircraft[0].dataLink[8],sentPackets:count,,,1002
Exponential-capacity-3202-20210301-21:50:08-11267,attr,Aerocom.aircraft[0].dataLink[8],sentPackets:count,source,computeSentPackets,
Exponential-capacity-3202-20210301-21:50:08-11267,scalar,Aerocom.aircraft[0].dataLink[8],actualCapacity:mean,,,9441.5921568627
Exponential-capacity-3202-20210301-21:50:08-11267,attr,Aerocom.aircraft[0].dataLink[8],actualCapacity:mean,,,
Exponential-capacity-3202-20210301-21:50:08-11267,attr,Aerocom.aircraft[0].dataLink[8],actualCapacity:mean,source,computeActualCapacity,
Exponential-capacity-3202-20210301-21:50:08-11267,scalar,Aerocom.aircraft[0].dataLink[9],sentPackets:count,,,1521
Exponential-capacity-3202-20210301-21:50:08-11267,attr,Aerocom.aircraft[0].dataLink[9],sentPackets:count,source,computeSentPackets,
Exponential-capacity-3202-20210301-21:50:08-11267,scalar,Aerocom.aircraft[0].dataLink[9],actualCapacity:mean,,,9519.0768562744
Exponential-capacity-3202-20210301-21:50:08-11267,attr,Aerocom.aircraft[0].dataLink[9],actualCapacity:mean,,,
Exponential-capacity-3202-20210301-21:50:08-11267,attr,Aerocom.aircraft[0].dataLink[9],actualCapacity:mean,source,computeActualCapacity,
Exponential-capacity-3202-20210301-21:50:08-11267,scalar,Aerocom.aircraft[0].dataLink[10],sentPackets:count,,,759
Exponential-capacity-3202-20210301-21:50:08-11267,attr,Aerocom.aircraft[0].dataLink[10],sentPackets:count,source,computeSentPackets,
Exponential-capacity-3202-20210301-21:50:08-11267,scalar,Aerocom.aircraft[0].dataLink[10],actualCapacity:mean,,,9294.8616883117
Exponential-capacity-3202-20210301-21:50:08-11267,attr,Aerocom.aircraft[0].dataLink[10],actualCapacity:mean,,,
Exponential-capacity-3202-20210301-21:50:08-11267,attr,Aerocom.aircraft[0].dataLink[10],actualCapacity:mean,source,computeActualCapacity,
Exponential-capacity-3202-20210301-21:50:08-11267,scalar,Aerocom.aircraft[0].dataLink[11],sentPackets:count,,,1513
Exponential-capacity-3202-20210301-21:50:08-11267,attr,Aerocom.aircraft[0].dataLink[11],sentPackets:count,source,computeSentPackets,
Exponential-capacity-3202-20210301-21:50:08-11267,scalar,Aerocom.aircraft[0].dataLink[11],actualCapacity:mean,,,9455.9237140366
Exponential-capacity-3202-20210301-21:50:08-11267,attr,Aerocom.aircraft[0].dataLink[11],actualCapacity:mean,,,
Exponential-capacity-3202-20210301-21:50:08-11267,attr,Aerocom.aircraft[0].dataLink[11],actualCapacity:mean,source,computeActualCapacity,
Exponential-capacity-3202-20210301-21:50:08-11267,scalar,Aerocom.aircraft[0].dataLink[12],sentPackets:count,,,1511
Exponential-capacity-3202-20210301-21:50:08-11267,attr,Aerocom.aircraft[0].dataLink[12],sentPackets:count,source,computeSentPackets,
Exponential-capacity-3202-20210301-21:50:08-11267,scalar,Aerocom.aircraft[0].dataLink[12],actualCapacity:mean,,,9450.3654600959
Exponential-capacity-3202-20210301-21:50:08-11267,attr,Aerocom.aircraft[0].dataLink[12],actualCapacity:mean,,,
Exponential-capacity-3202-20210301-21:50:08-11267,attr,Aerocom.aircraft[0].dataLink[12],actualCapacity:mean,source,computeActualCapacity,
Exponential-capacity-3202-20210301-21:50:08-11267,scalar,Aerocom.aircraft[0].dataLink[13],sentPackets:count,,,1707
Exponential-capacity-3202-20210301-21:50:08-11267,attr,Aerocom.aircraft[0].dataLink[13],sentPackets:count,source,computeSentPackets,
Exponential-capacity-3202-20210301-21:50:08-11267,scalar,Aerocom.aircraft[0].dataLink[13],actualCapacity:mean,,,9554.4111021722
Exponential-capacity-3202-20210301-21:50:08-11267,attr,Aerocom.aircraft[0].dataLink[13],actualCapacity:mean,,,
Exponential-capacity-3202-20210301-21:50:08-11267,attr,Aerocom.aircraft[0].dataLink[13],actualCapacity:mean,source,computeActualCapacity,
Exponential-capacity-3202-20210301-21:50:08-11267,scalar,Aerocom.aircraft[0].dataLink[14],sentPackets:count,,,896
Exponential-capacity-3202-20210301-21:50:08-11267,attr,Aerocom.aircraft[0].dataLink[14],sentPackets:count,source,computeSentPackets,
Exponential-capacity-3202-20210301-21:50:08-11267,scalar,Aerocom.aircraft[0].dataLink[14],actualCapacity:mean,,,9395.5464839094
Exponential-capacity-3202-20210301-21:50:08-11267,attr,Aerocom.aircraft[0].dataLink[14],actualCapacity:mean,,,
Exponential-capacity-3202-20210301-21:50:08-11267,attr,Aerocom.aircraft[0].dataLink[14],actualCapacity:mean,source,computeActualCapacity,
Exponential-capacity-3202-20210301-21:50:08-11267,scalar,Aerocom.aircraft[0].dataLink[15],sentPackets:count,,,2507
Exponential-capacity-3202-20210301-21:50:08-11267,attr,Aerocom.aircraft[0].dataLink[15],sentPackets:count,source,computeSentPackets,
Exponential-capacity-3202-20210301-21:50:08-11267,scalar,Aerocom.aircraft[0].dataLink[15],actualCapacity:mean,,,9580.302771855
Exponential-capacity-3202-20210301-21:50:08-11267,attr,Aerocom.aircraft[0].dataLink[15],actualCapacity:mean,,,
Exponential-capacity-3202-20210301-21:50:08-11267,attr,Aerocom.aircraft[0].dataLink[15],actualCapacity:mean,source,computeActualCapacity,
Exponential-capacity-3202-20210301-21:50:08-11267,scalar,Aerocom.controlTower,receivedPackets:count,,,19362
Exponential-capacity-3202-20210301-21:50:08-11267,attr,Aerocom.controlTower,receivedPackets:count,source,computeReceivedPackets,
Exponential-capacity-3220-20210301-21:50:10-11277,scalar,Aerocom.aircraft[0].linkSelector,responseTime:mean,,,0.54885083893528
Exponential-capacity-3220-20210301-21:50:10-11277,attr,Aerocom.aircraft[0].linkSelector,responseTime:mean,,,
Exponential-capacity-3220-20210301-21:50:10-11277,attr,Aerocom.aircraft[0].linkSelector,responseTime:mean,source,computeResponseTime,
Exponential-capacity-3220-20210301-21:50:10-11277,scalar,Aerocom.aircraft[0].linkSelector,meanMalus:sum,,,13302
Exponential-capacity-3220-20210301-21:50:10-11277,attr,Aerocom.aircraft[0].linkSelector,meanMalus:sum,,,
Exponential-capacity-3220-20210301-21:50:10-11277,attr,Aerocom.aircraft[0].linkSelector,meanMalus:sum,source,computeMeanMalus,
Exponential-capacity-3220-20210301-21:50:10-11277,scalar,Aerocom.aircraft[0].linkSelector,waitingTime:mean,,,0.54164929366822
Exponential-capacity-3220-20210301-21:50:10-11277,attr,Aerocom.aircraft[0].linkSelector,waitingTime:mean,,,
Exponential-capacity-3220-20210301-21:50:10-11277,attr,Aerocom.aircraft[0].linkSelector,waitingTime:mean,source,computeWaitingTime,
Exponential-capacity-3220-20210301-21:50:10-11277,scalar,Aerocom.aircraft[0].linkSelector,serviceTime:mean,,,0.0072015452670976
Exponential-capacity-3220-20210301-21:50:10-11277,attr,Aerocom.aircraft[0].linkSelector,serviceTime:mean,,,
Exponential-capacity-3220-20210301-21:50:10-11277,attr,Aerocom.aircraft[0].linkSelector,serviceTime:mean,source,computeServiceTime,
Exponential-capacity-3220-20210301-21:50:10-11277,scalar,Aerocom.aircraft[0].linkSelector,queueLength:mean,,,26.813308496326
Exponential-capacity-3220-20210301-21:50:10-11277,attr,Aerocom.aircraft[0].linkSelector,queueLength:mean,,,
Exponential-capacity-3220-20210301-21:50:10-11277,attr,Aerocom.aircraft[0].linkSelector,queueLength:mean,source,computeQueueLength,
Exponential-capacity-3220-20210301-21:50:10-11277,scalar,Aerocom.aircraft[0].dataLink[0],sentPackets:count,,,374
Exponential-capacity-3220-20210301-21:50:10-11277,attr,Aerocom.aircraft[0].dataLink[0],sentPackets:count,source,computeSentPackets,
Exponential-capacity-3220-20210301-21:50:10-11277,scalar,Aerocom.aircraft[0].dataLink[0],actualCapacity:mean,,,9120.1255411255
Exponential-capacity-3220-20210301-21:50:10-11277,attr,Aerocom.aircraft[0].dataLink[0],actualCapacity:mean,,,
Exponential-capacity-3220-20210301-21:50:10-11277,attr,Aerocom.aircraft[0].dataLink[0],actualCapacity:mean,source,computeActualCapacity,
Exponential-capacity-3220-20210301-21:50:10-11277,scalar,Aerocom.aircraft[0].dataLink[1],sentPackets:count,,,1478
Exponential-capacity-3220-20210301-21:50:10-11277,attr,Aerocom.aircraft[0].dataLink[1],sentPackets:count,source,computeSentPackets,
Exponential-capacity-3220-20210301-21:50:10-11277,scalar,Aerocom.aircraft[0].dataLink[1],actualCapacity:mean,,,9497.9283819629
Exponential-capacity-3220-20210301-21:50:10-11277,attr,Aerocom.aircraft[0].dataLink[1],actualCapacity:mean,,,
Exponential-capacity-3220-20210301-21:50:10-11277,attr,Aerocom.aircraft[0].dataLink[1],actualCapacity:mean,source,computeActualCapacity,
Exponential-capacity-3220-20210301-21:50:10-11277,scalar,Aerocom.aircraft[0].dataLink[2],sentPackets:count,,,1110
Exponential-capacity-3220-20210301-21:50:10-11277,attr,Aerocom.aircraft[0].dataLink[2],sentPackets:count,source,computeSentPackets,
Exponential-capacity-3220-20210301-21:50:10-11277,scalar,Aerocom.aircraft[0].dataLink[2],actualCapacity:mean,,,9471.7105124142
Exponential-capacity-3220-20210301-21:50:10-11277,attr,Aerocom.aircraft[0].dataLink[2],actualCapacity:mean,,,
Exponential-capacity-3220-20210301-21:50:10-11277,attr,Aerocom.aircraft[0].dataLink[2],actualCapacity:mean,source,computeActualCapacity,
Exponential-capacity-3220-20210301-21:50:10-11277,scalar,Aerocom.aircraft[0].dataLink[3],sentPackets:count,,,1234
Exponential-capacity-3220-20210301-21:50:10-11277,attr,Aerocom.aircraft[0].dataLink[3],sentPackets:count,source,computeSentPackets,
Exponential-capacity-3220-20210301-21:50:10-11277,scalar,Aerocom.aircraft[0].dataLink[3],actualCapacity:mean,,,9448.087797619
Exponential-capacity-3220-20210301-21:50:10-11277,attr,Aerocom.aircraft[0].dataLink[3],actualCapacity:mean,,,
Exponential-capacity-3220-20210301-21:50:10-11277,attr,Aerocom.aircraft[0].dataLink[3],actualCapacity:mean,source,computeActualCapacity,
Exponential-capacity-3220-20210301-21:50:10-11277,scalar,Aerocom.aircraft[0].dataLink[4],sentPackets:count,,,1480
Exponential-capacity-3220-20210301-21:50:10-11277,attr,Aerocom.aircraft[0].dataLink[4],sentPackets:count,source,computeSentPackets,
Exponential-capacity-3220-20210301-21:50:10-11277,scalar,Aerocom.aircraft[0].dataLink[4],actualCapacity:mean,,,9511.6874447392
Exponential-capacity-3220-20210301-21:50:10-11277,attr,Aerocom.aircraft[0].dataLink[4],actualCapacity:mean,,,
Exponential-capacity-3220-20210301-21:50:10-11277,attr,Aerocom.aircraft[0].dataLink[4],actualCapacity:mean,source,computeActualCapacity,
Exponential-capacity-3220-20210301-21:50:10-11277,scalar,Aerocom.aircraft[0].dataLink[5],sentPackets:count,,,1778
Exponential-capacity-3220-20210301-21:50:10-11277,attr,Aerocom.aircraft[0].dataLink[5],sentPackets:count,source,computeSentPackets,
Exponential-capacity-3220-20210301-21:50:10-11277,scalar,Aerocom.aircraft[0].dataLink[5],actualCapacity:mean,,,9538.613130129
Exponential-capacity-3220-20210301-21:50:10-11277,attr,Aerocom.aircraft[0].dataLink[5],actualCapacity:mean,,,
Exponential-capacity-3220-20210301-21:50:10-11277,attr,Aerocom.aircraft[0].dataLink[5],actualCapacity:mean,source,computeActualCapacity,
Exponential-capacity-3220-20210301-21:50:10-11277,scalar,Aerocom.aircraft[0].dataLink[6],sentPackets:count,,,764
Exponential-capacity-3220-20210301-21:50:10-11277,attr,Aerocom.aircraft[0].dataLink[6],sentPackets:count,source,computeSentPackets,
Exponential-capacity-3220-20210301-21:50:10-11277,scalar,Aerocom.aircraft[0].dataLink[6],actualCapacity:mean,,,9271.3432449903
Exponential-capacity-3220-20210301-21:50:10-11277,attr,Aerocom.aircraft[0].dataLink[6],actualCapacity:mean,,,
Exponential-capacity-3220-20210301-21:50:10-11277,attr,Aerocom.aircraft[0].dataLink[6],actualCapacity:mean,source,computeActualCapacity,
Exponential-capacity-3220-20210301-21:50:10-11277,scalar,Aerocom.aircraft[0].dataLink[7],sentPackets:count,,,496
Exponential-capacity-3220-20210301-21:50:10-11277,attr,Aerocom.aircraft[0].dataLink[7],sentPackets:count,source,computeSentPackets,
Exponential-capacity-3220-20210301-21:50:10-11277,scalar,Aerocom.aircraft[0].dataLink[7],actualCapacity:mean,,,9261.54453125
Exponential-capacity-3220-20210301-21:50:10-11277,attr,Aerocom.aircraft[0].dataLink[7],actualCapacity:mean,,,
Exponential-capacity-3220-20210301-21:50:10-11277,attr,Aerocom.aircraft[0].dataLink[7],actualCapacity:mean,source,computeActualCapacity,
Exponential-capacity-3220-20210301-21:50:10-11277,scalar,Aerocom.aircraft[0].dataLink[8],sentPackets:count,,,599
Exponential-capacity-3220-20210301-21:50:10-11277,attr,Aerocom.aircraft[0].dataLink[8],sentPackets:count,source,computeSentPackets,
Exponential-capacity-3220-20210301-21:50:10-11277,scalar,Aerocom.aircraft[0].dataLink[8],actualCapacity:mean,,,9278.5817655572
Exponential-capacity-3220-20210301-21:50:10-11277,attr,Aerocom.aircraft[0].dataLink[8],actualCapacity:mean,,,
Exponential-capacity-3220-20210301-21:50:10-11277,attr,Aerocom.aircraft[0].dataLink[8],actualCapacity:mean,source,computeActualCapacity,
Exponential-capacity-3220-20210301-21:50:10-11277,scalar,Aerocom.aircraft[0].dataLink[9],sentPackets:count,,,2280
Exponential-capacity-3220-20210301-21:50:10-11277,attr,Aerocom.aircraft[0].dataLink[9],sentPackets:count,source,computeSentPackets,
Exponential-capacity-3220-20210301-21:50:10-11277,scalar,Aerocom.aircraft[0].dataLink[9],actualCapacity:mean,,,9566.7207707381
Exponential-capacity-3220-20210301-21:50:10-11277,attr,Aerocom.aircraft[0].dataLink[9],actualCapacity:mean,,,
Exponential-capacity-3220-20210301-21:50:10-11277,attr,Aerocom.aircraft[0].dataLink[9],actualCapacity:mean,source,computeActualCapacity,
Exponential-capacity-3220-20210301-21:50:10-11277,scalar,Aerocom.aircraft[0].dataLink[10],sentPackets:count,,,950
Exponential-capacity-3220-20210301-21:50:10-11277,attr,Aerocom.aircraft[0].dataLink[10],sentPackets:count,source,computeSentPackets,
Exponential-capacity-3220-20210301-21:50:10-11277,scalar,Aerocom.aircraft[0].dataLink[10],actualCapacity:mean,,,9338.9024249423
Exponential-capacity-3220-20210301-21:50:10-11277,attr,Aerocom.aircraft[0].dataLink[10],actualCapacity:mean,,,
Exponential-capacity-3220-20210301-21:50:10-11277,attr,Aerocom.aircraft[0].dataLink[10],actualCapacity:mean,source,computeActualCapacity,
Exponential-capacity-3220-20210301-21:50:10-11277,scalar,Aerocom.aircraft[0].dataLink[11],sentPackets:count,,,1129
Exponential-capacity-3220-20210301-21:50:10-11277,attr,Aerocom.aircraft[0].dataLink[11],sentPackets:count,source,computeSentPackets,
Exponential-capacity-3220-20210301-21:50:10-11277,scalar,Aerocom.aircraft[0].dataLink[11],actualCapacity:mean,,,9429.4837866109
Exponential-capacity-3220-20210301-21:50:10-11277,attr,Aerocom.aircraft[0].dataLink[11],actualCapacity:mean,,,
Exponential-capacity-3220-20210301-21:50:10-11277,attr,Aerocom.aircraft[0].dataLink[11],actualCapacity:mean,source,computeActualCapacity,
Exponential-capacity-3220-20210301-21:50:10-11277,scalar,Aerocom.aircraft[0].dataLink[12],sentPackets:count,,,2052
Exponential-capacity-3220-20210301-21:50:10-11277,attr,Aerocom.aircraft[0].dataLink[12],sentPackets:count,source,computeSentPackets,
Exponential-capacity-3220-20210301-21:50:10-11277,scalar,Aerocom.aircraft[0].dataLink[12],actualCapacity:mean,,,9530.479321315
Exponential-capacity-3220-20210301-21:50:10-11277,attr,Aerocom.aircraft[0].dataLink[12],actualCapacity:mean,,,
Exponential-capacity-3220-20210301-21:50:10-11277,attr,Aerocom.aircraft[0].dataLink[12],actualCapacity:mean,source,computeActualCapacity,
Exponential-capacity-3220-20210301-21:50:10-11277,scalar,Aerocom.aircraft[0].dataLink[13],sentPackets:count,,,830
Exponential-capacity-3220-20210301-21:50:10-11277,attr,Aerocom.aircraft[0].dataLink[13],sentPackets:count,source,computeSentPackets,
Exponential-capacity-3220-20210301-21:50:10-11277,scalar,Aerocom.aircraft[0].dataLink[13],actualCapacity:mean,,,9368.8398510242
Exponential-capacity-3220-20210301-21:50:10-11277,attr,Aerocom.aircraft[0].dataLink[13],actualCapacity:mean,,,
Exponential-capacity-3220-20210301-21:50:10-11277,attr,Aerocom.aircraft[0].dataLink[13],actualCapacity:mean,source,computeActualCapacity,
Exponential-capacity-3220-20210301-21:50:10-11277,scalar,Aerocom.aircraft[0].dataLink[14],sentPackets:count,,,1199
Exponential-capacity-3220-20210301-21:50:10-11277,attr,Aerocom.aircraft[0].dataLink[14],sentPackets:count,source,computeSentPackets,
Exponential-capacity-3220-20210301-21:50:10-11277,scalar,Aerocom.aircraft[0].dataLink[14],actualCapacity:mean,,,9423.6082995951
Exponential-capacity-3220-20210301-21:50:10-11277,attr,Aerocom.aircraft[0].dataLink[14],actualCapacity:mean,,,
Exponential-capacity-3220-20210301-21:50:10-11277,attr,Aerocom.aircraft[0].dataLink[14],actualCapacity:mean,source,computeActualCapacity,
Exponential-capacity-3220-20210301-21:50:10-11277,scalar,Aerocom.aircraft[0].dataLink[15],sentPackets:count,,,1573
Exponential-capacity-3220-20210301-21:50:10-11277,attr,Aerocom.aircraft[0].dataLink[15],sentPackets:count,source,computeSentPackets,
Exponential-capacity-3220-20210301-21:50:10-11277,scalar,Aerocom.aircraft[0].dataLink[15],actualCapacity:mean,,,9450.7188566553
Exponential-capacity-3220-20210301-21:50:10-11277,attr,Aerocom.aircraft[0].dataLink[15],actualCapacity:mean,,,
Exponential-capacity-3220-20210301-21:50:10-11277,attr,Aerocom.aircraft[0].dataLink[15],actualCapacity:mean,source,computeActualCapacity,
Exponential-capacity-3220-20210301-21:50:10-11277,scalar,Aerocom.controlTower,receivedPackets:count,,,19326
Exponential-capacity-3220-20210301-21:50:10-11277,attr,Aerocom.controlTower,receivedPackets:count,source,computeReceivedPackets,
Exponential-capacity-3221-20210301-21:50:10-11277,scalar,Aerocom.aircraft[0].linkSelector,responseTime:mean,,,0.60168707732738
Exponential-capacity-3221-20210301-21:50:10-11277,attr,Aerocom.aircraft[0].linkSelector,responseTime:mean,,,
Exponential-capacity-3221-20210301-21:50:10-11277,attr,Aerocom.aircraft[0].linkSelector,responseTime:mean,source,computeResponseTime,
Exponential-capacity-3221-20210301-21:50:10-11277,scalar,Aerocom.aircraft[0].linkSelector,meanMalus:sum,,,13656
Exponential-capacity-3221-20210301-21:50:10-11277,attr,Aerocom.aircraft[0].linkSelector,meanMalus:sum,,,
Exponential-capacity-3221-20210301-21:50:10-11277,attr,Aerocom.aircraft[0].linkSelector,meanMalus:sum,source,computeMeanMalus,
Exponential-capacity-3221-20210301-21:50:10-11277,scalar,Aerocom.aircraft[0].linkSelector,waitingTime:mean,,,0.59449162024739
Exponential-capacity-3221-20210301-21:50:10-11277,attr,Aerocom.aircraft[0].linkSelector,waitingTime:mean,,,
Exponential-capacity-3221-20210301-21:50:10-11277,attr,Aerocom.aircraft[0].linkSelector,waitingTime:mean,source,computeWaitingTime,
Exponential-capacity-3221-20210301-21:50:10-11277,scalar,Aerocom.aircraft[0].linkSelector,serviceTime:mean,,,0.0071901790371122
Exponential-capacity-3221-20210301-21:50:10-11277,attr,Aerocom.aircraft[0].linkSelector,serviceTime:mean,,,
Exponential-capacity-3221-20210301-21:50:10-11277,attr,Aerocom.aircraft[0].linkSelector,serviceTime:mean,source,computeServiceTime,
Exponential-capacity-3221-20210301-21:50:10-11277,scalar,Aerocom.aircraft[0].linkSelector,queueLength:mean,,,29.984263959391
Exponential-capacity-3221-20210301-21:50:10-11277,attr,Aerocom.aircraft[0].linkSelector,queueLength:mean,,,
Exponential-capacity-3221-20210301-21:50:10-11277,attr,Aerocom.aircraft[0].linkSelector,queueLength:mean,source,computeQueueLength,
Exponential-capacity-3221-20210301-21:50:10-11277,scalar,Aerocom.aircraft[0].dataLink[0],sentPackets:count,,,781
Exponential-capacity-3221-20210301-21:50:10-11277,attr,Aerocom.aircraft[0].dataLink[0],sentPackets:count,source,computeSentPackets,
Exponential-capacity-3221-20210301-21:50:10-11277,scalar,Aerocom.aircraft[0].dataLink[0],actualCapacity:mean,,,9382.5757188498
Exponential-capacity-3221-20210301-21:50:10-11277,attr,Aerocom.aircraft[0].dataLink[0],actualCapacity:mean,,,
Exponential-capacity-3221-20210301-21:50:10-11277,attr,Aerocom.aircraft[0].dataLink[0],actualCapacity:mean,source,computeActualCapacity,
Exponential-capacity-3221-20210301-21:50:10-11277,scalar,Aerocom.aircraft[0].dataLink[1],sentPackets:count,,,1024
Exponential-capacity-3221-20210301-21:50:10-11277,attr,Aerocom.aircraft[0].dataLink[1],sentPackets:count,source,computeSentPackets,
Exponential-capacity-3221-20210301-21:50:10-11277,scalar,Aerocom.aircraft[0].dataLink[1],actualCapacity:mean,,,9394.3611725664
Exponential-capacity-3221-20210301-21:50:10-11277,attr,Aerocom.aircraft[0].dataLink[1],actualCapacity:mean,,,
Exponential-capacity-3221-20210301-21:50:10-11277,attr,Aerocom.aircraft[0].dataLink[1],actualCapacity:mean,source,computeActualCapacity,
Exponential-capacity-3221-20210301-21:50:10-11277,scalar,Aerocom.aircraft[0].dataLink[2],sentPackets:count,,,1438
Exponential-capacity-3221-20210301-21:50:10-11277,attr,Aerocom.aircraft[0].dataLink[2],sentPackets:count,source,computeSentPackets,
Exponential-capacity-3221-20210301-21:50:10-11277,scalar,Aerocom.aircraft[0].dataLink[2],actualCapacity:mean,,,9433.2703068592
Exponential-capacity-3221-20210301-21:50:10-11277,attr,Aerocom.aircraft[0].dataLink[2],actualCapacity:mean,,,
Exponential-capacity-3221-20210301-21:50:10-11277,attr,Aerocom.aircraft[0].dataLink[2],actualCapacity:mean,source,computeActualCapacity,
Exponential-capacity-3221-20210301-21:50:10-11277,scalar,Aerocom.aircraft[0].dataLink[3],sentPackets:count,,,1485
Exponential-capacity-3221-20210301-21:50:10-11277,attr,Aerocom.aircraft[0].dataLink[3],sentPackets:count,source,computeSentPackets,
Exponential-capacity-3221-20210301-21:50:10-11277,scalar,Aerocom.aircraft[0].dataLink[3],actualCapacity:mean,,,9485.0805457746
Exponential-capacity-3221-20210301-21:50:10-11277,attr,Aerocom.aircraft[0].dataLink[3],actualCapacity:mean,,,
Exponential-capacity-3221-20210301-21:50:10-11277,attr,Aerocom.aircraft[0].dataLink[3],actualCapacity:mean,source,computeActualCapacity,
Exponential-capacity-3221-20210301-21:50:10-11277,scalar,Aerocom.aircraft[0].dataLink[4],sentPackets:count,,,847
Exponential-capacity-3221-20210301-21:50:10-11277,attr,Aerocom.aircraft[0].dataLink[4],sentPackets:count,source,computeSentPackets,
Exponential-capacity-3221-20210301-21:50:10-11277,scalar,Aerocom.aircraft[0].dataLink[4],actualCapacity:mean,,,9430.1789667897
Exponential-capacity-3221-20210301-21:50:10-11277,attr,Aerocom.aircraft[0].dataLink[4],actualCapacity:mean,,,
Exponential-capacity-3221-20210301-21:50:10-11277,attr,Aerocom.aircraft[0].dataLink[4],actualCapacity:mean,source,computeActualCapacity,
Exponential-capacity-3221-20210301-21:50:10-11277,scalar,Aerocom.aircraft[0].dataLink[5],sentPackets:count,,,744
Exponential-capacity-3221-20210301-21:50:10-11277,attr,Aerocom.aircraft[0].dataLink[5],sentPackets:count,source,computeSentPackets,
Exponential-capacity-3221-20210301-21:50:10-11277,scalar,Aerocom.aircraft[0].dataLink[5],actualCapacity:mean,,,9305.9411379987
Exponential-capacity-3221-20210301-21:50:10-11277,attr,Aerocom.aircraft[0].dataLink[5],actualCapacity:mean,,,
Exponential-capacity-3221-20210301-21:50:10-11277,attr,Aerocom.aircraft[0].dataLink[5],actualCapacity:mean,source,computeActualCapacity,
Exponential-capacity-3221-20210301-21:50:10-11277,scalar,Aerocom.aircraft[0].dataLink[6],sentPackets:count,,,1172
Exponential-capacity-3221-20210301-21:50:10-11277,attr,Aerocom.aircraft[0].dataLink[6],sentPackets:count,source,computeSentPackets,
Exponential-capacity-3221-20210301-21:50:10-11277,scalar,Aerocom.aircraft[0].dataLink[6],actualCapacity:mean,,,9499.1067961165
Exponential-capacity-3221-20210301-21:50:10-11277,attr,Aerocom.aircraft[0].dataLink[6],actualCapacity:mean,,,
Exponential-capacity-3221-20210301-21:50:10-11277,attr,Aerocom.aircraft[0].dataLink[6],actualCapacity:mean,source,computeActualCapacity,
Exponential-capacity-3221-20210301-21:50:10-11277,scalar,Aerocom.aircraft[0].dataLink[7],sentPackets:count,,,801
Exponential-capacity-3221-20210301-21:50:10-11277,attr,Aerocom.aircraft[0].dataLink[7],sentPackets:count,source,computeSentPackets,
Exponential-capacity-3221-20210301-21:50:10-11277,scalar,Aerocom.aircraft[0].dataLink[7],actualCapacity:mean,,,9360.9330808081
Exponential-capacity-3221-20210301-21:50:10-11277,attr,Aerocom.aircraft[0].dataLink[7],actualCapacity:mean,,,
Exponential-capacity-3221-20210301-21:50:10-11277,attr,Aerocom.aircraft[0].dataLink[7],actualCapacity:mean,source,computeActualCapacity,
Exponential-capacity-3221-20210301-21:50:10-11277,scalar,Aerocom.aircraft[0].dataLink[8],sentPackets:count,,,1504
Exponential-capacity-3221-20210301-21:50:10-11277,attr,Aerocom.aircraft[0].dataLink[8],sentPackets:count,source,computeSentPackets,
Exponential-capacity-3221-20210301-21:50:10-11277,scalar,Aerocom.aircraft[0].dataLink[8],actualCapacity:mean,,,9522.7719912473
Exponential-capacity-3221-20210301-21:50:10-11277,attr,Aerocom.aircraft[0].dataLink[8],actualCapacity:mean,,,
Exponential-capacity-3221-20210301-21:50:10-11277,attr,Aerocom.aircraft[0].dataLink[8],actualCapacity:mean,source,computeActualCapacity,
Exponential-capacity-3221-20210301-21:50:10-11277,scalar,Aerocom.aircraft[0].dataLink[9],sentPackets:count,,,1181
Exponential-capacity-3221-20210301-21:50:10-11277,attr,Aerocom.aircraft[0].dataLink[9],sentPackets:count,source,computeSentPackets,
Exponential-capacity-3221-20210301-21:50:10-11277,scalar,Aerocom.aircraft[0].dataLink[9],actualCapacity:mean,,,9423.6778968862
Exponential-capacity-3221-20210301-21:50:10-11277,attr,Aerocom.aircraft[0].dataLink[9],actualCapacity:mean,,,
Exponential-capacity-3221-20210301-21:50:10-11277,attr,Aerocom.aircraft[0].dataLink[9],actualCapacity:mean,source,computeActualCapacity,
Exponential-capacity-3221-20210301-21:50:10-11277,scalar,Aerocom.aircraft[0].dataLink[10],sentPackets:count,,,1803
Exponential-capacity-3221-20210301-21:50:10-11277,attr,Aerocom.aircraft[0].dataLink[10],sentPackets:count,source,computeSentPackets,
Exponential-capacity-3221-20210301-21:50:10-11277,scalar,Aerocom.aircraft[0].dataLink[10],actualCapacity:mean,,,9517.1675067856
Exponential-capacity-3221-20210301-21:50:10-11277,attr,Aerocom.aircraft[0].dataLink[10],actualCapacity:mean,,,
Exponential-capacity-3221-20210301-21:50:10-11277,attr,Aerocom.aircraft[0].dataLink[10],actualCapacity:mean,source,computeActualCapacity,
Exponential-capacity-3221-20210301-21:50:10-11277,scalar,Aerocom.aircraft[0].dataLink[11],sentPackets:count,,,2042
Exponential-capacity-3221-20210301-21:50:10-11277,attr,Aerocom.aircraft[0].dataLink[11],sentPackets:count,source,computeSentPackets,
Exponential-capacity-3221-20210301-21:50:10-11277,scalar,Aerocom.aircraft[0].dataLink[11],actualCapacity:mean,,,9587.5674814028
Exponential-capacity-3221-20210301-21:50:10-11277,attr,Aerocom.aircraft[0].dataLink[11],actualCapacity:mean,,,
Exponential-capacity-3221-20210301-21:50:10-11277,attr,Aerocom.aircraft[0].dataLink[11],actualCapacity:mean,source,computeActualCapacity,
Exponential-capacity-3221-20210301-21:50:10-11277,scalar,Aerocom.aircraft[0].dataLink[12],sentPackets:count,,,1667
Exponential-capacity-3221-20210301-21:50:10-11277,attr,Aerocom.aircraft[0].dataLink[12],sentPackets:count,source,computeSentPackets,
Exponential-capacity-3221-20210301-21:50:10-11277,scalar,Aerocom.aircraft[0].dataLink[12],actualCapacity:mean,,,9510.5829248366
Exponential-capacity-3221-20210301-21:50:10-11277,attr,Aerocom.aircraft[0].dataLink[12],actualCapacity:mean,,,
Exponential-capacity-3221-20210301-21:50:10-11277,attr,Aerocom.aircraft[0].dataLink[12],actualCapacity:mean,source,computeActualCapacity,
Exponential-capacity-3221-20210301-21:50:10-11277,scalar,Aerocom.aircraft[0].dataLink[13],sentPackets:count,,,873
Exponential-capacity-3221-20210301-21:50:10-11277,attr,Aerocom.aircraft[0].dataLink[13],sentPackets:count,source,computeSentPackets,
Exponential-capacity-3221-20210301-21:50:10-11277,scalar,Aerocom.aircraft[0].dataLink[13],actualCapacity:mean,,,9315.0544794189
Exponential-capacity-3221-20210301-21:50:10-11277,attr,Aerocom.aircraft[0].dataLink[13],actualCapacity:mean,,,
Exponential-capacity-3221-20210301-21:50:10-11277,attr,Aerocom.aircraft[0].dataLink[13],actualCapacity:mean,source,computeActualCapacity,
Exponential-capacity-3221-20210301-21:50:10-11277,scalar,Aerocom.aircraft[0].dataLink[14],sentPackets:count,,,1093
Exponential-capacity-3221-20210301-21:50:10-11277,attr,Aerocom.aircraft[0].dataLink[14],sentPackets:count,source,computeSentPackets,
Exponential-capacity-3221-20210301-21:50:10-11277,scalar,Aerocom.aircraft[0].dataLink[14],actualCapacity:mean,,,9404.4053475936
Exponential-capacity-3221-20210301-21:50:10-11277,attr,Aerocom.aircraft[0].dataLink[14],actualCapacity:mean,,,
Exponential-capacity-3221-20210301-21:50:10-11277,attr,Aerocom.aircraft[0].dataLink[14],actualCapacity:mean,source,computeActualCapacity,
Exponential-capacity-3221-20210301-21:50:10-11277,scalar,Aerocom.aircraft[0].dataLink[15],sentPackets:count,,,1244
Exponential-capacity-3221-20210301-21:50:10-11277,attr,Aerocom.aircraft[0].dataLink[15],sentPackets:count,source,computeSentPackets,
Exponential-capacity-3221-20210301-21:50:10-11277,scalar,Aerocom.aircraft[0].dataLink[15],actualCapacity:mean,,,9442.4839347504
Exponential-capacity-3221-20210301-21:50:10-11277,attr,Aerocom.aircraft[0].dataLink[15],actualCapacity:mean,,,
Exponential-capacity-3221-20210301-21:50:10-11277,attr,Aerocom.aircraft[0].dataLink[15],actualCapacity:mean,source,computeActualCapacity,
Exponential-capacity-3221-20210301-21:50:10-11277,scalar,Aerocom.controlTower,receivedPackets:count,,,19699
Exponential-capacity-3221-20210301-21:50:10-11277,attr,Aerocom.controlTower,receivedPackets:count,source,computeReceivedPackets,
Exponential-capacity-3222-20210301-21:50:11-11277,scalar,Aerocom.aircraft[0].linkSelector,responseTime:mean,,,0.61752056026385
Exponential-capacity-3222-20210301-21:50:11-11277,attr,Aerocom.aircraft[0].linkSelector,responseTime:mean,,,
Exponential-capacity-3222-20210301-21:50:11-11277,attr,Aerocom.aircraft[0].linkSelector,responseTime:mean,source,computeResponseTime,
Exponential-capacity-3222-20210301-21:50:11-11277,scalar,Aerocom.aircraft[0].linkSelector,meanMalus:sum,,,13518
Exponential-capacity-3222-20210301-21:50:11-11277,attr,Aerocom.aircraft[0].linkSelector,meanMalus:sum,,,
Exponential-capacity-3222-20210301-21:50:11-11277,attr,Aerocom.aircraft[0].linkSelector,meanMalus:sum,source,computeMeanMalus,
Exponential-capacity-3222-20210301-21:50:11-11277,scalar,Aerocom.aircraft[0].linkSelector,waitingTime:mean,,,0.61032196225092
Exponential-capacity-3222-20210301-21:50:11-11277,attr,Aerocom.aircraft[0].linkSelector,waitingTime:mean,,,
Exponential-capacity-3222-20210301-21:50:11-11277,attr,Aerocom.aircraft[0].linkSelector,waitingTime:mean,source,computeWaitingTime,
Exponential-capacity-3222-20210301-21:50:11-11277,scalar,Aerocom.aircraft[0].linkSelector,serviceTime:mean,,,0.0072005419174098
Exponential-capacity-3222-20210301-21:50:11-11277,attr,Aerocom.aircraft[0].linkSelector,serviceTime:mean,,,
Exponential-capacity-3222-20210301-21:50:11-11277,attr,Aerocom.aircraft[0].linkSelector,serviceTime:mean,source,computeServiceTime,
Exponential-capacity-3222-20210301-21:50:11-11277,scalar,Aerocom.aircraft[0].linkSelector,queueLength:mean,,,29.975256986415
Exponential-capacity-3222-20210301-21:50:11-11277,attr,Aerocom.aircraft[0].linkSelector,queueLength:mean,,,
Exponential-capacity-3222-20210301-21:50:11-11277,attr,Aerocom.aircraft[0].linkSelector,queueLength:mean,source,computeQueueLength,
Exponential-capacity-3222-20210301-21:50:11-11277,scalar,Aerocom.aircraft[0].dataLink[0],sentPackets:count,,,1288
Exponential-capacity-3222-20210301-21:50:11-11277,attr,Aerocom.aircraft[0].dataLink[0],sentPackets:count,source,computeSentPackets,
Exponential-capacity-3222-20210301-21:50:11-11277,scalar,Aerocom.aircraft[0].dataLink[0],actualCapacity:mean,,,9447.5617433414
Exponential-capacity-3222-20210301-21:50:11-11277,attr,Aerocom.aircraft[0].dataLink[0],actualCapacity:mean,,,
Exponential-capacity-3222-20210301-21:50:11-11277,attr,Aerocom.aircraft[0].dataLink[0],actualCapacity:mean,source,computeActualCapacity,
Exponential-capacity-3222-20210301-21:50:11-11277,scalar,Aerocom.aircraft[0].dataLink[1],sentPackets:count,,,1232
Exponential-capacity-3222-20210301-21:50:11-11277,attr,Aerocom.aircraft[0].dataLink[1],sentPackets:count,source,computeSentPackets,
Exponential-capacity-3222-20210301-21:50:11-11277,scalar,Aerocom.aircraft[0].dataLink[1],actualCapacity:mean,,,9415.7497517378
Exponential-capacity-3222-20210301-21:50:11-11277,attr,Aerocom.aircraft[0].dataLink[1],actualCapacity:mean,,,
Exponential-capacity-3222-20210301-21:50:11-11277,attr,Aerocom.aircraft[0].dataLink[1],actualCapacity:mean,source,computeActualCapacity,
Exponential-capacity-3222-20210301-21:50:11-11277,scalar,Aerocom.aircraft[0].dataLink[2],sentPackets:count,,,2358
Exponential-capacity-3222-20210301-21:50:11-11277,attr,Aerocom.aircraft[0].dataLink[2],sentPackets:count,source,computeSentPackets,
Exponential-capacity-3222-20210301-21:50:11-11277,scalar,Aerocom.aircraft[0].dataLink[2],actualCapacity:mean,,,9578.403956605
Exponential-capacity-3222-20210301-21:50:11-11277,attr,Aerocom.aircraft[0].dataLink[2],actualCapacity:mean,,,
Exponential-capacity-3222-20210301-21:50:11-11277,attr,Aerocom.aircraft[0].dataLink[2],actualCapacity:mean,source,computeActualCapacity,
Exponential-capacity-3222-20210301-21:50:11-11277,scalar,Aerocom.aircraft[0].dataLink[3],sentPackets:count,,,1039
Exponential-capacity-3222-20210301-21:50:11-11277,attr,Aerocom.aircraft[0].dataLink[3],sentPackets:count,source,computeSentPackets,
Exponential-capacity-3222-20210301-21:50:11-11277,scalar,Aerocom.aircraft[0].dataLink[3],actualCapacity:mean,,,9413.068568294
Exponential-capacity-3222-20210301-21:50:11-11277,attr,Aerocom.aircraft[0].dataLink[3],actualCapacity:mean,,,
Exponential-capacity-3222-20210301-21:50:11-11277,attr,Aerocom.aircraft[0].dataLink[3],actualCapacity:mean,source,computeActualCapacity,
Exponential-capacity-3222-20210301-21:50:11-11277,scalar,Aerocom.aircraft[0].dataLink[4],sentPackets:count,,,1540
Exponential-capacity-3222-20210301-21:50:11-11277,attr,Aerocom.aircraft[0].dataLink[4],sentPackets:count,source,computeSentPackets,
Exponential-capacity-3222-20210301-21:50:11-11277,scalar,Aerocom.aircraft[0].dataLink[4],actualCapacity:mean,,,9467.152389152
Exponential-capacity-3222-20210301-21:50:11-11277,attr,Aerocom.aircraft[0].dataLink[4],actualCapacity:mean,,,
Exponential-capacity-3222-20210301-21:50:11-11277,attr,Aerocom.aircraft[0].dataLink[4],actualCapacity:mean,source,computeActualCapacity,
Exponential-capacity-3222-20210301-21:50:11-11277,scalar,Aerocom.aircraft[0].dataLink[5],sentPackets:count,,,1830
Exponential-capacity-3222-20210301-21:50:11-11277,attr,Aerocom.aircraft[0].dataLink[5],sentPackets:count,source,computeSentPackets,
Exponential-capacity-3222-20210301-21:50:11-11277,scalar,Aerocom.aircraft[0].dataLink[5],actualCapacity:mean,,,9527.5611345343
Exponential-capacity-3222-20210301-21:50:11-11277,attr,Aerocom.aircraft[0].dataLink[5],actualCapacity:mean,,,
Exponential-capacity-3222-20210301-21:50:11-11277,attr,Aerocom.aircraft[0].dataLink[5],actualCapacity:mean,source,computeActualCapacity,
Exponential-capacity-3222-20210301-21:50:11-11277,scalar,Aerocom.aircraft[0].dataLink[6],sentPackets:count,,,976
Exponential-capacity-3222-20210301-21:50:11-11277,attr,Aerocom.aircraft[0].dataLink[6],sentPackets:count,source,computeSentPackets,
Exponential-capacity-3222-20210301-21:50:11-11277,scalar,Aerocom.aircraft[0].dataLink[6],actualCapacity:mean,,,9427.8935685828
Exponential-capacity-3222-20210301-21:50:11-11277,attr,Aerocom.aircraft[0].dataLink[6],actualCapacity:mean,,,
Exponential-capacity-3222-20210301-21:50:11-11277,attr,Aerocom.aircraft[0].dataLink[6],actualCapacity:mean,source,computeActualCapacity,
Exponential-capacity-3222-20210301-21:50:11-11277,scalar,Aerocom.aircraft[0].dataLink[7],sentPackets:count,,,1253
Exponential-capacity-3222-20210301-21:50:11-11277,attr,Aerocom.aircraft[0].dataLink[7],sentPackets:count,source,computeSentPackets,
Exponential-capacity-3222-20210301-21:50:11-11277,scalar,Aerocom.aircraft[0].dataLink[7],actualCapacity:mean,,,9481.1049261084
Exponential-capacity-3222-20210301-21:50:11-11277,attr,Aerocom.aircraft[0].dataLink[7],actualCapacity:mean,,,
Exponential-capacity-3222-20210301-21:50:11-11277,attr,Aerocom.aircraft[0].dataLink[7],actualCapacity:mean,source,computeActualCapacity,
Exponential-capacity-3222-20210301-21:50:11-11277,scalar,Aerocom.aircraft[0].dataLink[8],sentPackets:count,,,719
Exponential-capacity-3222-20210301-21:50:11-11277,attr,Aerocom.aircraft[0].dataLink[8],sentPackets:count,source,computeSentPackets,
Exponential-capacity-3222-20210301-21:50:11-11277,scalar,Aerocom.aircraft[0].dataLink[8],actualCapacity:mean,,,9301.1844207723
Exponential-capacity-3222-20210301-21:50:11-11277,attr,Aerocom.aircraft[0].dataLink[8],actualCapacity:mean,,,
Exponential-capacity-3222-20210301-21:50:11-11277,attr,Aerocom.aircraft[0].dataLink[8],actualCapacity:mean,source,computeActualCapacity,
Exponential-capacity-3222-20210301-21:50:11-11277,scalar,Aerocom.aircraft[0].dataLink[9],sentPackets:count,,,996
Exponential-capacity-3222-20210301-21:50:11-11277,attr,Aerocom.aircraft[0].dataLink[9],sentPackets:count,source,computeSentPackets,
Exponential-capacity-3222-20210301-21:50:11-11277,scalar,Aerocom.aircraft[0].dataLink[9],actualCapacity:mean,,,9387.8476672288
Exponential-capacity-3222-20210301-21:50:11-11277,attr,Aerocom.aircraft[0].dataLink[9],actualCapacity:mean,,,
Exponential-capacity-3222-20210301-21:50:11-11277,attr,Aerocom.aircraft[0].dataLink[9],actualCapacity:mean,source,computeActualCapacity,
Exponential-capacity-3222-20210301-21:50:11-11277,scalar,Aerocom.aircraft[0].dataLink[10],sentPackets:count,,,1336
Exponential-capacity-3222-20210301-21:50:11-11277,attr,Aerocom.aircraft[0].dataLink[10],sentPackets:count,source,computeSentPackets,
Exponential-capacity-3222-20210301-21:50:11-11277,scalar,Aerocom.aircraft[0].dataLink[10],actualCapacity:mean,,,9442.1580934403
Exponential-capacity-3222-20210301-21:50:11-11277,attr,Aerocom.aircraft[0].dataLink[10],actualCapacity:mean,,,
Exponential-capacity-3222-20210301-21:50:11-11277,attr,Aerocom.aircraft[0].dataLink[10],actualCapacity:mean,source,computeActualCapacity,
Exponential-capacity-3222-20210301-21:50:11-11277,scalar,Aerocom.aircraft[0].dataLink[11],sentPackets:count,,,1213
Exponential-capacity-3222-20210301-21:50:11-11277,attr,Aerocom.aircraft[0].dataLink[11],sentPackets:count,source,computeSentPackets,
Exponential-capacity-3222-20210301-21:50:11-11277,scalar,Aerocom.aircraft[0].dataLink[11],actualCapacity:mean,,,9431.4821876568
Exponential-capacity-3222-20210301-21:50:11-11277,attr,Aerocom.aircraft[0].dataLink[11],actualCapacity:mean,,,
Exponential-capacity-3222-20210301-21:50:11-11277,attr,Aerocom.aircraft[0].dataLink[11],actualCapacity:mean,source,computeActualCapacity,
Exponential-capacity-3222-20210301-21:50:11-11277,scalar,Aerocom.aircraft[0].dataLink[12],sentPackets:count,,,861
Exponential-capacity-3222-20210301-21:50:11-11277,attr,Aerocom.aircraft[0].dataLink[12],sentPackets:count,source,computeSentPackets,
Exponential-capacity-3222-20210301-21:50:11-11277,scalar,Aerocom.aircraft[0].dataLink[12],actualCapacity:mean,,,9376.0995723885
Exponential-capacity-3222-20210301-21:50:11-11277,attr,Aerocom.aircraft[0].dataLink[12],actualCapacity:mean,,,
Exponential-capacity-3222-20210301-21:50:11-11277,attr,Aerocom.aircraft[0].dataLink[12],actualCapacity:mean,source,computeActualCapacity,
Exponential-capacity-3222-20210301-21:50:11-11277,scalar,Aerocom.aircraft[0].dataLink[13],sentPackets:count,,,459
Exponential-capacity-3222-20210301-21:50:11-11277,attr,Aerocom.aircraft[0].dataLink[13],sentPackets:count,source,computeSentPackets,
Exponential-capacity-3222-20210301-21:50:11-11277,scalar,Aerocom.aircraft[0].dataLink[13],actualCapacity:mean,,,9240.6983870968
Exponential-capacity-3222-20210301-21:50:11-11277,attr,Aerocom.aircraft[0].dataLink[13],actualCapacity:mean,,,
Exponential-capacity-3222-20210301-21:50:11-11277,attr,Aerocom.aircraft[0].dataLink[13],actualCapacity:mean,source,computeActualCapacity,
Exponential-capacity-3222-20210301-21:50:11-11277,scalar,Aerocom.aircraft[0].dataLink[14],sentPackets:count,,,1348
Exponential-capacity-3222-20210301-21:50:11-11277,attr,Aerocom.aircraft[0].dataLink[14],sentPackets:count,source,computeSentPackets,
Exponential-capacity-3222-20210301-21:50:11-11277,scalar,Aerocom.aircraft[0].dataLink[14],actualCapacity:mean,,,9482.9086223055
Exponential-capacity-3222-20210301-21:50:11-11277,attr,Aerocom.aircraft[0].dataLink[14],actualCapacity:mean,,,
Exponential-capacity-3222-20210301-21:50:11-11277,attr,Aerocom.aircraft[0].dataLink[14],actualCapacity:mean,source,computeActualCapacity,
Exponential-capacity-3222-20210301-21:50:11-11277,scalar,Aerocom.aircraft[0].dataLink[15],sentPackets:count,,,910
Exponential-capacity-3222-20210301-21:50:11-11277,attr,Aerocom.aircraft[0].dataLink[15],sentPackets:count,source,computeSentPackets,
Exponential-capacity-3222-20210301-21:50:11-11277,scalar,Aerocom.aircraft[0].dataLink[15],actualCapacity:mean,,,9356.1715801887
Exponential-capacity-3222-20210301-21:50:11-11277,attr,Aerocom.aircraft[0].dataLink[15],actualCapacity:mean,,,
Exponential-capacity-3222-20210301-21:50:11-11277,attr,Aerocom.aircraft[0].dataLink[15],actualCapacity:mean,source,computeActualCapacity,
Exponential-capacity-3222-20210301-21:50:11-11277,scalar,Aerocom.controlTower,receivedPackets:count,,,19358
Exponential-capacity-3222-20210301-21:50:11-11277,attr,Aerocom.controlTower,receivedPackets:count,source,computeReceivedPackets,
Exponential-capacity-3223-20210301-21:50:11-11277,scalar,Aerocom.aircraft[0].linkSelector,responseTime:mean,,,0.59481977775435
Exponential-capacity-3223-20210301-21:50:11-11277,attr,Aerocom.aircraft[0].linkSelector,responseTime:mean,,,
Exponential-capacity-3223-20210301-21:50:11-11277,attr,Aerocom.aircraft[0].linkSelector,responseTime:mean,source,computeResponseTime,
Exponential-capacity-3223-20210301-21:50:11-11277,scalar,Aerocom.aircraft[0].linkSelector,meanMalus:sum,,,13492
Exponential-capacity-3223-20210301-21:50:11-11277,attr,Aerocom.aircraft[0].linkSelector,meanMalus:sum,,,
Exponential-capacity-3223-20210301-21:50:11-11277,attr,Aerocom.aircraft[0].linkSelector,meanMalus:sum,source,computeMeanMalus,
Exponential-capacity-3223-20210301-21:50:11-11277,scalar,Aerocom.aircraft[0].linkSelector,waitingTime:mean,,,0.5876431644103
Exponential-capacity-3223-20210301-21:50:11-11277,attr,Aerocom.aircraft[0].linkSelector,waitingTime:mean,,,
Exponential-capacity-3223-20210301-21:50:11-11277,attr,Aerocom.aircraft[0].linkSelector,waitingTime:mean,source,computeWaitingTime,
Exponential-capacity-3223-20210301-21:50:11-11277,scalar,Aerocom.aircraft[0].linkSelector,serviceTime:mean,,,0.0071766133440819
Exponential-capacity-3223-20210301-21:50:11-11277,attr,Aerocom.aircraft[0].linkSelector,serviceTime:mean,,,
Exponential-capacity-3223-20210301-21:50:11-11277,attr,Aerocom.aircraft[0].linkSelector,serviceTime:mean,source,computeServiceTime,
Exponential-capacity-3223-20210301-21:50:11-11277,scalar,Aerocom.aircraft[0].linkSelector,queueLength:mean,,,29.925234123126
Exponential-capacity-3223-20210301-21:50:11-11277,attr,Aerocom.aircraft[0].linkSelector,queueLength:mean,,,
Exponential-capacity-3223-20210301-21:50:11-11277,attr,Aerocom.aircraft[0].linkSelector,queueLength:mean,source,computeQueueLength,
Exponential-capacity-3223-20210301-21:50:11-11277,scalar,Aerocom.aircraft[0].dataLink[0],sentPackets:count,,,1216
Exponential-capacity-3223-20210301-21:50:11-11277,attr,Aerocom.aircraft[0].dataLink[0],sentPackets:count,source,computeSentPackets,
Exponential-capacity-3223-20210301-21:50:11-11277,scalar,Aerocom.aircraft[0].dataLink[0],actualCapacity:mean,,,9455.5225225225
Exponential-capacity-3223-20210301-21:50:11-11277,attr,Aerocom.aircraft[0].dataLink[0],actualCapacity:mean,,,
Exponential-capacity-3223-20210301-21:50:11-11277,attr,Aerocom.aircraft[0].dataLink[0],actualCapacity:mean,source,computeActualCapacity,
Exponential-capacity-3223-20210301-21:50:11-11277,scalar,Aerocom.aircraft[0].dataLink[1],sentPackets:count,,,1555
Exponential-capacity-3223-20210301-21:50:11-11277,attr,Aerocom.aircraft[0].dataLink[1],sentPackets:count,source,computeSentPackets,
Exponential-capacity-3223-20210301-21:50:11-11277,scalar,Aerocom.aircraft[0].dataLink[1],actualCapacity:mean,,,9508.9397693293
Exponential-capacity-3223-20210301-21:50:11-11277,attr,Aerocom.aircraft[0].dataLink[1],actualCapacity:mean,,,
Exponential-capacity-3223-20210301-21:50:11-11277,attr,Aerocom.aircraft[0].dataLink[1],actualCapacity:mean,source,computeActualCapacity,
Exponential-capacity-3223-20210301-21:50:11-11277,scalar,Aerocom.aircraft[0].dataLink[2],sentPackets:count,,,1272
Exponential-capacity-3223-20210301-21:50:11-11277,attr,Aerocom.aircraft[0].dataLink[2],sentPackets:count,source,computeSentPackets,
Exponential-capacity-3223-20210301-21:50:11-11277,scalar,Aerocom.aircraft[0].dataLink[2],actualCapacity:mean,,,9460.8013631938
Exponential-capacity-3223-20210301-21:50:11-11277,attr,Aerocom.aircraft[0].dataLink[2],actualCapacity:mean,,,
Exponential-capacity-3223-20210301-21:50:11-11277,attr,Aerocom.aircraft[0].dataLink[2],actualCapacity:mean,source,computeActualCapacity,
Exponential-capacity-3223-20210301-21:50:11-11277,scalar,Aerocom.aircraft[0].dataLink[3],sentPackets:count,,,1458
Exponential-capacity-3223-20210301-21:50:11-11277,attr,Aerocom.aircraft[0].dataLink[3],sentPackets:count,source,computeSentPackets,
Exponential-capacity-3223-20210301-21:50:11-11277,scalar,Aerocom.aircraft[0].dataLink[3],actualCapacity:mean,,,9491.0589285714
Exponential-capacity-3223-20210301-21:50:11-11277,attr,Aerocom.aircraft[0].dataLink[3],actualCapacity:mean,,,
Exponential-capacity-3223-20210301-21:50:11-11277,attr,Aerocom.aircraft[0].dataLink[3],actualCapacity:mean,source,computeActualCapacity,
Exponential-capacity-3223-20210301-21:50:11-11277,scalar,Aerocom.aircraft[0].dataLink[4],sentPackets:count,,,704
Exponential-capacity-3223-20210301-21:50:11-11277,attr,Aerocom.aircraft[0].dataLink[4],sentPackets:count,source,computeSentPackets,
Exponential-capacity-3223-20210301-21:50:11-11277,scalar,Aerocom.aircraft[0].dataLink[4],actualCapacity:mean,,,9305.1543669601
Exponential-capacity-3223-20210301-21:50:11-11277,attr,Aerocom.aircraft[0].dataLink[4],actualCapacity:mean,,,
Exponential-capacity-3223-20210301-21:50:11-11277,attr,Aerocom.aircraft[0].dataLink[4],actualCapacity:mean,source,computeActualCapacity,
Exponential-capacity-3223-20210301-21:50:11-11277,scalar,Aerocom.aircraft[0].dataLink[5],sentPackets:count,,,898
Exponential-capacity-3223-20210301-21:50:11-11277,attr,Aerocom.aircraft[0].dataLink[5],sentPackets:count,source,computeSentPackets,
Exponential-capacity-3223-20210301-21:50:11-11277,scalar,Aerocom.aircraft[0].dataLink[5],actualCapacity:mean,,,9408.4616755793
Exponential-capacity-3223-20210301-21:50:11-11277,attr,Aerocom.aircraft[0].dataLink[5],actualCapacity:mean,,,
Exponential-capacity-3223-20210301-21:50:11-11277,attr,Aerocom.aircraft[0].dataLink[5],actualCapacity:mean,source,computeActualCapacity,
Exponential-capacity-3223-20210301-21:50:11-11277,scalar,Aerocom.aircraft[0].dataLink[6],sentPackets:count,,,1980
Exponential-capacity-3223-20210301-21:50:11-11277,attr,Aerocom.aircraft[0].dataLink[6],sentPackets:count,source,computeSentPackets,
Exponential-capacity-3223-20210301-21:50:11-11277,scalar,Aerocom.aircraft[0].dataLink[6],actualCapacity:mean,,,9602.2953311618
Exponential-capacity-3223-20210301-21:50:11-11277,attr,Aerocom.aircraft[0].dataLink[6],actualCapacity:mean,,,
Exponential-capacity-3223-20210301-21:50:11-11277,attr,Aerocom.aircraft[0].dataLink[6],actualCapacity:mean,source,computeActualCapacity,
Exponential-capacity-3223-20210301-21:50:11-11277,scalar,Aerocom.aircraft[0].dataLink[7],sentPackets:count,,,1045
Exponential-capacity-3223-20210301-21:50:11-11277,attr,Aerocom.aircraft[0].dataLink[7],sentPackets:count,source,computeSentPackets,
Exponential-capacity-3223-20210301-21:50:11-11277,scalar,Aerocom.aircraft[0].dataLink[7],actualCapacity:mean,,,9417.7064622125
Exponential-capacity-3223-20210301-21:50:11-11277,attr,Aerocom.aircraft[0].dataLink[7],actualCapacity:mean,,,
Exponential-capacity-3223-20210301-21:50:11-11277,attr,Aerocom.aircraft[0].dataLink[7],actualCapacity:mean,source,computeActualCapacity,
Exponential-capacity-3223-20210301-21:50:11-11277,scalar,Aerocom.aircraft[0].dataLink[8],sentPackets:count,,,1116
Exponential-capacity-3223-20210301-21:50:11-11277,attr,Aerocom.aircraft[0].dataLink[8],sentPackets:count,source,computeSentPackets,
Exponential-capacity-3223-20210301-21:50:11-11277,scalar,Aerocom.aircraft[0].dataLink[8],actualCapacity:mean,,,9427.8998946259
Exponential-capacity-3223-20210301-21:50:11-11277,attr,Aerocom.aircraft[0].dataLink[8],actualCapacity:mean,,,
Exponential-capacity-3223-20210301-21:50:11-11277,attr,Aerocom.aircraft[0].dataLink[8],actualCapacity:mean,source,computeActualCapacity,
Exponential-capacity-3223-20210301-21:50:11-11277,scalar,Aerocom.aircraft[0].dataLink[9],sentPackets:count,,,1642
Exponential-capacity-3223-20210301-21:50:11-11277,attr,Aerocom.aircraft[0].dataLink[9],sentPackets:count,source,computeSentPackets,
Exponential-capacity-3223-20210301-21:50:11-11277,scalar,Aerocom.aircraft[0].dataLink[9],actualCapacity:mean,,,9537.7642444261
Exponential-capacity-3223-20210301-21:50:11-11277,attr,Aerocom.aircraft[0].dataLink[9],actualCapacity:mean,,,
Exponential-capacity-3223-20210301-21:50:11-11277,attr,Aerocom.aircraft[0].dataLink[9],actualCapacity:mean,source,computeActualCapacity,
Exponential-capacity-3223-20210301-21:50:11-11277,scalar,Aerocom.aircraft[0].dataLink[10],sentPackets:count,,,779
Exponential-capacity-3223-20210301-21:50:11-11277,attr,Aerocom.aircraft[0].dataLink[10],sentPackets:count,source,computeSentPackets,
Exponential-capacity-3223-20210301-21:50:11-11277,scalar,Aerocom.aircraft[0].dataLink[10],actualCapacity:mean,,,9409.6171171171
Exponential-capacity-3223-20210301-21:50:11-11277,attr,Aerocom.aircraft[0].dataLink[10],actualCapacity:mean,,,
Exponential-capacity-3223-20210301-21:50:11-11277,attr,Aerocom.aircraft[0].dataLink[10],actualCapacity:mean,source,computeActualCapacity,
Exponential-capacity-3223-20210301-21:50:11-11277,scalar,Aerocom.aircraft[0].dataLink[11],sentPackets:count,,,1433
Exponential-capacity-3223-20210301-21:50:11-11277,attr,Aerocom.aircraft[0].dataLink[11],sentPackets:count,source,computeSentPackets,
Exponential-capacity-3223-20210301-21:50:11-11277,scalar,Aerocom.aircraft[0].dataLink[11],actualCapacity:mean,,,9475.2741208296
Exponential-capacity-3223-20210301-21:50:11-11277,attr,Aerocom.aircraft[0].dataLink[11],actualCapacity:mean,,,
Exponential-capacity-3223-20210301-21:50:11-11277,attr,Aerocom.aircraft[0].dataLink[11],actualCapacity:mean,source,computeActualCapacity,
Exponential-capacity-3223-20210301-21:50:11-11277,scalar,Aerocom.aircraft[0].dataLink[12],sentPackets:count,,,233
Exponential-capacity-3223-20210301-21:50:11-11277,attr,Aerocom.aircraft[0].dataLink[12],sentPackets:count,source,computeSentPackets,
Exponential-capacity-3223-20210301-21:50:11-11277,scalar,Aerocom.aircraft[0].dataLink[12],actualCapacity:mean,,,9148.9703557312
Exponential-capacity-3223-20210301-21:50:11-11277,attr,Aerocom.aircraft[0].dataLink[12],actualCapacity:mean,,,
Exponential-capacity-3223-20210301-21:50:11-11277,attr,Aerocom.aircraft[0].dataLink[12],actualCapacity:mean,source,computeActualCapacity,
Exponential-capacity-3223-20210301-21:50:11-11277,scalar,Aerocom.aircraft[0].dataLink[13],sentPackets:count,,,1587
Exponential-capacity-3223-20210301-21:50:11-11277,attr,Aerocom.aircraft[0].dataLink[13],sentPackets:count,source,computeSentPackets,
Exponential-capacity-3223-20210301-21:50:11-11277,scalar,Aerocom.aircraft[0].dataLink[13],actualCapacity:mean,,,9534.1757498944
Exponential-capacity-3223-20210301-21:50:11-11277,attr,Aerocom.aircraft[0].dataLink[13],actualCapacity:mean,,,
Exponential-capacity-3223-20210301-21:50:11-11277,attr,Aerocom.aircraft[0].dataLink[13],actualCapacity:mean,source,computeActualCapacity,
Exponential-capacity-3223-20210301-21:50:11-11277,scalar,Aerocom.aircraft[0].dataLink[14],sentPackets:count,,,1271
Exponential-capacity-3223-20210301-21:50:11-11277,attr,Aerocom.aircraft[0].dataLink[14],sentPackets:count,source,computeSentPackets,
Exponential-capacity-3223-20210301-21:50:11-11277,scalar,Aerocom.aircraft[0].dataLink[14],actualCapacity:mean,,,9526.875
Exponential-capacity-3223-20210301-21:50:11-11277,attr,Aerocom.aircraft[0].dataLink[14],actualCapacity:mean,,,
Exponential-capacity-3223-20210301-21:50:11-11277,attr,Aerocom.aircraft[0].dataLink[14],actualCapacity:mean,source,computeActualCapacity,
Exponential-capacity-3223-20210301-21:50:11-11277,scalar,Aerocom.aircraft[0].dataLink[15],sentPackets:count,,,1352
Exponential-capacity-3223-20210301-21:50:11-11277,attr,Aerocom.aircraft[0].dataLink[15],sentPackets:count,source,computeSentPackets,
Exponential-capacity-3223-20210301-21:50:11-11277,scalar,Aerocom.aircraft[0].dataLink[15],actualCapacity:mean,,,9438.734082397
Exponential-capacity-3223-20210301-21:50:11-11277,attr,Aerocom.aircraft[0].dataLink[15],actualCapacity:mean,,,
Exponential-capacity-3223-20210301-21:50:11-11277,attr,Aerocom.aircraft[0].dataLink[15],actualCapacity:mean,source,computeActualCapacity,
Exponential-capacity-3223-20210301-21:50:11-11277,scalar,Aerocom.controlTower,receivedPackets:count,,,19541
Exponential-capacity-3223-20210301-21:50:11-11277,attr,Aerocom.controlTower,receivedPackets:count,source,computeReceivedPackets,
Exponential-capacity-3224-20210301-21:50:09-11282,scalar,Aerocom.aircraft[0].linkSelector,responseTime:mean,,,0.57511255871796
Exponential-capacity-3224-20210301-21:50:09-11282,attr,Aerocom.aircraft[0].linkSelector,responseTime:mean,,,
Exponential-capacity-3224-20210301-21:50:09-11282,attr,Aerocom.aircraft[0].linkSelector,responseTime:mean,source,computeResponseTime,
Exponential-capacity-3224-20210301-21:50:09-11282,scalar,Aerocom.aircraft[0].linkSelector,meanMalus:sum,,,13308
Exponential-capacity-3224-20210301-21:50:09-11282,attr,Aerocom.aircraft[0].linkSelector,meanMalus:sum,,,
Exponential-capacity-3224-20210301-21:50:09-11282,attr,Aerocom.aircraft[0].linkSelector,meanMalus:sum,source,computeMeanMalus,
Exponential-capacity-3224-20210301-21:50:09-11282,scalar,Aerocom.aircraft[0].linkSelector,waitingTime:mean,,,0.56793141455066
Exponential-capacity-3224-20210301-21:50:09-11282,attr,Aerocom.aircraft[0].linkSelector,waitingTime:mean,,,
Exponential-capacity-3224-20210301-21:50:09-11282,attr,Aerocom.aircraft[0].linkSelector,waitingTime:mean,source,computeWaitingTime,
Exponential-capacity-3224-20210301-21:50:09-11282,scalar,Aerocom.aircraft[0].linkSelector,serviceTime:mean,,,0.0072103411623633
Exponential-capacity-3224-20210301-21:50:09-11282,attr,Aerocom.aircraft[0].linkSelector,serviceTime:mean,,,
Exponential-capacity-3224-20210301-21:50:09-11282,attr,Aerocom.aircraft[0].linkSelector,serviceTime:mean,source,computeServiceTime,
Exponential-capacity-3224-20210301-21:50:09-11282,scalar,Aerocom.aircraft[0].linkSelector,queueLength:mean,,,28.280544847083
Exponential-capacity-3224-20210301-21:50:09-11282,attr,Aerocom.aircraft[0].linkSelector,queueLength:mean,,,
Exponential-capacity-3224-20210301-21:50:09-11282,attr,Aerocom.aircraft[0].linkSelector,queueLength:mean,source,computeQueueLength,
Exponential-capacity-3224-20210301-21:50:09-11282,scalar,Aerocom.aircraft[0].dataLink[0],sentPackets:count,,,1474
Exponential-capacity-3224-20210301-21:50:09-11282,attr,Aerocom.aircraft[0].dataLink[0],sentPackets:count,source,computeSentPackets,
Exponential-capacity-3224-20210301-21:50:09-11282,scalar,Aerocom.aircraft[0].dataLink[0],actualCapacity:mean,,,9445.6768617021
Exponential-capacity-3224-20210301-21:50:09-11282,attr,Aerocom.aircraft[0].dataLink[0],actualCapacity:mean,,,
Exponential-capacity-3224-20210301-21:50:09-11282,attr,Aerocom.aircraft[0].dataLink[0],actualCapacity:mean,source,computeActualCapacity,
Exponential-capacity-3224-20210301-21:50:09-11282,scalar,Aerocom.aircraft[0].dataLink[1],sentPackets:count,,,1334
Exponential-capacity-3224-20210301-21:50:09-11282,attr,Aerocom.aircraft[0].dataLink[1],sentPackets:count,source,computeSentPackets,
Exponential-capacity-3224-20210301-21:50:09-11282,scalar,Aerocom.aircraft[0].dataLink[1],actualCapacity:mean,,,9388.5472589792
Exponential-capacity-3224-20210301-21:50:09-11282,attr,Aerocom.aircraft[0].dataLink[1],actualCapacity:mean,,,
Exponential-capacity-3224-20210301-21:50:09-11282,attr,Aerocom.aircraft[0].dataLink[1],actualCapacity:mean,source,computeActualCapacity,
Exponential-capacity-3224-20210301-21:50:09-11282,scalar,Aerocom.aircraft[0].dataLink[2],sentPackets:count,,,1443
Exponential-capacity-3224-20210301-21:50:09-11282,attr,Aerocom.aircraft[0].dataLink[2],sentPackets:count,source,computeSentPackets,
Exponential-capacity-3224-20210301-21:50:09-11282,scalar,Aerocom.aircraft[0].dataLink[2],actualCapacity:mean,,,9436.9162916292
Exponential-capacity-3224-20210301-21:50:09-11282,attr,Aerocom.aircraft[0].dataLink[2],actualCapacity:mean,,,
Exponential-capacity-3224-20210301-21:50:09-11282,attr,Aerocom.aircraft[0].dataLink[2],actualCapacity:mean,source,computeActualCapacity,
Exponential-capacity-3224-20210301-21:50:09-11282,scalar,Aerocom.aircraft[0].dataLink[3],sentPackets:count,,,1455
Exponential-capacity-3224-20210301-21:50:09-11282,attr,Aerocom.aircraft[0].dataLink[3],sentPackets:count,source,computeSentPackets,
Exponential-capacity-3224-20210301-21:50:09-11282,scalar,Aerocom.aircraft[0].dataLink[3],actualCapacity:mean,,,9440.4912829683
Exponential-capacity-3224-20210301-21:50:09-11282,attr,Aerocom.aircraft[0].dataLink[3],actualCapacity:mean,,,
Exponential-capacity-3224-20210301-21:50:09-11282,attr,Aerocom.aircraft[0].dataLink[3],actualCapacity:mean,source,computeActualCapacity,
Exponential-capacity-3224-20210301-21:50:09-11282,scalar,Aerocom.aircraft[0].dataLink[4],sentPackets:count,,,1358
Exponential-capacity-3224-20210301-21:50:09-11282,attr,Aerocom.aircraft[0].dataLink[4],sentPackets:count,source,computeSentPackets,
Exponential-capacity-3224-20210301-21:50:09-11282,scalar,Aerocom.aircraft[0].dataLink[4],actualCapacity:mean,,,9441.728511038
Exponential-capacity-3224-20210301-21:50:09-11282,attr,Aerocom.aircraft[0].dataLink[4],actualCapacity:mean,,,
Exponential-capacity-3224-20210301-21:50:09-11282,attr,Aerocom.aircraft[0].dataLink[4],actualCapacity:mean,source,computeActualCapacity,
Exponential-capacity-3224-20210301-21:50:09-11282,scalar,Aerocom.aircraft[0].dataLink[5],sentPackets:count,,,1009
Exponential-capacity-3224-20210301-21:50:09-11282,attr,Aerocom.aircraft[0].dataLink[5],sentPackets:count,source,computeSentPackets,
Exponential-capacity-3224-20210301-21:50:09-11282,scalar,Aerocom.aircraft[0].dataLink[5],actualCapacity:mean,,,9400.6465661642
Exponential-capacity-3224-20210301-21:50:09-11282,attr,Aerocom.aircraft[0].dataLink[5],actualCapacity:mean,,,
Exponential-capacity-3224-20210301-21:50:09-11282,attr,Aerocom.aircraft[0].dataLink[5],actualCapacity:mean,source,computeActualCapacity,
Exponential-capacity-3224-20210301-21:50:09-11282,scalar,Aerocom.aircraft[0].dataLink[6],sentPackets:count,,,1466
Exponential-capacity-3224-20210301-21:50:09-11282,attr,Aerocom.aircraft[0].dataLink[6],sentPackets:count,source,computeSentPackets,
Exponential-capacity-3224-20210301-21:50:09-11282,scalar,Aerocom.aircraft[0].dataLink[6],actualCapacity:mean,,,9499.0736141907
Exponential-capacity-3224-20210301-21:50:09-11282,attr,Aerocom.aircraft[0].dataLink[6],actualCapacity:mean,,,
Exponential-capacity-3224-20210301-21:50:09-11282,attr,Aerocom.aircraft[0].dataLink[6],actualCapacity:mean,source,computeActualCapacity,
Exponential-capacity-3224-20210301-21:50:09-11282,scalar,Aerocom.aircraft[0].dataLink[7],sentPackets:count,,,566
Exponential-capacity-3224-20210301-21:50:09-11282,attr,Aerocom.aircraft[0].dataLink[7],sentPackets:count,source,computeSentPackets,
Exponential-capacity-3224-20210301-21:50:09-11282,scalar,Aerocom.aircraft[0].dataLink[7],actualCapacity:mean,,,9334.6355555556
Exponential-capacity-3224-20210301-21:50:09-11282,attr,Aerocom.aircraft[0].dataLink[7],actualCapacity:mean,,,
Exponential-capacity-3224-20210301-21:50:09-11282,attr,Aerocom.aircraft[0].dataLink[7],actualCapacity:mean,source,computeActualCapacity,
Exponential-capacity-3224-20210301-21:50:09-11282,scalar,Aerocom.aircraft[0].dataLink[8],sentPackets:count,,,1214
Exponential-capacity-3224-20210301-21:50:09-11282,attr,Aerocom.aircraft[0].dataLink[8],sentPackets:count,source,computeSentPackets,
Exponential-capacity-3224-20210301-21:50:09-11282,scalar,Aerocom.aircraft[0].dataLink[8],actualCapacity:mean,,,9428.781124498
Exponential-capacity-3224-20210301-21:50:09-11282,attr,Aerocom.aircraft[0].dataLink[8],actualCapacity:mean,,,
Exponential-capacity-3224-20210301-21:50:09-11282,attr,Aerocom.aircraft[0].dataLink[8],actualCapacity:mean,source,computeActualCapacity,
Exponential-capacity-3224-20210301-21:50:09-11282,scalar,Aerocom.aircraft[0].dataLink[9],sentPackets:count,,,920
Exponential-capacity-3224-20210301-21:50:09-11282,attr,Aerocom.aircraft[0].dataLink[9],sentPackets:count,source,computeSentPackets,
Exponential-capacity-3224-20210301-21:50:09-11282,scalar,Aerocom.aircraft[0].dataLink[9],actualCapacity:mean,,,9347.1956521739
Exponential-capacity-3224-20210301-21:50:09-11282,attr,Aerocom.aircraft[0].dataLink[9],actualCapacity:mean,,,
Exponential-capacity-3224-20210301-21:50:09-11282,attr,Aerocom.aircraft[0].dataLink[9],actualCapacity:mean,source,computeActualCapacity,
Exponential-capacity-3224-20210301-21:50:09-11282,scalar,Aerocom.aircraft[0].dataLink[10],sentPackets:count,,,1144
Exponential-capacity-3224-20210301-21:50:09-11282,attr,Aerocom.aircraft[0].dataLink[10],sentPackets:count,source,computeSentPackets,
Exponential-capacity-3224-20210301-21:50:09-11282,scalar,Aerocom.aircraft[0].dataLink[10],actualCapacity:mean,,,9459.6225337487
Exponential-capacity-3224-20210301-21:50:09-11282,attr,Aerocom.aircraft[0].dataLink[10],actualCapacity:mean,,,
Exponential-capacity-3224-20210301-21:50:09-11282,attr,Aerocom.aircraft[0].dataLink[10],actualCapacity:mean,source,computeActualCapacity,
Exponential-capacity-3224-20210301-21:50:09-11282,scalar,Aerocom.aircraft[0].dataLink[11],sentPackets:count,,,878
Exponential-capacity-3224-20210301-21:50:09-11282,attr,Aerocom.aircraft[0].dataLink[11],sentPackets:count,source,computeSentPackets,
Exponential-capacity-3224-20210301-21:50:09-11282,scalar,Aerocom.aircraft[0].dataLink[11],actualCapacity:mean,,,9386.0276941601
Exponential-capacity-3224-20210301-21:50:09-11282,attr,Aerocom.aircraft[0].dataLink[11],actualCapacity:mean,,,
Exponential-capacity-3224-20210301-21:50:09-11282,attr,Aerocom.aircraft[0].dataLink[11],actualCapacity:mean,source,computeActualCapacity,
Exponential-capacity-3224-20210301-21:50:09-11282,scalar,Aerocom.aircraft[0].dataLink[12],sentPackets:count,,,1311
Exponential-capacity-3224-20210301-21:50:09-11282,attr,Aerocom.aircraft[0].dataLink[12],sentPackets:count,source,computeSentPackets,
Exponential-capacity-3224-20210301-21:50:09-11282,scalar,Aerocom.aircraft[0].dataLink[12],actualCapacity:mean,,,9397.7629947544
Exponential-capacity-3224-20210301-21:50:09-11282,attr,Aerocom.aircraft[0].dataLink[12],actualCapacity:mean,,,
Exponential-capacity-3224-20210301-21:50:09-11282,attr,Aerocom.aircraft[0].dataLink[12],actualCapacity:mean,source,computeActualCapacity,
Exponential-capacity-3224-20210301-21:50:09-11282,scalar,Aerocom.aircraft[0].dataLink[13],sentPackets:count,,,1139
Exponential-capacity-3224-20210301-21:50:09-11282,attr,Aerocom.aircraft[0].dataLink[13],sentPackets:count,source,computeSentPackets,
Exponential-capacity-3224-20210301-21:50:09-11282,scalar,Aerocom.aircraft[0].dataLink[13],actualCapacity:mean,,,9428.9054054054
Exponential-capacity-3224-20210301-21:50:09-11282,attr,Aerocom.aircraft[0].dataLink[13],actualCapacity:mean,,,
Exponential-capacity-3224-20210301-21:50:09-11282,attr,Aerocom.aircraft[0].dataLink[13],actualCapacity:mean,source,computeActualCapacity,
Exponential-capacity-3224-20210301-21:50:09-11282,scalar,Aerocom.aircraft[0].dataLink[14],sentPackets:count,,,1860
Exponential-capacity-3224-20210301-21:50:09-11282,attr,Aerocom.aircraft[0].dataLink[14],sentPackets:count,source,computeSentPackets,
Exponential-capacity-3224-20210301-21:50:09-11282,scalar,Aerocom.aircraft[0].dataLink[14],actualCapacity:mean,,,9537.3849070914
Exponential-capacity-3224-20210301-21:50:09-11282,attr,Aerocom.aircraft[0].dataLink[14],actualCapacity:mean,,,
Exponential-capacity-3224-20210301-21:50:09-11282,attr,Aerocom.aircraft[0].dataLink[14],actualCapacity:mean,source,computeActualCapacity,
Exponential-capacity-3224-20210301-21:50:09-11282,scalar,Aerocom.aircraft[0].dataLink[15],sentPackets:count,,,885
Exponential-capacity-3224-20210301-21:50:09-11282,attr,Aerocom.aircraft[0].dataLink[15],sentPackets:count,source,computeSentPackets,
Exponential-capacity-3224-20210301-21:50:09-11282,scalar,Aerocom.aircraft[0].dataLink[15],actualCapacity:mean,,,9405.9257246377
Exponential-capacity-3224-20210301-21:50:09-11282,attr,Aerocom.aircraft[0].dataLink[15],actualCapacity:mean,,,
Exponential-capacity-3224-20210301-21:50:09-11282,attr,Aerocom.aircraft[0].dataLink[15],actualCapacity:mean,source,computeActualCapacity,
Exponential-capacity-3224-20210301-21:50:09-11282,scalar,Aerocom.controlTower,receivedPackets:count,,,19456
Exponential-capacity-3224-20210301-21:50:09-11282,attr,Aerocom.controlTower,receivedPackets:count,source,computeReceivedPackets,
Exponential-capacity-3225-20210301-21:50:09-11282,scalar,Aerocom.aircraft[0].linkSelector,responseTime:mean,,,0.55921676903738
Exponential-capacity-3225-20210301-21:50:09-11282,attr,Aerocom.aircraft[0].linkSelector,responseTime:mean,,,
Exponential-capacity-3225-20210301-21:50:09-11282,attr,Aerocom.aircraft[0].linkSelector,responseTime:mean,source,computeResponseTime,
Exponential-capacity-3225-20210301-21:50:09-11282,scalar,Aerocom.aircraft[0].linkSelector,meanMalus:sum,,,12978
Exponential-capacity-3225-20210301-21:50:09-11282,attr,Aerocom.aircraft[0].linkSelector,meanMalus:sum,,,
Exponential-capacity-3225-20210301-21:50:09-11282,attr,Aerocom.aircraft[0].linkSelector,meanMalus:sum,source,computeMeanMalus,
Exponential-capacity-3225-20210301-21:50:09-11282,scalar,Aerocom.aircraft[0].linkSelector,waitingTime:mean,,,0.55200717459322
Exponential-capacity-3225-20210301-21:50:09-11282,attr,Aerocom.aircraft[0].linkSelector,waitingTime:mean,,,
Exponential-capacity-3225-20210301-21:50:09-11282,attr,Aerocom.aircraft[0].linkSelector,waitingTime:mean,source,computeWaitingTime,
Exponential-capacity-3225-20210301-21:50:09-11282,scalar,Aerocom.aircraft[0].linkSelector,serviceTime:mean,,,0.0072095944441879
Exponential-capacity-3225-20210301-21:50:09-11282,attr,Aerocom.aircraft[0].linkSelector,serviceTime:mean,,,
Exponential-capacity-3225-20210301-21:50:09-11282,attr,Aerocom.aircraft[0].linkSelector,serviceTime:mean,source,computeServiceTime,
Exponential-capacity-3225-20210301-21:50:09-11282,scalar,Aerocom.aircraft[0].linkSelector,queueLength:mean,,,27.431308601712
Exponential-capacity-3225-20210301-21:50:09-11282,attr,Aerocom.aircraft[0].linkSelector,queueLength:mean,,,
Exponential-capacity-3225-20210301-21:50:09-11282,attr,Aerocom.aircraft[0].linkSelector,queueLength:mean,source,computeQueueLength,
Exponential-capacity-3225-20210301-21:50:09-11282,scalar,Aerocom.aircraft[0].dataLink[0],sentPackets:count,,,780
Exponential-capacity-3225-20210301-21:50:09-11282,attr,Aerocom.aircraft[0].dataLink[0],sentPackets:count,source,computeSentPackets,
Exponential-capacity-3225-20210301-21:50:09-11282,scalar,Aerocom.aircraft[0].dataLink[0],actualCapacity:mean,,,9363.5950095969
Exponential-capacity-3225-20210301-21:50:09-11282,attr,Aerocom.aircraft[0].dataLink[0],actualCapacity:mean,,,
Exponential-capacity-3225-20210301-21:50:09-11282,attr,Aerocom.aircraft[0].dataLink[0],actualCapacity:mean,source,computeActualCapacity,
Exponential-capacity-3225-20210301-21:50:09-11282,scalar,Aerocom.aircraft[0].dataLink[1],sentPackets:count,,,962
Exponential-capacity-3225-20210301-21:50:09-11282,attr,Aerocom.aircraft[0].dataLink[1],sentPackets:count,source,computeSentPackets,
Exponential-capacity-3225-20210301-21:50:09-11282,scalar,Aerocom.aircraft[0].dataLink[1],actualCapacity:mean,,,9380.2736119061
Exponential-capacity-3225-20210301-21:50:09-11282,attr,Aerocom.aircraft[0].dataLink[1],actualCapacity:mean,,,
Exponential-capacity-3225-20210301-21:50:09-11282,attr,Aerocom.aircraft[0].dataLink[1],actualCapacity:mean,source,computeActualCapacity,
Exponential-capacity-3225-20210301-21:50:09-11282,scalar,Aerocom.aircraft[0].dataLink[2],sentPackets:count,,,1435
Exponential-capacity-3225-20210301-21:50:09-11282,attr,Aerocom.aircraft[0].dataLink[2],sentPackets:count,source,computeSentPackets,
Exponential-capacity-3225-20210301-21:50:09-11282,scalar,Aerocom.aircraft[0].dataLink[2],actualCapacity:mean,,,9469.5752930568
Exponential-capacity-3225-20210301-21:50:09-11282,attr,Aerocom.aircraft[0].dataLink[2],actualCapacity:mean,,,
Exponential-capacity-3225-20210301-21:50:09-11282,attr,Aerocom.aircraft[0].dataLink[2],actualCapacity:mean,source,computeActualCapacity,
Exponential-capacity-3225-20210301-21:50:09-11282,scalar,Aerocom.aircraft[0].dataLink[3],sentPackets:count,,,1313
Exponential-capacity-3225-20210301-21:50:09-11282,attr,Aerocom.aircraft[0].dataLink[3],sentPackets:count,source,computeSentPackets,
Exponential-capacity-3225-20210301-21:50:09-11282,scalar,Aerocom.aircraft[0].dataLink[3],actualCapacity:mean,,,9426.5857959962
Exponential-capacity-3225-20210301-21:50:09-11282,attr,Aerocom.aircraft[0].dataLink[3],actualCapacity:mean,,,
Exponential-capacity-3225-20210301-21:50:09-11282,attr,Aerocom.aircraft[0].dataLink[3],actualCapacity:mean,source,computeActualCapacity,
Exponential-capacity-3225-20210301-21:50:09-11282,scalar,Aerocom.aircraft[0].dataLink[4],sentPackets:count,,,1042
Exponential-capacity-3225-20210301-21:50:09-11282,attr,Aerocom.aircraft[0].dataLink[4],sentPackets:count,source,computeSentPackets,
Exponential-capacity-3225-20210301-21:50:09-11282,scalar,Aerocom.aircraft[0].dataLink[4],actualCapacity:mean,,,9400.8277380297
Exponential-capacity-3225-20210301-21:50:09-11282,attr,Aerocom.aircraft[0].dataLink[4],actualCapacity:mean,,,
Exponential-capacity-3225-20210301-21:50:09-11282,attr,Aerocom.aircraft[0].dataLink[4],actualCapacity:mean,source,computeActualCapacity,
Exponential-capacity-3225-20210301-21:50:09-11282,scalar,Aerocom.aircraft[0].dataLink[5],sentPackets:count,,,1321
Exponential-capacity-3225-20210301-21:50:09-11282,attr,Aerocom.aircraft[0].dataLink[5],sentPackets:count,source,computeSentPackets,
Exponential-capacity-3225-20210301-21:50:09-11282,scalar,Aerocom.aircraft[0].dataLink[5],actualCapacity:mean,,,9455.1231573942
Exponential-capacity-3225-20210301-21:50:09-11282,attr,Aerocom.aircraft[0].dataLink[5],actualCapacity:mean,,,
Exponential-capacity-3225-20210301-21:50:09-11282,attr,Aerocom.aircraft[0].dataLink[5],actualCapacity:mean,source,computeActualCapacity,
Exponential-capacity-3225-20210301-21:50:09-11282,scalar,Aerocom.aircraft[0].dataLink[6],sentPackets:count,,,1739
Exponential-capacity-3225-20210301-21:50:09-11282,attr,Aerocom.aircraft[0].dataLink[6],sentPackets:count,source,computeSentPackets,
Exponential-capacity-3225-20210301-21:50:09-11282,scalar,Aerocom.aircraft[0].dataLink[6],actualCapacity:mean,,,9443.2982525814
Exponential-capacity-3225-20210301-21:50:09-11282,attr,Aerocom.aircraft[0].dataLink[6],actualCapacity:mean,,,
Exponential-capacity-3225-20210301-21:50:09-11282,attr,Aerocom.aircraft[0].dataLink[6],actualCapacity:mean,source,computeActualCapacity,
Exponential-capacity-3225-20210301-21:50:09-11282,scalar,Aerocom.aircraft[0].dataLink[7],sentPackets:count,,,1495
Exponential-capacity-3225-20210301-21:50:09-11282,attr,Aerocom.aircraft[0].dataLink[7],sentPackets:count,source,computeSentPackets,
Exponential-capacity-3225-20210301-21:50:09-11282,scalar,Aerocom.aircraft[0].dataLink[7],actualCapacity:mean,,,9472.8454784899
Exponential-capacity-3225-20210301-21:50:09-11282,attr,Aerocom.aircraft[0].dataLink[7],actualCapacity:mean,,,
Exponential-capacity-3225-20210301-21:50:09-11282,attr,Aerocom.aircraft[0].dataLink[7],actualCapacity:mean,source,computeActualCapacity,
Exponential-capacity-3225-20210301-21:50:09-11282,scalar,Aerocom.aircraft[0].dataLink[8],sentPackets:count,,,1170
Exponential-capacity-3225-20210301-21:50:09-11282,attr,Aerocom.aircraft[0].dataLink[8],sentPackets:count,source,computeSentPackets,
Exponential-capacity-3225-20210301-21:50:09-11282,scalar,Aerocom.aircraft[0].dataLink[8],actualCapacity:mean,,,9411.9268167861
Exponential-capacity-3225-20210301-21:50:09-11282,attr,Aerocom.aircraft[0].dataLink[8],actualCapacity:mean,,,
Exponential-capacity-3225-20210301-21:50:09-11282,attr,Aerocom.aircraft[0].dataLink[8],actualCapacity:mean,source,computeActualCapacity,
Exponential-capacity-3225-20210301-21:50:09-11282,scalar,Aerocom.aircraft[0].dataLink[9],sentPackets:count,,,1134
Exponential-capacity-3225-20210301-21:50:09-11282,attr,Aerocom.aircraft[0].dataLink[9],sentPackets:count,source,computeSentPackets,
Exponential-capacity-3225-20210301-21:50:09-11282,scalar,Aerocom.aircraft[0].dataLink[9],actualCapacity:mean,,,9387.6623105071
Exponential-capacity-3225-20210301-21:50:09-11282,attr,Aerocom.aircraft[0].dataLink[9],actualCapacity:mean,,,
Exponential-capacity-3225-20210301-21:50:09-11282,attr,Aerocom.aircraft[0].dataLink[9],actualCapacity:mean,source,computeActualCapacity,
Exponential-capacity-3225-20210301-21:50:09-11282,scalar,Aerocom.aircraft[0].dataLink[10],sentPackets:count,,,1694
Exponential-capacity-3225-20210301-21:50:09-11282,attr,Aerocom.aircraft[0].dataLink[10],sentPackets:count,source,computeSentPackets,
Exponential-capacity-3225-20210301-21:50:09-11282,scalar,Aerocom.aircraft[0].dataLink[10],actualCapacity:mean,,,9476.6285482563
Exponential-capacity-3225-20210301-21:50:09-11282,attr,Aerocom.aircraft[0].dataLink[10],actualCapacity:mean,,,
Exponential-capacity-3225-20210301-21:50:09-11282,attr,Aerocom.aircraft[0].dataLink[10],actualCapacity:mean,source,computeActualCapacity,
Exponential-capacity-3225-20210301-21:50:09-11282,scalar,Aerocom.aircraft[0].dataLink[11],sentPackets:count,,,507
Exponential-capacity-3225-20210301-21:50:09-11282,attr,Aerocom.aircraft[0].dataLink[11],sentPackets:count,source,computeSentPackets,
Exponential-capacity-3225-20210301-21:50:09-11282,scalar,Aerocom.aircraft[0].dataLink[11],actualCapacity:mean,,,9261.6066978193
Exponential-capacity-3225-20210301-21:50:09-11282,attr,Aerocom.aircraft[0].dataLink[11],actualCapacity:mean,,,
Exponential-capacity-3225-20210301-21:50:09-11282,attr,Aerocom.aircraft[0].dataLink[11],actualCapacity:mean,source,computeActualCapacity,
Exponential-capacity-3225-20210301-21:50:09-11282,scalar,Aerocom.aircraft[0].dataLink[12],sentPackets:count,,,1109
Exponential-capacity-3225-20210301-21:50:09-11282,attr,Aerocom.aircraft[0].dataLink[12],sentPackets:count,source,computeSentPackets,
Exponential-capacity-3225-20210301-21:50:09-11282,scalar,Aerocom.aircraft[0].dataLink[12],actualCapacity:mean,,,9439.0402116402
Exponential-capacity-3225-20210301-21:50:09-11282,attr,Aerocom.aircraft[0].dataLink[12],actualCapacity:mean,,,
Exponential-capacity-3225-20210301-21:50:09-11282,attr,Aerocom.aircraft[0].dataLink[12],actualCapacity:mean,source,computeActualCapacity,
Exponential-capacity-3225-20210301-21:50:09-11282,scalar,Aerocom.aircraft[0].dataLink[13],sentPackets:count,,,857
Exponential-capacity-3225-20210301-21:50:09-11282,attr,Aerocom.aircraft[0].dataLink[13],sentPackets:count,source,computeSentPackets,
Exponential-capacity-3225-20210301-21:50:09-11282,scalar,Aerocom.aircraft[0].dataLink[13],actualCapacity:mean,,,9310.5655088361
Exponential-capacity-3225-20210301-21:50:09-11282,attr,Aerocom.aircraft[0].dataLink[13],actualCapacity:mean,,,
Exponential-capacity-3225-20210301-21:50:09-11282,attr,Aerocom.aircraft[0].dataLink[13],actualCapacity:mean,source,computeActualCapacity,
Exponential-capacity-3225-20210301-21:50:09-11282,scalar,Aerocom.aircraft[0].dataLink[14],sentPackets:count,,,1836
Exponential-capacity-3225-20210301-21:50:09-11282,attr,Aerocom.aircraft[0].dataLink[14],sentPackets:count,source,computeSentPackets,
Exponential-capacity-3225-20210301-21:50:09-11282,scalar,Aerocom.aircraft[0].dataLink[14],actualCapacity:mean,,,9546.584351145
Exponential-capacity-3225-20210301-21:50:09-11282,attr,Aerocom.aircraft[0].dataLink[14],actualCapacity:mean,,,
Exponential-capacity-3225-20210301-21:50:09-11282,attr,Aerocom.aircraft[0].dataLink[14],actualCapacity:mean,source,computeActualCapacity,
Exponential-capacity-3225-20210301-21:50:09-11282,scalar,Aerocom.aircraft[0].dataLink[15],sentPackets:count,,,1230
Exponential-capacity-3225-20210301-21:50:09-11282,attr,Aerocom.aircraft[0].dataLink[15],sentPackets:count,source,computeSentPackets,
Exponential-capacity-3225-20210301-21:50:09-11282,scalar,Aerocom.aircraft[0].dataLink[15],actualCapacity:mean,,,9441.9228855721
Exponential-capacity-3225-20210301-21:50:09-11282,attr,Aerocom.aircraft[0].dataLink[15],actualCapacity:mean,,,
Exponential-capacity-3225-20210301-21:50:09-11282,attr,Aerocom.aircraft[0].dataLink[15],actualCapacity:mean,source,computeActualCapacity,
Exponential-capacity-3225-20210301-21:50:09-11282,scalar,Aerocom.controlTower,receivedPackets:count,,,19624
Exponential-capacity-3225-20210301-21:50:09-11282,attr,Aerocom.controlTower,receivedPackets:count,source,computeReceivedPackets,
Exponential-capacity-3226-20210301-21:50:09-11282,scalar,Aerocom.aircraft[0].linkSelector,responseTime:mean,,,0.57146689075216
Exponential-capacity-3226-20210301-21:50:09-11282,attr,Aerocom.aircraft[0].linkSelector,responseTime:mean,,,
Exponential-capacity-3226-20210301-21:50:09-11282,attr,Aerocom.aircraft[0].linkSelector,responseTime:mean,source,computeResponseTime,
Exponential-capacity-3226-20210301-21:50:09-11282,scalar,Aerocom.aircraft[0].linkSelector,meanMalus:sum,,,11912
Exponential-capacity-3226-20210301-21:50:09-11282,attr,Aerocom.aircraft[0].linkSelector,meanMalus:sum,,,
Exponential-capacity-3226-20210301-21:50:09-11282,attr,Aerocom.aircraft[0].linkSelector,meanMalus:sum,source,computeMeanMalus,
Exponential-capacity-3226-20210301-21:50:09-11282,scalar,Aerocom.aircraft[0].linkSelector,waitingTime:mean,,,0.56422858762685
Exponential-capacity-3226-20210301-21:50:09-11282,attr,Aerocom.aircraft[0].linkSelector,waitingTime:mean,,,
Exponential-capacity-3226-20210301-21:50:09-11282,attr,Aerocom.aircraft[0].linkSelector,waitingTime:mean,source,computeWaitingTime,
Exponential-capacity-3226-20210301-21:50:09-11282,scalar,Aerocom.aircraft[0].linkSelector,serviceTime:mean,,,0.0072094197375992
Exponential-capacity-3226-20210301-21:50:09-11282,attr,Aerocom.aircraft[0].linkSelector,serviceTime:mean,,,
Exponential-capacity-3226-20210301-21:50:09-11282,attr,Aerocom.aircraft[0].linkSelector,serviceTime:mean,source,computeServiceTime,
Exponential-capacity-3226-20210301-21:50:09-11282,scalar,Aerocom.aircraft[0].linkSelector,queueLength:mean,,,28.159764525211
Exponential-capacity-3226-20210301-21:50:09-11282,attr,Aerocom.aircraft[0].linkSelector,queueLength:mean,,,
Exponential-capacity-3226-20210301-21:50:09-11282,attr,Aerocom.aircraft[0].linkSelector,queueLength:mean,source,computeQueueLength,
Exponential-capacity-3226-20210301-21:50:09-11282,scalar,Aerocom.aircraft[0].dataLink[0],sentPackets:count,,,1103
Exponential-capacity-3226-20210301-21:50:09-11282,attr,Aerocom.aircraft[0].dataLink[0],sentPackets:count,source,computeSentPackets,
Exponential-capacity-3226-20210301-21:50:09-11282,scalar,Aerocom.aircraft[0].dataLink[0],actualCapacity:mean,,,9450.9459172853
Exponential-capacity-3226-20210301-21:50:09-11282,attr,Aerocom.aircraft[0].dataLink[0],actualCapacity:mean,,,
Exponential-capacity-3226-20210301-21:50:09-11282,attr,Aerocom.aircraft[0].dataLink[0],actualCapacity:mean,source,computeActualCapacity,
Exponential-capacity-3226-20210301-21:50:09-11282,scalar,Aerocom.aircraft[0].dataLink[1],sentPackets:count,,,1484
Exponential-capacity-3226-20210301-21:50:09-11282,attr,Aerocom.aircraft[0].dataLink[1],sentPackets:count,source,computeSentPackets,
Exponential-capacity-3226-20210301-21:50:09-11282,scalar,Aerocom.aircraft[0].dataLink[1],actualCapacity:mean,,,9499.2258064516
Exponential-capacity-3226-20210301-21:50:09-11282,attr,Aerocom.aircraft[0].dataLink[1],actualCapacity:mean,,,
Exponential-capacity-3226-20210301-21:50:09-11282,attr,Aerocom.aircraft[0].dataLink[1],actualCapacity:mean,source,computeActualCapacity,
Exponential-capacity-3226-20210301-21:50:09-11282,scalar,Aerocom.aircraft[0].dataLink[2],sentPackets:count,,,672
Exponential-capacity-3226-20210301-21:50:09-11282,attr,Aerocom.aircraft[0].dataLink[2],sentPackets:count,source,computeSentPackets,
Exponential-capacity-3226-20210301-21:50:09-11282,scalar,Aerocom.aircraft[0].dataLink[2],actualCapacity:mean,,,9311.2103448276
Exponential-capacity-3226-20210301-21:50:09-11282,attr,Aerocom.aircraft[0].dataLink[2],actualCapacity:mean,,,
Exponential-capacity-3226-20210301-21:50:09-11282,attr,Aerocom.aircraft[0].dataLink[2],actualCapacity:mean,source,computeActualCapacity,
Exponential-capacity-3226-20210301-21:50:09-11282,scalar,Aerocom.aircraft[0].dataLink[3],sentPackets:count,,,1111
Exponential-capacity-3226-20210301-21:50:09-11282,attr,Aerocom.aircraft[0].dataLink[3],sentPackets:count,source,computeSentPackets,
Exponential-capacity-3226-20210301-21:50:09-11282,scalar,Aerocom.aircraft[0].dataLink[3],actualCapacity:mean,,,9390.0475938657
Exponential-capacity-3226-20210301-21:50:09-11282,attr,Aerocom.aircraft[0].dataLink[3],actualCapacity:mean,,,
Exponential-capacity-3226-20210301-21:50:09-11282,attr,Aerocom.aircraft[0].dataLink[3],actualCapacity:mean,source,computeActualCapacity,
Exponential-capacity-3226-20210301-21:50:09-11282,scalar,Aerocom.aircraft[0].dataLink[4],sentPackets:count,,,1170
Exponential-capacity-3226-20210301-21:50:09-11282,attr,Aerocom.aircraft[0].dataLink[4],sentPackets:count,source,computeSentPackets,
Exponential-capacity-3226-20210301-21:50:09-11282,scalar,Aerocom.aircraft[0].dataLink[4],actualCapacity:mean,,,9397.0205233453
Exponential-capacity-3226-20210301-21:50:09-11282,attr,Aerocom.aircraft[0].dataLink[4],actualCapacity:mean,,,
Exponential-capacity-3226-20210301-21:50:09-11282,attr,Aerocom.aircraft[0].dataLink[4],actualCapacity:mean,source,computeActualCapacity,
Exponential-capacity-3226-20210301-21:50:09-11282,scalar,Aerocom.aircraft[0].dataLink[5],sentPackets:count,,,751
Exponential-capacity-3226-20210301-21:50:09-11282,attr,Aerocom.aircraft[0].dataLink[5],sentPackets:count,source,computeSentPackets,
Exponential-capacity-3226-20210301-21:50:09-11282,scalar,Aerocom.aircraft[0].dataLink[5],actualCapacity:mean,,,9302.5567885117
Exponential-capacity-3226-20210301-21:50:09-11282,attr,Aerocom.aircraft[0].dataLink[5],actualCapacity:mean,,,
Exponential-capacity-3226-20210301-21:50:09-11282,attr,Aerocom.aircraft[0].dataLink[5],actualCapacity:mean,source,computeActualCapacity,
Exponential-capacity-3226-20210301-21:50:09-11282,scalar,Aerocom.aircraft[0].dataLink[6],sentPackets:count,,,1482
Exponential-capacity-3226-20210301-21:50:09-11282,attr,Aerocom.aircraft[0].dataLink[6],sentPackets:count,source,computeSentPackets,
Exponential-capacity-3226-20210301-21:50:09-11282,scalar,Aerocom.aircraft[0].dataLink[6],actualCapacity:mean,,,9418.0895456551
Exponential-capacity-3226-20210301-21:50:09-11282,attr,Aerocom.aircraft[0].dataLink[6],actualCapacity:mean,,,
Exponential-capacity-3226-20210301-21:50:09-11282,attr,Aerocom.aircraft[0].dataLink[6],actualCapacity:mean,source,computeActualCapacity,
Exponential-capacity-3226-20210301-21:50:09-11282,scalar,Aerocom.aircraft[0].dataLink[7],sentPackets:count,,,1294
Exponential-capacity-3226-20210301-21:50:09-11282,attr,Aerocom.aircraft[0].dataLink[7],sentPackets:count,source,computeSentPackets,
Exponential-capacity-3226-20210301-21:50:09-11282,scalar,Aerocom.aircraft[0].dataLink[7],actualCapacity:mean,,,9469.0850144092
Exponential-capacity-3226-20210301-21:50:09-11282,attr,Aerocom.aircraft[0].dataLink[7],actualCapacity:mean,,,
Exponential-capacity-3226-20210301-21:50:09-11282,attr,Aerocom.aircraft[0].dataLink[7],actualCapacity:mean,source,computeActualCapacity,
Exponential-capacity-3226-20210301-21:50:09-11282,scalar,Aerocom.aircraft[0].dataLink[8],sentPackets:count,,,1463
Exponential-capacity-3226-20210301-21:50:09-11282,attr,Aerocom.aircraft[0].dataLink[8],sentPackets:count,source,computeSentPackets,
Exponential-capacity-3226-20210301-21:50:09-11282,scalar,Aerocom.aircraft[0].dataLink[8],actualCapacity:mean,,,9461.4700892857
Exponential-capacity-3226-20210301-21:50:09-11282,attr,Aerocom.aircraft[0].dataLink[8],actualCapacity:mean,,,
Exponential-capacity-3226-20210301-21:50:09-11282,attr,Aerocom.aircraft[0].dataLink[8],actualCapacity:mean,source,computeActualCapacity,
Exponential-capacity-3226-20210301-21:50:09-11282,scalar,Aerocom.aircraft[0].dataLink[9],sentPackets:count,,,2323
Exponential-capacity-3226-20210301-21:50:09-11282,attr,Aerocom.aircraft[0].dataLink[9],sentPackets:count,source,computeSentPackets,
Exponential-capacity-3226-20210301-21:50:09-11282,scalar,Aerocom.aircraft[0].dataLink[9],actualCapacity:mean,,,9599.2555448409
Exponential-capacity-3226-20210301-21:50:09-11282,attr,Aerocom.aircraft[0].dataLink[9],actualCapacity:mean,,,
Exponential-capacity-3226-20210301-21:50:09-11282,attr,Aerocom.aircraft[0].dataLink[9],actualCapacity:mean,source,computeActualCapacity,
Exponential-capacity-3226-20210301-21:50:09-11282,scalar,Aerocom.aircraft[0].dataLink[10],sentPackets:count,,,867
Exponential-capacity-3226-20210301-21:50:09-11282,attr,Aerocom.aircraft[0].dataLink[10],sentPackets:count,source,computeSentPackets,
Exponential-capacity-3226-20210301-21:50:09-11282,scalar,Aerocom.aircraft[0].dataLink[10],actualCapacity:mean,,,9324.9483596598
Exponential-capacity-3226-20210301-21:50:09-11282,attr,Aerocom.aircraft[0].dataLink[10],actualCapacity:mean,,,
Exponential-capacity-3226-20210301-21:50:09-11282,attr,Aerocom.aircraft[0].dataLink[10],actualCapacity:mean,source,computeActualCapacity,
Exponential-capacity-3226-20210301-21:50:09-11282,scalar,Aerocom.aircraft[0].dataLink[11],sentPackets:count,,,1616
Exponential-capacity-3226-20210301-21:50:09-11282,attr,Aerocom.aircraft[0].dataLink[11],sentPackets:count,source,computeSentPackets,
Exponential-capacity-3226-20210301-21:50:09-11282,scalar,Aerocom.aircraft[0].dataLink[11],actualCapacity:mean,,,9543.2024207012
Exponential-capacity-3226-20210301-21:50:09-11282,attr,Aerocom.aircraft[0].dataLink[11],actualCapacity:mean,,,
Exponential-capacity-3226-20210301-21:50:09-11282,attr,Aerocom.aircraft[0].dataLink[11],actualCapacity:mean,source,computeActualCapacity,
Exponential-capacity-3226-20210301-21:50:09-11282,scalar,Aerocom.aircraft[0].dataLink[12],sentPackets:count,,,1382
Exponential-capacity-3226-20210301-21:50:09-11282,attr,Aerocom.aircraft[0].dataLink[12],sentPackets:count,source,computeSentPackets,
Exponential-capacity-3226-20210301-21:50:09-11282,scalar,Aerocom.aircraft[0].dataLink[12],actualCapacity:mean,,,9455.8518346493
Exponential-capacity-3226-20210301-21:50:09-11282,attr,Aerocom.aircraft[0].dataLink[12],actualCapacity:mean,,,
Exponential-capacity-3226-20210301-21:50:09-11282,attr,Aerocom.aircraft[0].dataLink[12],actualCapacity:mean,source,computeActualCapacity,
Exponential-capacity-3226-20210301-21:50:09-11282,scalar,Aerocom.aircraft[0].dataLink[13],sentPackets:count,,,987
Exponential-capacity-3226-20210301-21:50:09-11282,attr,Aerocom.aircraft[0].dataLink[13],sentPackets:count,source,computeSentPackets,
Exponential-capacity-3226-20210301-21:50:09-11282,scalar,Aerocom.aircraft[0].dataLink[13],actualCapacity:mean,,,9410.2967157418
Exponential-capacity-3226-20210301-21:50:09-11282,attr,Aerocom.aircraft[0].dataLink[13],actualCapacity:mean,,,
Exponential-capacity-3226-20210301-21:50:09-11282,attr,Aerocom.aircraft[0].dataLink[13],actualCapacity:mean,source,computeActualCapacity,
Exponential-capacity-3226-20210301-21:50:09-11282,scalar,Aerocom.aircraft[0].dataLink[14],sentPackets:count,,,788
Exponential-capacity-3226-20210301-21:50:09-11282,attr,Aerocom.aircraft[0].dataLink[14],sentPackets:count,source,computeSentPackets,
Exponential-capacity-3226-20210301-21:50:09-11282,scalar,Aerocom.aircraft[0].dataLink[14],actualCapacity:mean,,,9374.6192602041
Exponential-capacity-3226-20210301-21:50:09-11282,attr,Aerocom.aircraft[0].dataLink[14],actualCapacity:mean,,,
Exponential-capacity-3226-20210301-21:50:09-11282,attr,Aerocom.aircraft[0].dataLink[14],actualCapacity:mean,source,computeActualCapacity,
Exponential-capacity-3226-20210301-21:50:09-11282,scalar,Aerocom.aircraft[0].dataLink[15],sentPackets:count,,,1041
Exponential-capacity-3226-20210301-21:50:09-11282,attr,Aerocom.aircraft[0].dataLink[15],sentPackets:count,source,computeSentPackets,
Exponential-capacity-3226-20210301-21:50:09-11282,scalar,Aerocom.aircraft[0].dataLink[15],actualCapacity:mean,,,9357.8367012561
Exponential-capacity-3226-20210301-21:50:09-11282,attr,Aerocom.aircraft[0].dataLink[15],actualCapacity:mean,,,
Exponential-capacity-3226-20210301-21:50:09-11282,attr,Aerocom.aircraft[0].dataLink[15],actualCapacity:mean,source,computeActualCapacity,
Exponential-capacity-3226-20210301-21:50:09-11282,scalar,Aerocom.controlTower,receivedPackets:count,,,19534
Exponential-capacity-3226-20210301-21:50:09-11282,attr,Aerocom.controlTower,receivedPackets:count,source,computeReceivedPackets,
Exponential-capacity-3227-20210301-21:50:10-11282,scalar,Aerocom.aircraft[0].linkSelector,responseTime:mean,,,0.5849449136635
Exponential-capacity-3227-20210301-21:50:10-11282,attr,Aerocom.aircraft[0].linkSelector,responseTime:mean,,,
Exponential-capacity-3227-20210301-21:50:10-11282,attr,Aerocom.aircraft[0].linkSelector,responseTime:mean,source,computeResponseTime,
Exponential-capacity-3227-20210301-21:50:10-11282,scalar,Aerocom.aircraft[0].linkSelector,meanMalus:sum,,,14182
Exponential-capacity-3227-20210301-21:50:10-11282,attr,Aerocom.aircraft[0].linkSelector,meanMalus:sum,,,
Exponential-capacity-3227-20210301-21:50:10-11282,attr,Aerocom.aircraft[0].linkSelector,meanMalus:sum,source,computeMeanMalus,
Exponential-capacity-3227-20210301-21:50:10-11282,scalar,Aerocom.aircraft[0].linkSelector,waitingTime:mean,,,0.57775124369714
Exponential-capacity-3227-20210301-21:50:10-11282,attr,Aerocom.aircraft[0].linkSelector,waitingTime:mean,,,
Exponential-capacity-3227-20210301-21:50:10-11282,attr,Aerocom.aircraft[0].linkSelector,waitingTime:mean,source,computeWaitingTime,
Exponential-capacity-3227-20210301-21:50:10-11282,scalar,Aerocom.aircraft[0].linkSelector,serviceTime:mean,,,0.0071936699663929
Exponential-capacity-3227-20210301-21:50:10-11282,attr,Aerocom.aircraft[0].linkSelector,serviceTime:mean,,,
Exponential-capacity-3227-20210301-21:50:10-11282,attr,Aerocom.aircraft[0].linkSelector,serviceTime:mean,source,computeServiceTime,
Exponential-capacity-3227-20210301-21:50:10-11282,scalar,Aerocom.aircraft[0].linkSelector,queueLength:mean,,,29.415103877066
Exponential-capacity-3227-20210301-21:50:10-11282,attr,Aerocom.aircraft[0].linkSelector,queueLength:mean,,,
Exponential-capacity-3227-20210301-21:50:10-11282,attr,Aerocom.aircraft[0].linkSelector,queueLength:mean,source,computeQueueLength,
Exponential-capacity-3227-20210301-21:50:10-11282,scalar,Aerocom.aircraft[0].dataLink[0],sentPackets:count,,,1469
Exponential-capacity-3227-20210301-21:50:10-11282,attr,Aerocom.aircraft[0].dataLink[0],sentPackets:count,source,computeSentPackets,
Exponential-capacity-3227-20210301-21:50:10-11282,scalar,Aerocom.aircraft[0].dataLink[0],actualCapacity:mean,,,9476.4842292315
Exponential-capacity-3227-20210301-21:50:10-11282,attr,Aerocom.aircraft[0].dataLink[0],actualCapacity:mean,,,
Exponential-capacity-3227-20210301-21:50:10-11282,attr,Aerocom.aircraft[0].dataLink[0],actualCapacity:mean,source,computeActualCapacity,
Exponential-capacity-3227-20210301-21:50:10-11282,scalar,Aerocom.aircraft[0].dataLink[1],sentPackets:count,,,1111
Exponential-capacity-3227-20210301-21:50:10-11282,attr,Aerocom.aircraft[0].dataLink[1],sentPackets:count,source,computeSentPackets,
Exponential-capacity-3227-20210301-21:50:10-11282,scalar,Aerocom.aircraft[0].dataLink[1],actualCapacity:mean,,,9439.3945002644
Exponential-capacity-3227-20210301-21:50:10-11282,attr,Aerocom.aircraft[0].dataLink[1],actualCapacity:mean,,,
Exponential-capacity-3227-20210301-21:50:10-11282,attr,Aerocom.aircraft[0].dataLink[1],actualCapacity:mean,source,computeActualCapacity,
Exponential-capacity-3227-20210301-21:50:10-11282,scalar,Aerocom.aircraft[0].dataLink[2],sentPackets:count,,,1375
Exponential-capacity-3227-20210301-21:50:10-11282,attr,Aerocom.aircraft[0].dataLink[2],sentPackets:count,source,computeSentPackets,
Exponential-capacity-3227-20210301-21:50:10-11282,scalar,Aerocom.aircraft[0].dataLink[2],actualCapacity:mean,,,9448.6564531105
Exponential-capacity-3227-20210301-21:50:10-11282,attr,Aerocom.aircraft[0].dataLink[2],actualCapacity:mean,,,
Exponential-capacity-3227-20210301-21:50:10-11282,attr,Aerocom.aircraft[0].dataLink[2],actualCapacity:mean,source,computeActualCapacity,
Exponential-capacity-3227-20210301-21:50:10-11282,scalar,Aerocom.aircraft[0].dataLink[3],sentPackets:count,,,1826
Exponential-capacity-3227-20210301-21:50:10-11282,attr,Aerocom.aircraft[0].dataLink[3],sentPackets:count,source,computeSentPackets,
Exponential-capacity-3227-20210301-21:50:10-11282,scalar,Aerocom.aircraft[0].dataLink[3],actualCapacity:mean,,,9534.6655172414
Exponential-capacity-3227-20210301-21:50:10-11282,attr,Aerocom.aircraft[0].dataLink[3],actualCapacity:mean,,,
Exponential-capacity-3227-20210301-21:50:10-11282,attr,Aerocom.aircraft[0].dataLink[3],actualCapacity:mean,source,computeActualCapacity,
Exponential-capacity-3227-20210301-21:50:10-11282,scalar,Aerocom.aircraft[0].dataLink[4],sentPackets:count,,,955
Exponential-capacity-3227-20210301-21:50:10-11282,attr,Aerocom.aircraft[0].dataLink[4],sentPackets:count,source,computeSentPackets,
Exponential-capacity-3227-20210301-21:50:10-11282,scalar,Aerocom.aircraft[0].dataLink[4],actualCapacity:mean,,,9377.8676639816
Exponential-capacity-3227-20210301-21:50:10-11282,attr,Aerocom.aircraft[0].dataLink[4],actualCapacity:mean,,,
Exponential-capacity-3227-20210301-21:50:10-11282,attr,Aerocom.aircraft[0].dataLink[4],actualCapacity:mean,source,computeActualCapacity,
Exponential-capacity-3227-20210301-21:50:10-11282,scalar,Aerocom.aircraft[0].dataLink[5],sentPackets:count,,,389
Exponential-capacity-3227-20210301-21:50:10-11282,attr,Aerocom.aircraft[0].dataLink[5],sentPackets:count,source,computeSentPackets,
Exponential-capacity-3227-20210301-21:50:10-11282,scalar,Aerocom.aircraft[0].dataLink[5],actualCapacity:mean,,,9133.7129391602
Exponential-capacity-3227-20210301-21:50:10-11282,attr,Aerocom.aircraft[0].dataLink[5],actualCapacity:mean,,,
Exponential-capacity-3227-20210301-21:50:10-11282,attr,Aerocom.aircraft[0].dataLink[5],actualCapacity:mean,source,computeActualCapacity,
Exponential-capacity-3227-20210301-21:50:10-11282,scalar,Aerocom.aircraft[0].dataLink[6],sentPackets:count,,,1867
Exponential-capacity-3227-20210301-21:50:10-11282,attr,Aerocom.aircraft[0].dataLink[6],sentPackets:count,source,computeSentPackets,
Exponential-capacity-3227-20210301-21:50:10-11282,scalar,Aerocom.aircraft[0].dataLink[6],actualCapacity:mean,,,9553.4383251603
Exponential-capacity-3227-20210301-21:50:10-11282,attr,Aerocom.aircraft[0].dataLink[6],actualCapacity:mean,,,
Exponential-capacity-3227-20210301-21:50:10-11282,attr,Aerocom.aircraft[0].dataLink[6],actualCapacity:mean,source,computeActualCapacity,
Exponential-capacity-3227-20210301-21:50:10-11282,scalar,Aerocom.aircraft[0].dataLink[7],sentPackets:count,,,1351
Exponential-capacity-3227-20210301-21:50:10-11282,attr,Aerocom.aircraft[0].dataLink[7],sentPackets:count,source,computeSentPackets,
Exponential-capacity-3227-20210301-21:50:10-11282,scalar,Aerocom.aircraft[0].dataLink[7],actualCapacity:mean,,,9416.5556594949
Exponential-capacity-3227-20210301-21:50:10-11282,attr,Aerocom.aircraft[0].dataLink[7],actualCapacity:mean,,,
Exponential-capacity-3227-20210301-21:50:10-11282,attr,Aerocom.aircraft[0].dataLink[7],actualCapacity:mean,source,computeActualCapacity,
Exponential-capacity-3227-20210301-21:50:10-11282,scalar,Aerocom.aircraft[0].dataLink[8],sentPackets:count,,,989
Exponential-capacity-3227-20210301-21:50:10-11282,attr,Aerocom.aircraft[0].dataLink[8],sentPackets:count,source,computeSentPackets,
Exponential-capacity-3227-20210301-21:50:10-11282,scalar,Aerocom.aircraft[0].dataLink[8],actualCapacity:mean,,,9463.2409706546
Exponential-capacity-3227-20210301-21:50:10-11282,attr,Aerocom.aircraft[0].dataLink[8],actualCapacity:mean,,,
Exponential-capacity-3227-20210301-21:50:10-11282,attr,Aerocom.aircraft[0].dataLink[8],actualCapacity:mean,source,computeActualCapacity,
Exponential-capacity-3227-20210301-21:50:10-11282,scalar,Aerocom.aircraft[0].dataLink[9],sentPackets:count,,,960
Exponential-capacity-3227-20210301-21:50:10-11282,attr,Aerocom.aircraft[0].dataLink[9],sentPackets:count,source,computeSentPackets,
Exponential-capacity-3227-20210301-21:50:10-11282,scalar,Aerocom.aircraft[0].dataLink[9],actualCapacity:mean,,,9357.1807228916
Exponential-capacity-3227-20210301-21:50:10-11282,attr,Aerocom.aircraft[0].dataLink[9],actualCapacity:mean,,,
Exponential-capacity-3227-20210301-21:50:10-11282,attr,Aerocom.aircraft[0].dataLink[9],actualCapacity:mean,source,computeActualCapacity,
Exponential-capacity-3227-20210301-21:50:10-11282,scalar,Aerocom.aircraft[0].dataLink[10],sentPackets:count,,,1936
Exponential-capacity-3227-20210301-21:50:10-11282,attr,Aerocom.aircraft[0].dataLink[10],sentPackets:count,source,computeSentPackets,
Exponential-capacity-3227-20210301-21:50:10-11282,scalar,Aerocom.aircraft[0].dataLink[10],actualCapacity:mean,,,9535.8824613117
Exponential-capacity-3227-20210301-21:50:10-11282,attr,Aerocom.aircraft[0].dataLink[10],actualCapacity:mean,,,
Exponential-capacity-3227-20210301-21:50:10-11282,attr,Aerocom.aircraft[0].dataLink[10],actualCapacity:mean,source,computeActualCapacity,
Exponential-capacity-3227-20210301-21:50:10-11282,scalar,Aerocom.aircraft[0].dataLink[11],sentPackets:count,,,1097
Exponential-capacity-3227-20210301-21:50:10-11282,attr,Aerocom.aircraft[0].dataLink[11],sentPackets:count,source,computeSentPackets,
Exponential-capacity-3227-20210301-21:50:10-11282,scalar,Aerocom.aircraft[0].dataLink[11],actualCapacity:mean,,,9421.0165509877
Exponential-capacity-3227-20210301-21:50:10-11282,attr,Aerocom.aircraft[0].dataLink[11],actualCapacity:mean,,,
Exponential-capacity-3227-20210301-21:50:10-11282,attr,Aerocom.aircraft[0].dataLink[11],actualCapacity:mean,source,computeActualCapacity,
Exponential-capacity-3227-20210301-21:50:10-11282,scalar,Aerocom.aircraft[0].dataLink[12],sentPackets:count,,,856
Exponential-capacity-3227-20210301-21:50:10-11282,attr,Aerocom.aircraft[0].dataLink[12],sentPackets:count,source,computeSentPackets,
Exponential-capacity-3227-20210301-21:50:10-11282,scalar,Aerocom.aircraft[0].dataLink[12],actualCapacity:mean,,,9416.4088127295
Exponential-capacity-3227-20210301-21:50:10-11282,attr,Aerocom.aircraft[0].dataLink[12],actualCapacity:mean,,,
Exponential-capacity-3227-20210301-21:50:10-11282,attr,Aerocom.aircraft[0].dataLink[12],actualCapacity:mean,source,computeActualCapacity,
Exponential-capacity-3227-20210301-21:50:10-11282,scalar,Aerocom.aircraft[0].dataLink[13],sentPackets:count,,,525
Exponential-capacity-3227-20210301-21:50:10-11282,attr,Aerocom.aircraft[0].dataLink[13],sentPackets:count,source,computeSentPackets,
Exponential-capacity-3227-20210301-21:50:10-11282,scalar,Aerocom.aircraft[0].dataLink[13],actualCapacity:mean,,,9269.3779648049
Exponential-capacity-3227-20210301-21:50:10-11282,attr,Aerocom.aircraft[0].dataLink[13],actualCapacity:mean,,,
Exponential-capacity-3227-20210301-21:50:10-11282,attr,Aerocom.aircraft[0].dataLink[13],actualCapacity:mean,source,computeActualCapacity,
Exponential-capacity-3227-20210301-21:50:10-11282,scalar,Aerocom.aircraft[0].dataLink[14],sentPackets:count,,,1741
Exponential-capacity-3227-20210301-21:50:10-11282,attr,Aerocom.aircraft[0].dataLink[14],sentPackets:count,source,computeSentPackets,
Exponential-capacity-3227-20210301-21:50:10-11282,scalar,Aerocom.aircraft[0].dataLink[14],actualCapacity:mean,,,9541.1614438715
Exponential-capacity-3227-20210301-21:50:10-11282,attr,Aerocom.aircraft[0].dataLink[14],actualCapacity:mean,,,
Exponential-capacity-3227-20210301-21:50:10-11282,attr,Aerocom.aircraft[0].dataLink[14],actualCapacity:mean,source,computeActualCapacity,
Exponential-capacity-3227-20210301-21:50:10-11282,scalar,Aerocom.aircraft[0].dataLink[15],sentPackets:count,,,1336
Exponential-capacity-3227-20210301-21:50:10-11282,attr,Aerocom.aircraft[0].dataLink[15],sentPackets:count,source,computeSentPackets,
Exponential-capacity-3227-20210301-21:50:10-11282,scalar,Aerocom.aircraft[0].dataLink[15],actualCapacity:mean,,,9471.5111111111
Exponential-capacity-3227-20210301-21:50:10-11282,attr,Aerocom.aircraft[0].dataLink[15],actualCapacity:mean,,,
Exponential-capacity-3227-20210301-21:50:10-11282,attr,Aerocom.aircraft[0].dataLink[15],actualCapacity:mean,source,computeActualCapacity,
Exponential-capacity-3227-20210301-21:50:10-11282,scalar,Aerocom.controlTower,receivedPackets:count,,,19783
Exponential-capacity-3227-20210301-21:50:10-11282,attr,Aerocom.controlTower,receivedPackets:count,source,computeReceivedPackets,
Exponential-capacity-3228-20210301-21:50:10-11282,scalar,Aerocom.aircraft[0].linkSelector,responseTime:mean,,,0.59073174069276
Exponential-capacity-3228-20210301-21:50:10-11282,attr,Aerocom.aircraft[0].linkSelector,responseTime:mean,,,
Exponential-capacity-3228-20210301-21:50:10-11282,attr,Aerocom.aircraft[0].linkSelector,responseTime:mean,source,computeResponseTime,
Exponential-capacity-3228-20210301-21:50:10-11282,scalar,Aerocom.aircraft[0].linkSelector,meanMalus:sum,,,13382
Exponential-capacity-3228-20210301-21:50:10-11282,attr,Aerocom.aircraft[0].linkSelector,meanMalus:sum,,,
Exponential-capacity-3228-20210301-21:50:10-11282,attr,Aerocom.aircraft[0].linkSelector,meanMalus:sum,source,computeMeanMalus,
Exponential-capacity-3228-20210301-21:50:10-11282,scalar,Aerocom.aircraft[0].linkSelector,waitingTime:mean,,,0.58352645555271
Exponential-capacity-3228-20210301-21:50:10-11282,attr,Aerocom.aircraft[0].linkSelector,waitingTime:mean,,,
Exponential-capacity-3228-20210301-21:50:10-11282,attr,Aerocom.aircraft[0].linkSelector,waitingTime:mean,source,computeWaitingTime,
Exponential-capacity-3228-20210301-21:50:10-11282,scalar,Aerocom.aircraft[0].linkSelector,serviceTime:mean,,,0.0072052851400708
Exponential-capacity-3228-20210301-21:50:10-11282,attr,Aerocom.aircraft[0].linkSelector,serviceTime:mean,,,
Exponential-capacity-3228-20210301-21:50:10-11282,attr,Aerocom.aircraft[0].linkSelector,serviceTime:mean,source,computeServiceTime,
Exponential-capacity-3228-20210301-21:50:10-11282,scalar,Aerocom.aircraft[0].linkSelector,queueLength:mean,,,29.096404563047
Exponential-capacity-3228-20210301-21:50:10-11282,attr,Aerocom.aircraft[0].linkSelector,queueLength:mean,,,
Exponential-capacity-3228-20210301-21:50:10-11282,attr,Aerocom.aircraft[0].linkSelector,queueLength:mean,source,computeQueueLength,
Exponential-capacity-3228-20210301-21:50:10-11282,scalar,Aerocom.aircraft[0].dataLink[0],sentPackets:count,,,955
Exponential-capacity-3228-20210301-21:50:10-11282,attr,Aerocom.aircraft[0].dataLink[0],sentPackets:count,source,computeSentPackets,
Exponential-capacity-3228-20210301-21:50:10-11282,scalar,Aerocom.aircraft[0].dataLink[0],actualCapacity:mean,,,9391.2551963048
Exponential-capacity-3228-20210301-21:50:10-11282,attr,Aerocom.aircraft[0].dataLink[0],actualCapacity:mean,,,
Exponential-capacity-3228-20210301-21:50:10-11282,attr,Aerocom.aircraft[0].dataLink[0],actualCapacity:mean,source,computeActualCapacity,
Exponential-capacity-3228-20210301-21:50:10-11282,scalar,Aerocom.aircraft[0].dataLink[1],sentPackets:count,,,1720
Exponential-capacity-3228-20210301-21:50:10-11282,attr,Aerocom.aircraft[0].dataLink[1],sentPackets:count,source,computeSentPackets,
Exponential-capacity-3228-20210301-21:50:10-11282,scalar,Aerocom.aircraft[0].dataLink[1],actualCapacity:mean,,,9478.2830867653
Exponential-capacity-3228-20210301-21:50:10-11282,attr,Aerocom.aircraft[0].dataLink[1],actualCapacity:mean,,,
Exponential-capacity-3228-20210301-21:50:10-11282,attr,Aerocom.aircraft[0].dataLink[1],actualCapacity:mean,source,computeActualCapacity,
Exponential-capacity-3228-20210301-21:50:10-11282,scalar,Aerocom.aircraft[0].dataLink[2],sentPackets:count,,,1748
Exponential-capacity-3228-20210301-21:50:10-11282,attr,Aerocom.aircraft[0].dataLink[2],sentPackets:count,source,computeSentPackets,
Exponential-capacity-3228-20210301-21:50:10-11282,scalar,Aerocom.aircraft[0].dataLink[2],actualCapacity:mean,,,9523.8082245947
Exponential-capacity-3228-20210301-21:50:10-11282,attr,Aerocom.aircraft[0].dataLink[2],actualCapacity:mean,,,
Exponential-capacity-3228-20210301-21:50:10-11282,attr,Aerocom.aircraft[0].dataLink[2],actualCapacity:mean,source,computeActualCapacity,
Exponential-capacity-3228-20210301-21:50:10-11282,scalar,Aerocom.aircraft[0].dataLink[3],sentPackets:count,,,1085
Exponential-capacity-3228-20210301-21:50:10-11282,attr,Aerocom.aircraft[0].dataLink[3],sentPackets:count,source,computeSentPackets,
Exponential-capacity-3228-20210301-21:50:10-11282,scalar,Aerocom.aircraft[0].dataLink[3],actualCapacity:mean,,,9401.4308595836
Exponential-capacity-3228-20210301-21:50:10-11282,attr,Aerocom.aircraft[0].dataLink[3],actualCapacity:mean,,,
Exponential-capacity-3228-20210301-21:50:10-11282,attr,Aerocom.aircraft[0].dataLink[3],actualCapacity:mean,source,computeActualCapacity,
Exponential-capacity-3228-20210301-21:50:10-11282,scalar,Aerocom.aircraft[0].dataLink[4],sentPackets:count,,,1045
Exponential-capacity-3228-20210301-21:50:10-11282,attr,Aerocom.aircraft[0].dataLink[4],sentPackets:count,source,computeSentPackets,
Exponential-capacity-3228-20210301-21:50:10-11282,scalar,Aerocom.aircraft[0].dataLink[4],actualCapacity:mean,,,9459.1971522453
Exponential-capacity-3228-20210301-21:50:10-11282,attr,Aerocom.aircraft[0].dataLink[4],actualCapacity:mean,,,
Exponential-capacity-3228-20210301-21:50:10-11282,attr,Aerocom.aircraft[0].dataLink[4],actualCapacity:mean,source,computeActualCapacity,
Exponential-capacity-3228-20210301-21:50:10-11282,scalar,Aerocom.aircraft[0].dataLink[5],sentPackets:count,,,847
Exponential-capacity-3228-20210301-21:50:10-11282,attr,Aerocom.aircraft[0].dataLink[5],sentPackets:count,source,computeSentPackets,
Exponential-capacity-3228-20210301-21:50:10-11282,scalar,Aerocom.aircraft[0].dataLink[5],actualCapacity:mean,,,9368.8241421569
Exponential-capacity-3228-20210301-21:50:10-11282,attr,Aerocom.aircraft[0].dataLink[5],actualCapacity:mean,,,
Exponential-capacity-3228-20210301-21:50:10-11282,attr,Aerocom.aircraft[0].dataLink[5],actualCapacity:mean,source,computeActualCapacity,
Exponential-capacity-3228-20210301-21:50:10-11282,scalar,Aerocom.aircraft[0].dataLink[6],sentPackets:count,,,2127
Exponential-capacity-3228-20210301-21:50:10-11282,attr,Aerocom.aircraft[0].dataLink[6],sentPackets:count,source,computeSentPackets,
Exponential-capacity-3228-20210301-21:50:10-11282,scalar,Aerocom.aircraft[0].dataLink[6],actualCapacity:mean,,,9573.9710644161
Exponential-capacity-3228-20210301-21:50:10-11282,attr,Aerocom.aircraft[0].dataLink[6],actualCapacity:mean,,,
Exponential-capacity-3228-20210301-21:50:10-11282,attr,Aerocom.aircraft[0].dataLink[6],actualCapacity:mean,source,computeActualCapacity,
Exponential-capacity-3228-20210301-21:50:10-11282,scalar,Aerocom.aircraft[0].dataLink[7],sentPackets:count,,,1189
Exponential-capacity-3228-20210301-21:50:10-11282,attr,Aerocom.aircraft[0].dataLink[7],sentPackets:count,source,computeSentPackets,
Exponential-capacity-3228-20210301-21:50:10-11282,scalar,Aerocom.aircraft[0].dataLink[7],actualCapacity:mean,,,9439.1430745814
Exponential-capacity-3228-20210301-21:50:10-11282,attr,Aerocom.aircraft[0].dataLink[7],actualCapacity:mean,,,
Exponential-capacity-3228-20210301-21:50:10-11282,attr,Aerocom.aircraft[0].dataLink[7],actualCapacity:mean,source,computeActualCapacity,
Exponential-capacity-3228-20210301-21:50:10-11282,scalar,Aerocom.aircraft[0].dataLink[8],sentPackets:count,,,889
Exponential-capacity-3228-20210301-21:50:10-11282,attr,Aerocom.aircraft[0].dataLink[8],sentPackets:count,source,computeSentPackets,
Exponential-capacity-3228-20210301-21:50:10-11282,scalar,Aerocom.aircraft[0].dataLink[8],actualCapacity:mean,,,9393.8783702816
Exponential-capacity-3228-20210301-21:50:10-11282,attr,Aerocom.aircraft[0].dataLink[8],actualCapacity:mean,,,
Exponential-capacity-3228-20210301-21:50:10-11282,attr,Aerocom.aircraft[0].dataLink[8],actualCapacity:mean,source,computeActualCapacity,
Exponential-capacity-3228-20210301-21:50:10-11282,scalar,Aerocom.aircraft[0].dataLink[9],sentPackets:count,,,1336
Exponential-capacity-3228-20210301-21:50:10-11282,attr,Aerocom.aircraft[0].dataLink[9],sentPackets:count,source,computeSentPackets,
Exponential-capacity-3228-20210301-21:50:10-11282,scalar,Aerocom.aircraft[0].dataLink[9],actualCapacity:mean,,,9452.1880907372
Exponential-capacity-3228-20210301-21:50:10-11282,attr,Aerocom.aircraft[0].dataLink[9],actualCapacity:mean,,,
Exponential-capacity-3228-20210301-21:50:10-11282,attr,Aerocom.aircraft[0].dataLink[9],actualCapacity:mean,source,computeActualCapacity,
Exponential-capacity-3228-20210301-21:50:10-11282,scalar,Aerocom.aircraft[0].dataLink[10],sentPackets:count,,,917
Exponential-capacity-3228-20210301-21:50:10-11282,attr,Aerocom.aircraft[0].dataLink[10],sentPackets:count,source,computeSentPackets,
Exponential-capacity-3228-20210301-21:50:10-11282,scalar,Aerocom.aircraft[0].dataLink[10],actualCapacity:mean,,,9377.7078916372
Exponential-capacity-3228-20210301-21:50:10-11282,attr,Aerocom.aircraft[0].dataLink[10],actualCapacity:mean,,,
Exponential-capacity-3228-20210301-21:50:10-11282,attr,Aerocom.aircraft[0].dataLink[10],actualCapacity:mean,source,computeActualCapacity,
Exponential-capacity-3228-20210301-21:50:10-11282,scalar,Aerocom.aircraft[0].dataLink[11],sentPackets:count,,,1376
Exponential-capacity-3228-20210301-21:50:10-11282,attr,Aerocom.aircraft[0].dataLink[11],sentPackets:count,source,computeSentPackets,
Exponential-capacity-3228-20210301-21:50:10-11282,scalar,Aerocom.aircraft[0].dataLink[11],actualCapacity:mean,,,9483.5898980538
Exponential-capacity-3228-20210301-21:50:10-11282,attr,Aerocom.aircraft[0].dataLink[11],actualCapacity:mean,,,
Exponential-capacity-3228-20210301-21:50:10-11282,attr,Aerocom.aircraft[0].dataLink[11],actualCapacity:mean,source,computeActualCapacity,
Exponential-capacity-3228-20210301-21:50:10-11282,scalar,Aerocom.aircraft[0].dataLink[12],sentPackets:count,,,584
Exponential-capacity-3228-20210301-21:50:10-11282,attr,Aerocom.aircraft[0].dataLink[12],sentPackets:count,source,computeSentPackets,
Exponential-capacity-3228-20210301-21:50:10-11282,scalar,Aerocom.aircraft[0].dataLink[12],actualCapacity:mean,,,9249.3103448276
Exponential-capacity-3228-20210301-21:50:10-11282,attr,Aerocom.aircraft[0].dataLink[12],actualCapacity:mean,,,
Exponential-capacity-3228-20210301-21:50:10-11282,attr,Aerocom.aircraft[0].dataLink[12],actualCapacity:mean,source,computeActualCapacity,
Exponential-capacity-3228-20210301-21:50:10-11282,scalar,Aerocom.aircraft[0].dataLink[13],sentPackets:count,,,1477
Exponential-capacity-3228-20210301-21:50:10-11282,attr,Aerocom.aircraft[0].dataLink[13],sentPackets:count,source,computeSentPackets,
Exponential-capacity-3228-20210301-21:50:10-11282,scalar,Aerocom.aircraft[0].dataLink[13],actualCapacity:mean,,,9488.6678492239
Exponential-capacity-3228-20210301-21:50:10-11282,attr,Aerocom.aircraft[0].dataLink[13],actualCapacity:mean,,,
Exponential-capacity-3228-20210301-21:50:10-11282,attr,Aerocom.aircraft[0].dataLink[13],actualCapacity:mean,source,computeActualCapacity,
Exponential-capacity-3228-20210301-21:50:10-11282,scalar,Aerocom.aircraft[0].dataLink[14],sentPackets:count,,,915
Exponential-capacity-3228-20210301-21:50:10-11282,attr,Aerocom.aircraft[0].dataLink[14],sentPackets:count,source,computeSentPackets,
Exponential-capacity-3228-20210301-21:50:10-11282,scalar,Aerocom.aircraft[0].dataLink[14],actualCapacity:mean,,,9352.8197879859
Exponential-capacity-3228-20210301-21:50:10-11282,attr,Aerocom.aircraft[0].dataLink[14],actualCapacity:mean,,,
Exponential-capacity-3228-20210301-21:50:10-11282,attr,Aerocom.aircraft[0].dataLink[14],actualCapacity:mean,source,computeActualCapacity,
Exponential-capacity-3228-20210301-21:50:10-11282,scalar,Aerocom.aircraft[0].dataLink[15],sentPackets:count,,,1426
Exponential-capacity-3228-20210301-21:50:10-11282,attr,Aerocom.aircraft[0].dataLink[15],sentPackets:count,source,computeSentPackets,
Exponential-capacity-3228-20210301-21:50:10-11282,scalar,Aerocom.aircraft[0].dataLink[15],actualCapacity:mean,,,9453.4855072464
Exponential-capacity-3228-20210301-21:50:10-11282,attr,Aerocom.aircraft[0].dataLink[15],actualCapacity:mean,,,
Exponential-capacity-3228-20210301-21:50:10-11282,attr,Aerocom.aircraft[0].dataLink[15],actualCapacity:mean,source,computeActualCapacity,
Exponential-capacity-3228-20210301-21:50:10-11282,scalar,Aerocom.controlTower,receivedPackets:count,,,19636
Exponential-capacity-3228-20210301-21:50:10-11282,attr,Aerocom.controlTower,receivedPackets:count,source,computeReceivedPackets,
Exponential-capacity-3229-20210301-21:50:10-11282,scalar,Aerocom.aircraft[0].linkSelector,responseTime:mean,,,0.56422902034527
Exponential-capacity-3229-20210301-21:50:10-11282,attr,Aerocom.aircraft[0].linkSelector,responseTime:mean,,,
Exponential-capacity-3229-20210301-21:50:10-11282,attr,Aerocom.aircraft[0].linkSelector,responseTime:mean,source,computeResponseTime,
Exponential-capacity-3229-20210301-21:50:10-11282,scalar,Aerocom.aircraft[0].linkSelector,meanMalus:sum,,,13558
Exponential-capacity-3229-20210301-21:50:10-11282,attr,Aerocom.aircraft[0].linkSelector,meanMalus:sum,,,
Exponential-capacity-3229-20210301-21:50:10-11282,attr,Aerocom.aircraft[0].linkSelector,meanMalus:sum,source,computeMeanMalus,
Exponential-capacity-3229-20210301-21:50:10-11282,scalar,Aerocom.aircraft[0].linkSelector,waitingTime:mean,,,0.55703239591744
Exponential-capacity-3229-20210301-21:50:10-11282,attr,Aerocom.aircraft[0].linkSelector,waitingTime:mean,,,
Exponential-capacity-3229-20210301-21:50:10-11282,attr,Aerocom.aircraft[0].linkSelector,waitingTime:mean,source,computeWaitingTime,
Exponential-capacity-3229-20210301-21:50:10-11282,scalar,Aerocom.aircraft[0].linkSelector,serviceTime:mean,,,0.0071966244278604
Exponential-capacity-3229-20210301-21:50:10-11282,attr,Aerocom.aircraft[0].linkSelector,serviceTime:mean,,,
Exponential-capacity-3229-20210301-21:50:10-11282,attr,Aerocom.aircraft[0].linkSelector,serviceTime:mean,source,computeServiceTime,
Exponential-capacity-3229-20210301-21:50:10-11282,scalar,Aerocom.aircraft[0].linkSelector,queueLength:mean,,,28.498521615008
Exponential-capacity-3229-20210301-21:50:10-11282,attr,Aerocom.aircraft[0].linkSelector,queueLength:mean,,,
Exponential-capacity-3229-20210301-21:50:10-11282,attr,Aerocom.aircraft[0].linkSelector,queueLength:mean,source,computeQueueLength,
Exponential-capacity-3229-20210301-21:50:10-11282,scalar,Aerocom.aircraft[0].dataLink[0],sentPackets:count,,,1311
Exponential-capacity-3229-20210301-21:50:10-11282,attr,Aerocom.aircraft[0].dataLink[0],sentPackets:count,source,computeSentPackets,
Exponential-capacity-3229-20210301-21:50:10-11282,scalar,Aerocom.aircraft[0].dataLink[0],actualCapacity:mean,,,9429.1218346871
Exponential-capacity-3229-20210301-21:50:10-11282,attr,Aerocom.aircraft[0].dataLink[0],actualCapacity:mean,,,
Exponential-capacity-3229-20210301-21:50:10-11282,attr,Aerocom.aircraft[0].dataLink[0],actualCapacity:mean,source,computeActualCapacity,
Exponential-capacity-3229-20210301-21:50:10-11282,scalar,Aerocom.aircraft[0].dataLink[1],sentPackets:count,,,1088
Exponential-capacity-3229-20210301-21:50:10-11282,attr,Aerocom.aircraft[0].dataLink[1],sentPackets:count,source,computeSentPackets,
Exponential-capacity-3229-20210301-21:50:10-11282,scalar,Aerocom.aircraft[0].dataLink[1],actualCapacity:mean,,,9496.387787895
Exponential-capacity-3229-20210301-21:50:10-11282,attr,Aerocom.aircraft[0].dataLink[1],actualCapacity:mean,,,
Exponential-capacity-3229-20210301-21:50:10-11282,attr,Aerocom.aircraft[0].dataLink[1],actualCapacity:mean,source,computeActualCapacity,
Exponential-capacity-3229-20210301-21:50:10-11282,scalar,Aerocom.aircraft[0].dataLink[2],sentPackets:count,,,1754
Exponential-capacity-3229-20210301-21:50:10-11282,attr,Aerocom.aircraft[0].dataLink[2],sentPackets:count,source,computeSentPackets,
Exponential-capacity-3229-20210301-21:50:10-11282,scalar,Aerocom.aircraft[0].dataLink[2],actualCapacity:mean,,,9513.241025641
Exponential-capacity-3229-20210301-21:50:10-11282,attr,Aerocom.aircraft[0].dataLink[2],actualCapacity:mean,,,
Exponential-capacity-3229-20210301-21:50:10-11282,attr,Aerocom.aircraft[0].dataLink[2],actualCapacity:mean,source,computeActualCapacity,
Exponential-capacity-3229-20210301-21:50:10-11282,scalar,Aerocom.aircraft[0].dataLink[3],sentPackets:count,,,2188
Exponential-capacity-3229-20210301-21:50:10-11282,attr,Aerocom.aircraft[0].dataLink[3],sentPackets:count,source,computeSentPackets,
Exponential-capacity-3229-20210301-21:50:10-11282,scalar,Aerocom.aircraft[0].dataLink[3],actualCapacity:mean,,,9582.2613674638
Exponential-capacity-3229-20210301-21:50:10-11282,attr,Aerocom.aircraft[0].dataLink[3],actualCapacity:mean,,,
Exponential-capacity-3229-20210301-21:50:10-11282,attr,Aerocom.aircraft[0].dataLink[3],actualCapacity:mean,source,computeActualCapacity,
Exponential-capacity-3229-20210301-21:50:10-11282,scalar,Aerocom.aircraft[0].dataLink[4],sentPackets:count,,,1250
Exponential-capacity-3229-20210301-21:50:10-11282,attr,Aerocom.aircraft[0].dataLink[4],sentPackets:count,source,computeSentPackets,
Exponential-capacity-3229-20210301-21:50:10-11282,scalar,Aerocom.aircraft[0].dataLink[4],actualCapacity:mean,,,9441.0785854617
Exponential-capacity-3229-20210301-21:50:10-11282,attr,Aerocom.aircraft[0].dataLink[4],actualCapacity:mean,,,
Exponential-capacity-3229-20210301-21:50:10-11282,attr,Aerocom.aircraft[0].dataLink[4],actualCapacity:mean,source,computeActualCapacity,
Exponential-capacity-3229-20210301-21:50:10-11282,scalar,Aerocom.aircraft[0].dataLink[5],sentPackets:count,,,1066
Exponential-capacity-3229-20210301-21:50:10-11282,attr,Aerocom.aircraft[0].dataLink[5],sentPackets:count,source,computeSentPackets,
Exponential-capacity-3229-20210301-21:50:10-11282,scalar,Aerocom.aircraft[0].dataLink[5],actualCapacity:mean,,,9415.4562262099
Exponential-capacity-3229-20210301-21:50:10-11282,attr,Aerocom.aircraft[0].dataLink[5],actualCapacity:mean,,,
Exponential-capacity-3229-20210301-21:50:10-11282,attr,Aerocom.aircraft[0].dataLink[5],actualCapacity:mean,source,computeActualCapacity,
Exponential-capacity-3229-20210301-21:50:10-11282,scalar,Aerocom.aircraft[0].dataLink[6],sentPackets:count,,,1292
Exponential-capacity-3229-20210301-21:50:10-11282,attr,Aerocom.aircraft[0].dataLink[6],sentPackets:count,source,computeSentPackets,
Exponential-capacity-3229-20210301-21:50:10-11282,scalar,Aerocom.aircraft[0].dataLink[6],actualCapacity:mean,,,9477.0400385914
Exponential-capacity-3229-20210301-21:50:10-11282,attr,Aerocom.aircraft[0].dataLink[6],actualCapacity:mean,,,
Exponential-capacity-3229-20210301-21:50:10-11282,attr,Aerocom.aircraft[0].dataLink[6],actualCapacity:mean,source,computeActualCapacity,
Exponential-capacity-3229-20210301-21:50:10-11282,scalar,Aerocom.aircraft[0].dataLink[7],sentPackets:count,,,666
Exponential-capacity-3229-20210301-21:50:10-11282,attr,Aerocom.aircraft[0].dataLink[7],sentPackets:count,source,computeSentPackets,
Exponential-capacity-3229-20210301-21:50:10-11282,scalar,Aerocom.aircraft[0].dataLink[7],actualCapacity:mean,,,9341.2239115411
Exponential-capacity-3229-20210301-21:50:10-11282,attr,Aerocom.aircraft[0].dataLink[7],actualCapacity:mean,,,
Exponential-capacity-3229-20210301-21:50:10-11282,attr,Aerocom.aircraft[0].dataLink[7],actualCapacity:mean,source,computeActualCapacity,
Exponential-capacity-3229-20210301-21:50:10-11282,scalar,Aerocom.aircraft[0].dataLink[8],sentPackets:count,,,932
Exponential-capacity-3229-20210301-21:50:10-11282,attr,Aerocom.aircraft[0].dataLink[8],sentPackets:count,source,computeSentPackets,
Exponential-capacity-3229-20210301-21:50:10-11282,scalar,Aerocom.aircraft[0].dataLink[8],actualCapacity:mean,,,9416.4464493597
Exponential-capacity-3229-20210301-21:50:10-11282,attr,Aerocom.aircraft[0].dataLink[8],actualCapacity:mean,,,
Exponential-capacity-3229-20210301-21:50:10-11282,attr,Aerocom.aircraft[0].dataLink[8],actualCapacity:mean,source,computeActualCapacity,
Exponential-capacity-3229-20210301-21:50:10-11282,scalar,Aerocom.aircraft[0].dataLink[9],sentPackets:count,,,1556
Exponential-capacity-3229-20210301-21:50:10-11282,attr,Aerocom.aircraft[0].dataLink[9],sentPackets:count,source,computeSentPackets,
Exponential-capacity-3229-20210301-21:50:10-11282,scalar,Aerocom.aircraft[0].dataLink[9],actualCapacity:mean,,,9488.4234388366
Exponential-capacity-3229-20210301-21:50:10-11282,attr,Aerocom.aircraft[0].dataLink[9],actualCapacity:mean,,,
Exponential-capacity-3229-20210301-21:50:10-11282,attr,Aerocom.aircraft[0].dataLink[9],actualCapacity:mean,source,computeActualCapacity,
Exponential-capacity-3229-20210301-21:50:10-11282,scalar,Aerocom.aircraft[0].dataLink[10],sentPackets:count,,,1030
Exponential-capacity-3229-20210301-21:50:10-11282,attr,Aerocom.aircraft[0].dataLink[10],sentPackets:count,source,computeSentPackets,
Exponential-capacity-3229-20210301-21:50:10-11282,scalar,Aerocom.aircraft[0].dataLink[10],actualCapacity:mean,,,9425.0695748205
Exponential-capacity-3229-20210301-21:50:10-11282,attr,Aerocom.aircraft[0].dataLink[10],actualCapacity:mean,,,
Exponential-capacity-3229-20210301-21:50:10-11282,attr,Aerocom.aircraft[0].dataLink[10],actualCapacity:mean,source,computeActualCapacity,
Exponential-capacity-3229-20210301-21:50:10-11282,scalar,Aerocom.aircraft[0].dataLink[11],sentPackets:count,,,1196
Exponential-capacity-3229-20210301-21:50:10-11282,attr,Aerocom.aircraft[0].dataLink[11],sentPackets:count,source,computeSentPackets,
Exponential-capacity-3229-20210301-21:50:10-11282,scalar,Aerocom.aircraft[0].dataLink[11],actualCapacity:mean,,,9403.5500505561
Exponential-capacity-3229-20210301-21:50:10-11282,attr,Aerocom.aircraft[0].dataLink[11],actualCapacity:mean,,,
Exponential-capacity-3229-20210301-21:50:10-11282,attr,Aerocom.aircraft[0].dataLink[11],actualCapacity:mean,source,computeActualCapacity,
Exponential-capacity-3229-20210301-21:50:10-11282,scalar,Aerocom.aircraft[0].dataLink[12],sentPackets:count,,,733
Exponential-capacity-3229-20210301-21:50:10-11282,attr,Aerocom.aircraft[0].dataLink[12],sentPackets:count,source,computeSentPackets,
Exponential-capacity-3229-20210301-21:50:10-11282,scalar,Aerocom.aircraft[0].dataLink[12],actualCapacity:mean,,,9316.775645268
Exponential-capacity-3229-20210301-21:50:10-11282,attr,Aerocom.aircraft[0].dataLink[12],actualCapacity:mean,,,
Exponential-capacity-3229-20210301-21:50:10-11282,attr,Aerocom.aircraft[0].dataLink[12],actualCapacity:mean,source,computeActualCapacity,
Exponential-capacity-3229-20210301-21:50:10-11282,scalar,Aerocom.aircraft[0].dataLink[13],sentPackets:count,,,1356
Exponential-capacity-3229-20210301-21:50:10-11282,attr,Aerocom.aircraft[0].dataLink[13],sentPackets:count,source,computeSentPackets,
Exponential-capacity-3229-20210301-21:50:10-11282,scalar,Aerocom.aircraft[0].dataLink[13],actualCapacity:mean,,,9477.3080168776
Exponential-capacity-3229-20210301-21:50:10-11282,attr,Aerocom.aircraft[0].dataLink[13],actualCapacity:mean,,,
Exponential-capacity-3229-20210301-21:50:10-11282,attr,Aerocom.aircraft[0].dataLink[13],actualCapacity:mean,source,computeActualCapacity,
Exponential-capacity-3229-20210301-21:50:10-11282,scalar,Aerocom.aircraft[0].dataLink[14],sentPackets:count,,,1190
Exponential-capacity-3229-20210301-21:50:10-11282,attr,Aerocom.aircraft[0].dataLink[14],sentPackets:count,source,computeSentPackets,
Exponential-capacity-3229-20210301-21:50:10-11282,scalar,Aerocom.aircraft[0].dataLink[14],actualCapacity:mean,,,9429.7981790592
Exponential-capacity-3229-20210301-21:50:10-11282,attr,Aerocom.aircraft[0].dataLink[14],actualCapacity:mean,,,
Exponential-capacity-3229-20210301-21:50:10-11282,attr,Aerocom.aircraft[0].dataLink[14],actualCapacity:mean,source,computeActualCapacity,
Exponential-capacity-3229-20210301-21:50:10-11282,scalar,Aerocom.aircraft[0].dataLink[15],sentPackets:count,,,1008
Exponential-capacity-3229-20210301-21:50:10-11282,attr,Aerocom.aircraft[0].dataLink[15],sentPackets:count,source,computeSentPackets,
Exponential-capacity-3229-20210301-21:50:10-11282,scalar,Aerocom.aircraft[0].dataLink[15],actualCapacity:mean,,,9395.5926133184
Exponential-capacity-3229-20210301-21:50:10-11282,attr,Aerocom.aircraft[0].dataLink[15],actualCapacity:mean,,,
Exponential-capacity-3229-20210301-21:50:10-11282,attr,Aerocom.aircraft[0].dataLink[15],actualCapacity:mean,source,computeActualCapacity,
Exponential-capacity-3229-20210301-21:50:10-11282,scalar,Aerocom.controlTower,receivedPackets:count,,,19616
Exponential-capacity-3229-20210301-21:50:10-11282,attr,Aerocom.controlTower,receivedPackets:count,source,computeReceivedPackets,
Exponential-capacity-3203-20210301-21:50:09-11267,scalar,Aerocom.aircraft[0].linkSelector,responseTime:mean,,,0.56462599849369
Exponential-capacity-3203-20210301-21:50:09-11267,attr,Aerocom.aircraft[0].linkSelector,responseTime:mean,,,
Exponential-capacity-3203-20210301-21:50:09-11267,attr,Aerocom.aircraft[0].linkSelector,responseTime:mean,source,computeResponseTime,
Exponential-capacity-3203-20210301-21:50:09-11267,scalar,Aerocom.aircraft[0].linkSelector,meanMalus:sum,,,12906
Exponential-capacity-3203-20210301-21:50:09-11267,attr,Aerocom.aircraft[0].linkSelector,meanMalus:sum,,,
Exponential-capacity-3203-20210301-21:50:09-11267,attr,Aerocom.aircraft[0].linkSelector,meanMalus:sum,source,computeMeanMalus,
Exponential-capacity-3203-20210301-21:50:09-11267,scalar,Aerocom.aircraft[0].linkSelector,waitingTime:mean,,,0.55747361403727
Exponential-capacity-3203-20210301-21:50:09-11267,attr,Aerocom.aircraft[0].linkSelector,waitingTime:mean,,,
Exponential-capacity-3203-20210301-21:50:09-11267,attr,Aerocom.aircraft[0].linkSelector,waitingTime:mean,source,computeWaitingTime,
Exponential-capacity-3203-20210301-21:50:09-11267,scalar,Aerocom.aircraft[0].linkSelector,serviceTime:mean,,,0.0071986820145174
Exponential-capacity-3203-20210301-21:50:09-11267,attr,Aerocom.aircraft[0].linkSelector,serviceTime:mean,,,
Exponential-capacity-3203-20210301-21:50:09-11267,attr,Aerocom.aircraft[0].linkSelector,serviceTime:mean,source,computeServiceTime,
Exponential-capacity-3203-20210301-21:50:09-11267,scalar,Aerocom.aircraft[0].linkSelector,queueLength:mean,,,28.278337790578
Exponential-capacity-3203-20210301-21:50:09-11267,attr,Aerocom.aircraft[0].linkSelector,queueLength:mean,,,
Exponential-capacity-3203-20210301-21:50:09-11267,attr,Aerocom.aircraft[0].linkSelector,queueLength:mean,source,computeQueueLength,
Exponential-capacity-3203-20210301-21:50:09-11267,scalar,Aerocom.aircraft[0].dataLink[0],sentPackets:count,,,1475
Exponential-capacity-3203-20210301-21:50:09-11267,attr,Aerocom.aircraft[0].dataLink[0],sentPackets:count,source,computeSentPackets,
Exponential-capacity-3203-20210301-21:50:09-11267,scalar,Aerocom.aircraft[0].dataLink[0],actualCapacity:mean,,,9549.7405764967
Exponential-capacity-3203-20210301-21:50:09-11267,attr,Aerocom.aircraft[0].dataLink[0],actualCapacity:mean,,,
Exponential-capacity-3203-20210301-21:50:09-11267,attr,Aerocom.aircraft[0].dataLink[0],actualCapacity:mean,source,computeActualCapacity,
Exponential-capacity-3203-20210301-21:50:09-11267,scalar,Aerocom.aircraft[0].dataLink[1],sentPackets:count,,,1872
Exponential-capacity-3203-20210301-21:50:09-11267,attr,Aerocom.aircraft[0].dataLink[1],sentPackets:count,source,computeSentPackets,
Exponential-capacity-3203-20210301-21:50:09-11267,scalar,Aerocom.aircraft[0].dataLink[1],actualCapacity:mean,,,9478.0421686747
Exponential-capacity-3203-20210301-21:50:09-11267,attr,Aerocom.aircraft[0].dataLink[1],actualCapacity:mean,,,
Exponential-capacity-3203-20210301-21:50:09-11267,attr,Aerocom.aircraft[0].dataLink[1],actualCapacity:mean,source,computeActualCapacity,
Exponential-capacity-3203-20210301-21:50:09-11267,scalar,Aerocom.aircraft[0].dataLink[2],sentPackets:count,,,721
Exponential-capacity-3203-20210301-21:50:09-11267,attr,Aerocom.aircraft[0].dataLink[2],sentPackets:count,source,computeSentPackets,
Exponential-capacity-3203-20210301-21:50:09-11267,scalar,Aerocom.aircraft[0].dataLink[2],actualCapacity:mean,,,9263.9900066622
Exponential-capacity-3203-20210301-21:50:09-11267,attr,Aerocom.aircraft[0].dataLink[2],actualCapacity:mean,,,
Exponential-capacity-3203-20210301-21:50:09-11267,attr,Aerocom.aircraft[0].dataLink[2],actualCapacity:mean,source,computeActualCapacity,
Exponential-capacity-3203-20210301-21:50:09-11267,scalar,Aerocom.aircraft[0].dataLink[3],sentPackets:count,,,1882
Exponential-capacity-3203-20210301-21:50:09-11267,attr,Aerocom.aircraft[0].dataLink[3],sentPackets:count,source,computeSentPackets,
Exponential-capacity-3203-20210301-21:50:09-11267,scalar,Aerocom.aircraft[0].dataLink[3],actualCapacity:mean,,,9568.6509966153
Exponential-capacity-3203-20210301-21:50:09-11267,attr,Aerocom.aircraft[0].dataLink[3],actualCapacity:mean,,,
Exponential-capacity-3203-20210301-21:50:09-11267,attr,Aerocom.aircraft[0].dataLink[3],actualCapacity:mean,source,computeActualCapacity,
Exponential-capacity-3203-20210301-21:50:09-11267,scalar,Aerocom.aircraft[0].dataLink[4],sentPackets:count,,,993
Exponential-capacity-3203-20210301-21:50:09-11267,attr,Aerocom.aircraft[0].dataLink[4],sentPackets:count,source,computeSentPackets,
Exponential-capacity-3203-20210301-21:50:09-11267,scalar,Aerocom.aircraft[0].dataLink[4],actualCapacity:mean,,,9370.932356257
Exponential-capacity-3203-20210301-21:50:09-11267,attr,Aerocom.aircraft[0].dataLink[4],actualCapacity:mean,,,
Exponential-capacity-3203-20210301-21:50:09-11267,attr,Aerocom.aircraft[0].dataLink[4],actualCapacity:mean,source,computeActualCapacity,
Exponential-capacity-3203-20210301-21:50:09-11267,scalar,Aerocom.aircraft[0].dataLink[5],sentPackets:count,,,1227
Exponential-capacity-3203-20210301-21:50:09-11267,attr,Aerocom.aircraft[0].dataLink[5],sentPackets:count,source,computeSentPackets,
Exponential-capacity-3203-20210301-21:50:09-11267,scalar,Aerocom.aircraft[0].dataLink[5],actualCapacity:mean,,,9437.129288911
Exponential-capacity-3203-20210301-21:50:09-11267,attr,Aerocom.aircraft[0].dataLink[5],actualCapacity:mean,,,
Exponential-capacity-3203-20210301-21:50:09-11267,attr,Aerocom.aircraft[0].dataLink[5],actualCapacity:mean,source,computeActualCapacity,
Exponential-capacity-3203-20210301-21:50:09-11267,scalar,Aerocom.aircraft[0].dataLink[6],sentPackets:count,,,631
Exponential-capacity-3203-20210301-21:50:09-11267,attr,Aerocom.aircraft[0].dataLink[6],sentPackets:count,source,computeSentPackets,
Exponential-capacity-3203-20210301-21:50:09-11267,scalar,Aerocom.aircraft[0].dataLink[6],actualCapacity:mean,,,9279.492917847
Exponential-capacity-3203-20210301-21:50:09-11267,attr,Aerocom.aircraft[0].dataLink[6],actualCapacity:mean,,,
Exponential-capacity-3203-20210301-21:50:09-11267,attr,Aerocom.aircraft[0].dataLink[6],actualCapacity:mean,source,computeActualCapacity,
Exponential-capacity-3203-20210301-21:50:09-11267,scalar,Aerocom.aircraft[0].dataLink[7],sentPackets:count,,,1242
Exponential-capacity-3203-20210301-21:50:09-11267,attr,Aerocom.aircraft[0].dataLink[7],sentPackets:count,source,computeSentPackets,
Exponential-capacity-3203-20210301-21:50:09-11267,scalar,Aerocom.aircraft[0].dataLink[7],actualCapacity:mean,,,9422.655308642
Exponential-capacity-3203-20210301-21:50:09-11267,attr,Aerocom.aircraft[0].dataLink[7],actualCapacity:mean,,,
Exponential-capacity-3203-20210301-21:50:09-11267,attr,Aerocom.aircraft[0].dataLink[7],actualCapacity:mean,source,computeActualCapacity,
Exponential-capacity-3203-20210301-21:50:09-11267,scalar,Aerocom.aircraft[0].dataLink[8],sentPackets:count,,,909
Exponential-capacity-3203-20210301-21:50:09-11267,attr,Aerocom.aircraft[0].dataLink[8],sentPackets:count,source,computeSentPackets,
Exponential-capacity-3203-20210301-21:50:09-11267,scalar,Aerocom.aircraft[0].dataLink[8],actualCapacity:mean,,,9304.9386430678
Exponential-capacity-3203-20210301-21:50:09-11267,attr,Aerocom.aircraft[0].dataLink[8],actualCapacity:mean,,,
Exponential-capacity-3203-20210301-21:50:09-11267,attr,Aerocom.aircraft[0].dataLink[8],actualCapacity:mean,source,computeActualCapacity,
Exponential-capacity-3203-20210301-21:50:09-11267,scalar,Aerocom.aircraft[0].dataLink[9],sentPackets:count,,,576
Exponential-capacity-3203-20210301-21:50:09-11267,attr,Aerocom.aircraft[0].dataLink[9],sentPackets:count,source,computeSentPackets,
Exponential-capacity-3203-20210301-21:50:09-11267,scalar,Aerocom.aircraft[0].dataLink[9],actualCapacity:mean,,,9346.4612546125
Exponential-capacity-3203-20210301-21:50:09-11267,attr,Aerocom.aircraft[0].dataLink[9],actualCapacity:mean,,,
Exponential-capacity-3203-20210301-21:50:09-11267,attr,Aerocom.aircraft[0].dataLink[9],actualCapacity:mean,source,computeActualCapacity,
Exponential-capacity-3203-20210301-21:50:09-11267,scalar,Aerocom.aircraft[0].dataLink[10],sentPackets:count,,,1805
Exponential-capacity-3203-20210301-21:50:09-11267,attr,Aerocom.aircraft[0].dataLink[10],sentPackets:count,source,computeSentPackets,
Exponential-capacity-3203-20210301-21:50:09-11267,scalar,Aerocom.aircraft[0].dataLink[10],actualCapacity:mean,,,9529.6183294664
Exponential-capacity-3203-20210301-21:50:09-11267,attr,Aerocom.aircraft[0].dataLink[10],actualCapacity:mean,,,
Exponential-capacity-3203-20210301-21:50:09-11267,attr,Aerocom.aircraft[0].dataLink[10],actualCapacity:mean,source,computeActualCapacity,
Exponential-capacity-3203-20210301-21:50:09-11267,scalar,Aerocom.aircraft[0].dataLink[11],sentPackets:count,,,1145
Exponential-capacity-3203-20210301-21:50:09-11267,attr,Aerocom.aircraft[0].dataLink[11],sentPackets:count,source,computeSentPackets,
Exponential-capacity-3203-20210301-21:50:09-11267,scalar,Aerocom.aircraft[0].dataLink[11],actualCapacity:mean,,,9462.1949064449
Exponential-capacity-3203-20210301-21:50:09-11267,attr,Aerocom.aircraft[0].dataLink[11],actualCapacity:mean,,,
Exponential-capacity-3203-20210301-21:50:09-11267,attr,Aerocom.aircraft[0].dataLink[11],actualCapacity:mean,source,computeActualCapacity,
Exponential-capacity-3203-20210301-21:50:09-11267,scalar,Aerocom.aircraft[0].dataLink[12],sentPackets:count,,,597
Exponential-capacity-3203-20210301-21:50:09-11267,attr,Aerocom.aircraft[0].dataLink[12],sentPackets:count,source,computeSentPackets,
Exponential-capacity-3203-20210301-21:50:09-11267,scalar,Aerocom.aircraft[0].dataLink[12],actualCapacity:mean,,,9254.8
Exponential-capacity-3203-20210301-21:50:09-11267,attr,Aerocom.aircraft[0].dataLink[12],actualCapacity:mean,,,
Exponential-capacity-3203-20210301-21:50:09-11267,attr,Aerocom.aircraft[0].dataLink[12],actualCapacity:mean,source,computeActualCapacity,
Exponential-capacity-3203-20210301-21:50:09-11267,scalar,Aerocom.aircraft[0].dataLink[13],sentPackets:count,,,1022
Exponential-capacity-3203-20210301-21:50:09-11267,attr,Aerocom.aircraft[0].dataLink[13],sentPackets:count,source,computeSentPackets,
Exponential-capacity-3203-20210301-21:50:09-11267,scalar,Aerocom.aircraft[0].dataLink[13],actualCapacity:mean,,,9402.3390677026
Exponential-capacity-3203-20210301-21:50:09-11267,attr,Aerocom.aircraft[0].dataLink[13],actualCapacity:mean,,,
Exponential-capacity-3203-20210301-21:50:09-11267,attr,Aerocom.aircraft[0].dataLink[13],actualCapacity:mean,source,computeActualCapacity,
Exponential-capacity-3203-20210301-21:50:09-11267,scalar,Aerocom.aircraft[0].dataLink[14],sentPackets:count,,,2011
Exponential-capacity-3203-20210301-21:50:09-11267,attr,Aerocom.aircraft[0].dataLink[14],sentPackets:count,source,computeSentPackets,
Exponential-capacity-3203-20210301-21:50:09-11267,scalar,Aerocom.aircraft[0].dataLink[14],actualCapacity:mean,,,9586.4601865136
Exponential-capacity-3203-20210301-21:50:09-11267,attr,Aerocom.aircraft[0].dataLink[14],actualCapacity:mean,,,
Exponential-capacity-3203-20210301-21:50:09-11267,attr,Aerocom.aircraft[0].dataLink[14],actualCapacity:mean,source,computeActualCapacity,
Exponential-capacity-3203-20210301-21:50:09-11267,scalar,Aerocom.aircraft[0].dataLink[15],sentPackets:count,,,1335
Exponential-capacity-3203-20210301-21:50:09-11267,attr,Aerocom.aircraft[0].dataLink[15],sentPackets:count,source,computeSentPackets,
Exponential-capacity-3203-20210301-21:50:09-11267,scalar,Aerocom.aircraft[0].dataLink[15],actualCapacity:mean,,,9444.1572980633
Exponential-capacity-3203-20210301-21:50:09-11267,attr,Aerocom.aircraft[0].dataLink[15],actualCapacity:mean,,,
Exponential-capacity-3203-20210301-21:50:09-11267,attr,Aerocom.aircraft[0].dataLink[15],actualCapacity:mean,source,computeActualCapacity,
Exponential-capacity-3203-20210301-21:50:09-11267,scalar,Aerocom.controlTower,receivedPackets:count,,,19443
Exponential-capacity-3203-20210301-21:50:09-11267,attr,Aerocom.controlTower,receivedPackets:count,source,computeReceivedPackets,
Exponential-capacity-3230-20210301-21:50:10-11282,scalar,Aerocom.aircraft[0].linkSelector,responseTime:mean,,,0.54352675312957
Exponential-capacity-3230-20210301-21:50:10-11282,attr,Aerocom.aircraft[0].linkSelector,responseTime:mean,,,
Exponential-capacity-3230-20210301-21:50:10-11282,attr,Aerocom.aircraft[0].linkSelector,responseTime:mean,source,computeResponseTime,
Exponential-capacity-3230-20210301-21:50:10-11282,scalar,Aerocom.aircraft[0].linkSelector,meanMalus:sum,,,12766
Exponential-capacity-3230-20210301-21:50:10-11282,attr,Aerocom.aircraft[0].linkSelector,meanMalus:sum,,,
Exponential-capacity-3230-20210301-21:50:10-11282,attr,Aerocom.aircraft[0].linkSelector,meanMalus:sum,source,computeMeanMalus,
Exponential-capacity-3230-20210301-21:50:10-11282,scalar,Aerocom.aircraft[0].linkSelector,waitingTime:mean,,,0.53633398648732
Exponential-capacity-3230-20210301-21:50:10-11282,attr,Aerocom.aircraft[0].linkSelector,waitingTime:mean,,,
Exponential-capacity-3230-20210301-21:50:10-11282,attr,Aerocom.aircraft[0].linkSelector,waitingTime:mean,source,computeWaitingTime,
Exponential-capacity-3230-20210301-21:50:10-11282,scalar,Aerocom.aircraft[0].linkSelector,serviceTime:mean,,,0.0071927666422736
Exponential-capacity-3230-20210301-21:50:10-11282,attr,Aerocom.aircraft[0].linkSelector,serviceTime:mean,,,
Exponential-capacity-3230-20210301-21:50:10-11282,attr,Aerocom.aircraft[0].linkSelector,serviceTime:mean,source,computeServiceTime,
Exponential-capacity-3230-20210301-21:50:10-11282,scalar,Aerocom.aircraft[0].linkSelector,queueLength:mean,,,27.14438639623
Exponential-capacity-3230-20210301-21:50:10-11282,attr,Aerocom.aircraft[0].linkSelector,queueLength:mean,,,
Exponential-capacity-3230-20210301-21:50:10-11282,attr,Aerocom.aircraft[0].linkSelector,queueLength:mean,source,computeQueueLength,
Exponential-capacity-3230-20210301-21:50:10-11282,scalar,Aerocom.aircraft[0].dataLink[0],sentPackets:count,,,1014
Exponential-capacity-3230-20210301-21:50:10-11282,attr,Aerocom.aircraft[0].dataLink[0],sentPackets:count,source,computeSentPackets,
Exponential-capacity-3230-20210301-21:50:10-11282,scalar,Aerocom.aircraft[0].dataLink[0],actualCapacity:mean,,,9384.7031684269
Exponential-capacity-3230-20210301-21:50:10-11282,attr,Aerocom.aircraft[0].dataLink[0],actualCapacity:mean,,,
Exponential-capacity-3230-20210301-21:50:10-11282,attr,Aerocom.aircraft[0].dataLink[0],actualCapacity:mean,source,computeActualCapacity,
Exponential-capacity-3230-20210301-21:50:10-11282,scalar,Aerocom.aircraft[0].dataLink[1],sentPackets:count,,,1133
Exponential-capacity-3230-20210301-21:50:10-11282,attr,Aerocom.aircraft[0].dataLink[1],sentPackets:count,source,computeSentPackets,
Exponential-capacity-3230-20210301-21:50:10-11282,scalar,Aerocom.aircraft[0].dataLink[1],actualCapacity:mean,,,9426.1350364964
Exponential-capacity-3230-20210301-21:50:10-11282,attr,Aerocom.aircraft[0].dataLink[1],actualCapacity:mean,,,
Exponential-capacity-3230-20210301-21:50:10-11282,attr,Aerocom.aircraft[0].dataLink[1],actualCapacity:mean,source,computeActualCapacity,
Exponential-capacity-3230-20210301-21:50:10-11282,scalar,Aerocom.aircraft[0].dataLink[2],sentPackets:count,,,988
Exponential-capacity-3230-20210301-21:50:10-11282,attr,Aerocom.aircraft[0].dataLink[2],sentPackets:count,source,computeSentPackets,
Exponential-capacity-3230-20210301-21:50:10-11282,scalar,Aerocom.aircraft[0].dataLink[2],actualCapacity:mean,,,9371.8254957507
Exponential-capacity-3230-20210301-21:50:10-11282,attr,Aerocom.aircraft[0].dataLink[2],actualCapacity:mean,,,
Exponential-capacity-3230-20210301-21:50:10-11282,attr,Aerocom.aircraft[0].dataLink[2],actualCapacity:mean,source,computeActualCapacity,
Exponential-capacity-3230-20210301-21:50:10-11282,scalar,Aerocom.aircraft[0].dataLink[3],sentPackets:count,,,1535
Exponential-capacity-3230-20210301-21:50:10-11282,attr,Aerocom.aircraft[0].dataLink[3],sentPackets:count,source,computeSentPackets,
Exponential-capacity-3230-20210301-21:50:10-11282,scalar,Aerocom.aircraft[0].dataLink[3],actualCapacity:mean,,,9530.5781519862
Exponential-capacity-3230-20210301-21:50:10-11282,attr,Aerocom.aircraft[0].dataLink[3],actualCapacity:mean,,,
Exponential-capacity-3230-20210301-21:50:10-11282,attr,Aerocom.aircraft[0].dataLink[3],actualCapacity:mean,source,computeActualCapacity,
Exponential-capacity-3230-20210301-21:50:10-11282,scalar,Aerocom.aircraft[0].dataLink[4],sentPackets:count,,,964
Exponential-capacity-3230-20210301-21:50:10-11282,attr,Aerocom.aircraft[0].dataLink[4],sentPackets:count,source,computeSentPackets,
Exponential-capacity-3230-20210301-21:50:10-11282,scalar,Aerocom.aircraft[0].dataLink[4],actualCapacity:mean,,,9404.4554341576
Exponential-capacity-3230-20210301-21:50:10-11282,attr,Aerocom.aircraft[0].dataLink[4],actualCapacity:mean,,,
Exponential-capacity-3230-20210301-21:50:10-11282,attr,Aerocom.aircraft[0].dataLink[4],actualCapacity:mean,source,computeActualCapacity,
Exponential-capacity-3230-20210301-21:50:10-11282,scalar,Aerocom.aircraft[0].dataLink[5],sentPackets:count,,,1306
Exponential-capacity-3230-20210301-21:50:10-11282,attr,Aerocom.aircraft[0].dataLink[5],sentPackets:count,source,computeSentPackets,
Exponential-capacity-3230-20210301-21:50:10-11282,scalar,Aerocom.aircraft[0].dataLink[5],actualCapacity:mean,,,9487.9212674028
Exponential-capacity-3230-20210301-21:50:10-11282,attr,Aerocom.aircraft[0].dataLink[5],actualCapacity:mean,,,
Exponential-capacity-3230-20210301-21:50:10-11282,attr,Aerocom.aircraft[0].dataLink[5],actualCapacity:mean,source,computeActualCapacity,
Exponential-capacity-3230-20210301-21:50:10-11282,scalar,Aerocom.aircraft[0].dataLink[6],sentPackets:count,,,1934
Exponential-capacity-3230-20210301-21:50:10-11282,attr,Aerocom.aircraft[0].dataLink[6],sentPackets:count,source,computeSentPackets,
Exponential-capacity-3230-20210301-21:50:10-11282,scalar,Aerocom.aircraft[0].dataLink[6],actualCapacity:mean,,,9544.8428624124
Exponential-capacity-3230-20210301-21:50:10-11282,attr,Aerocom.aircraft[0].dataLink[6],actualCapacity:mean,,,
Exponential-capacity-3230-20210301-21:50:10-11282,attr,Aerocom.aircraft[0].dataLink[6],actualCapacity:mean,source,computeActualCapacity,
Exponential-capacity-3230-20210301-21:50:10-11282,scalar,Aerocom.aircraft[0].dataLink[7],sentPackets:count,,,1275
Exponential-capacity-3230-20210301-21:50:10-11282,attr,Aerocom.aircraft[0].dataLink[7],sentPackets:count,source,computeSentPackets,
Exponential-capacity-3230-20210301-21:50:10-11282,scalar,Aerocom.aircraft[0].dataLink[7],actualCapacity:mean,,,9439.032540068
Exponential-capacity-3230-20210301-21:50:10-11282,attr,Aerocom.aircraft[0].dataLink[7],actualCapacity:mean,,,
Exponential-capacity-3230-20210301-21:50:10-11282,attr,Aerocom.aircraft[0].dataLink[7],actualCapacity:mean,source,computeActualCapacity,
Exponential-capacity-3230-20210301-21:50:10-11282,scalar,Aerocom.aircraft[0].dataLink[8],sentPackets:count,,,2140
Exponential-capacity-3230-20210301-21:50:10-11282,attr,Aerocom.aircraft[0].dataLink[8],sentPackets:count,source,computeSentPackets,
Exponential-capacity-3230-20210301-21:50:10-11282,scalar,Aerocom.aircraft[0].dataLink[8],actualCapacity:mean,,,9559.1242299795
Exponential-capacity-3230-20210301-21:50:10-11282,attr,Aerocom.aircraft[0].dataLink[8],actualCapacity:mean,,,
Exponential-capacity-3230-20210301-21:50:10-11282,attr,Aerocom.aircraft[0].dataLink[8],actualCapacity:mean,source,computeActualCapacity,
Exponential-capacity-3230-20210301-21:50:10-11282,scalar,Aerocom.aircraft[0].dataLink[9],sentPackets:count,,,753
Exponential-capacity-3230-20210301-21:50:10-11282,attr,Aerocom.aircraft[0].dataLink[9],sentPackets:count,source,computeSentPackets,
Exponential-capacity-3230-20210301-21:50:10-11282,scalar,Aerocom.aircraft[0].dataLink[9],actualCapacity:mean,,,9327.3882352941
Exponential-capacity-3230-20210301-21:50:10-11282,attr,Aerocom.aircraft[0].dataLink[9],actualCapacity:mean,,,
Exponential-capacity-3230-20210301-21:50:10-11282,attr,Aerocom.aircraft[0].dataLink[9],actualCapacity:mean,source,computeActualCapacity,
Exponential-capacity-3230-20210301-21:50:10-11282,scalar,Aerocom.aircraft[0].dataLink[10],sentPackets:count,,,688
Exponential-capacity-3230-20210301-21:50:10-11282,attr,Aerocom.aircraft[0].dataLink[10],sentPackets:count,source,computeSentPackets,
Exponential-capacity-3230-20210301-21:50:10-11282,scalar,Aerocom.aircraft[0].dataLink[10],actualCapacity:mean,,,9309.8370824813
Exponential-capacity-3230-20210301-21:50:10-11282,attr,Aerocom.aircraft[0].dataLink[10],actualCapacity:mean,,,
Exponential-capacity-3230-20210301-21:50:10-11282,attr,Aerocom.aircraft[0].dataLink[10],actualCapacity:mean,source,computeActualCapacity,
Exponential-capacity-3230-20210301-21:50:10-11282,scalar,Aerocom.aircraft[0].dataLink[11],sentPackets:count,,,566
Exponential-capacity-3230-20210301-21:50:10-11282,attr,Aerocom.aircraft[0].dataLink[11],sentPackets:count,source,computeSentPackets,
Exponential-capacity-3230-20210301-21:50:10-11282,scalar,Aerocom.aircraft[0].dataLink[11],actualCapacity:mean,,,9306.547282204
Exponential-capacity-3230-20210301-21:50:10-11282,attr,Aerocom.aircraft[0].dataLink[11],actualCapacity:mean,,,
Exponential-capacity-3230-20210301-21:50:10-11282,attr,Aerocom.aircraft[0].dataLink[11],actualCapacity:mean,source,computeActualCapacity,
Exponential-capacity-3230-20210301-21:50:10-11282,scalar,Aerocom.aircraft[0].dataLink[12],sentPackets:count,,,1427
Exponential-capacity-3230-20210301-21:50:10-11282,attr,Aerocom.aircraft[0].dataLink[12],sentPackets:count,source,computeSentPackets,
Exponential-capacity-3230-20210301-21:50:10-11282,scalar,Aerocom.aircraft[0].dataLink[12],actualCapacity:mean,,,9445.7514685947
Exponential-capacity-3230-20210301-21:50:10-11282,attr,Aerocom.aircraft[0].dataLink[12],actualCapacity:mean,,,
Exponential-capacity-3230-20210301-21:50:10-11282,attr,Aerocom.aircraft[0].dataLink[12],actualCapacity:mean,source,computeActualCapacity,
Exponential-capacity-3230-20210301-21:50:10-11282,scalar,Aerocom.aircraft[0].dataLink[13],sentPackets:count,,,1498
Exponential-capacity-3230-20210301-21:50:10-11282,attr,Aerocom.aircraft[0].dataLink[13],sentPackets:count,source,computeSentPackets,
Exponential-capacity-3230-20210301-21:50:10-11282,scalar,Aerocom.aircraft[0].dataLink[13],actualCapacity:mean,,,9515.8781770377
Exponential-capacity-3230-20210301-21:50:10-11282,attr,Aerocom.aircraft[0].dataLink[13],actualCapacity:mean,,,
Exponential-capacity-3230-20210301-21:50:10-11282,attr,Aerocom.aircraft[0].dataLink[13],actualCapacity:mean,source,computeActualCapacity,
Exponential-capacity-3230-20210301-21:50:10-11282,scalar,Aerocom.aircraft[0].dataLink[14],sentPackets:count,,,1407
Exponential-capacity-3230-20210301-21:50:10-11282,attr,Aerocom.aircraft[0].dataLink[14],sentPackets:count,source,computeSentPackets,
Exponential-capacity-3230-20210301-21:50:10-11282,scalar,Aerocom.aircraft[0].dataLink[14],actualCapacity:mean,,,9462.7974452555
Exponential-capacity-3230-20210301-21:50:10-11282,attr,Aerocom.aircraft[0].dataLink[14],actualCapacity:mean,,,
Exponential-capacity-3230-20210301-21:50:10-11282,attr,Aerocom.aircraft[0].dataLink[14],actualCapacity:mean,source,computeActualCapacity,
Exponential-capacity-3230-20210301-21:50:10-11282,scalar,Aerocom.aircraft[0].dataLink[15],sentPackets:count,,,896
Exponential-capacity-3230-20210301-21:50:10-11282,attr,Aerocom.aircraft[0].dataLink[15],sentPackets:count,source,computeSentPackets,
Exponential-capacity-3230-20210301-21:50:10-11282,scalar,Aerocom.aircraft[0].dataLink[15],actualCapacity:mean,,,9352.7334919691
Exponential-capacity-3230-20210301-21:50:10-11282,attr,Aerocom.aircraft[0].dataLink[15],actualCapacity:mean,,,
Exponential-capacity-3230-20210301-21:50:10-11282,attr,Aerocom.aircraft[0].dataLink[15],actualCapacity:mean,source,computeActualCapacity,
Exponential-capacity-3230-20210301-21:50:10-11282,scalar,Aerocom.controlTower,receivedPackets:count,,,19524
Exponential-capacity-3230-20210301-21:50:10-11282,attr,Aerocom.controlTower,receivedPackets:count,source,computeReceivedPackets,
Exponential-capacity-3231-20210301-21:50:11-11282,scalar,Aerocom.aircraft[0].linkSelector,responseTime:mean,,,0.61801211235905
Exponential-capacity-3231-20210301-21:50:11-11282,attr,Aerocom.aircraft[0].linkSelector,responseTime:mean,,,
Exponential-capacity-3231-20210301-21:50:11-11282,attr,Aerocom.aircraft[0].linkSelector,responseTime:mean,source,computeResponseTime,
Exponential-capacity-3231-20210301-21:50:11-11282,scalar,Aerocom.aircraft[0].linkSelector,meanMalus:sum,,,14592
Exponential-capacity-3231-20210301-21:50:11-11282,attr,Aerocom.aircraft[0].linkSelector,meanMalus:sum,,,
Exponential-capacity-3231-20210301-21:50:11-11282,attr,Aerocom.aircraft[0].linkSelector,meanMalus:sum,source,computeMeanMalus,
Exponential-capacity-3231-20210301-21:50:11-11282,scalar,Aerocom.aircraft[0].linkSelector,waitingTime:mean,,,0.61084682484397
Exponential-capacity-3231-20210301-21:50:11-11282,attr,Aerocom.aircraft[0].linkSelector,waitingTime:mean,,,
Exponential-capacity-3231-20210301-21:50:11-11282,attr,Aerocom.aircraft[0].linkSelector,waitingTime:mean,source,computeWaitingTime,
Exponential-capacity-3231-20210301-21:50:11-11282,scalar,Aerocom.aircraft[0].linkSelector,serviceTime:mean,,,0.0072060096153271
Exponential-capacity-3231-20210301-21:50:11-11282,attr,Aerocom.aircraft[0].linkSelector,serviceTime:mean,,,
Exponential-capacity-3231-20210301-21:50:11-11282,attr,Aerocom.aircraft[0].linkSelector,serviceTime:mean,source,computeServiceTime,
Exponential-capacity-3231-20210301-21:50:11-11282,scalar,Aerocom.aircraft[0].linkSelector,queueLength:mean,,,30.809785117185
Exponential-capacity-3231-20210301-21:50:11-11282,attr,Aerocom.aircraft[0].linkSelector,queueLength:mean,,,
Exponential-capacity-3231-20210301-21:50:11-11282,attr,Aerocom.aircraft[0].linkSelector,queueLength:mean,source,computeQueueLength,
Exponential-capacity-3231-20210301-21:50:11-11282,scalar,Aerocom.aircraft[0].dataLink[0],sentPackets:count,,,1853
Exponential-capacity-3231-20210301-21:50:11-11282,attr,Aerocom.aircraft[0].dataLink[0],sentPackets:count,source,computeSentPackets,
Exponential-capacity-3231-20210301-21:50:11-11282,scalar,Aerocom.aircraft[0].dataLink[0],actualCapacity:mean,,,9574.4243346008
Exponential-capacity-3231-20210301-21:50:11-11282,attr,Aerocom.aircraft[0].dataLink[0],actualCapacity:mean,,,
Exponential-capacity-3231-20210301-21:50:11-11282,attr,Aerocom.aircraft[0].dataLink[0],actualCapacity:mean,source,computeActualCapacity,
Exponential-capacity-3231-20210301-21:50:11-11282,scalar,Aerocom.aircraft[0].dataLink[1],sentPackets:count,,,1260
Exponential-capacity-3231-20210301-21:50:11-11282,attr,Aerocom.aircraft[0].dataLink[1],sentPackets:count,source,computeSentPackets,
Exponential-capacity-3231-20210301-21:50:11-11282,scalar,Aerocom.aircraft[0].dataLink[1],actualCapacity:mean,,,9407.4765395894
Exponential-capacity-3231-20210301-21:50:11-11282,attr,Aerocom.aircraft[0].dataLink[1],actualCapacity:mean,,,
Exponential-capacity-3231-20210301-21:50:11-11282,attr,Aerocom.aircraft[0].dataLink[1],actualCapacity:mean,source,computeActualCapacity,
Exponential-capacity-3231-20210301-21:50:11-11282,scalar,Aerocom.aircraft[0].dataLink[2],sentPackets:count,,,644
Exponential-capacity-3231-20210301-21:50:11-11282,attr,Aerocom.aircraft[0].dataLink[2],sentPackets:count,source,computeSentPackets,
Exponential-capacity-3231-20210301-21:50:11-11282,scalar,Aerocom.aircraft[0].dataLink[2],actualCapacity:mean,,,9306.5966268447
Exponential-capacity-3231-20210301-21:50:11-11282,attr,Aerocom.aircraft[0].dataLink[2],actualCapacity:mean,,,
Exponential-capacity-3231-20210301-21:50:11-11282,attr,Aerocom.aircraft[0].dataLink[2],actualCapacity:mean,source,computeActualCapacity,
Exponential-capacity-3231-20210301-21:50:11-11282,scalar,Aerocom.aircraft[0].dataLink[3],sentPackets:count,,,599
Exponential-capacity-3231-20210301-21:50:11-11282,attr,Aerocom.aircraft[0].dataLink[3],sentPackets:count,source,computeSentPackets,
Exponential-capacity-3231-20210301-21:50:11-11282,scalar,Aerocom.aircraft[0].dataLink[3],actualCapacity:mean,,,9282.0755813953
Exponential-capacity-3231-20210301-21:50:11-11282,attr,Aerocom.aircraft[0].dataLink[3],actualCapacity:mean,,,
Exponential-capacity-3231-20210301-21:50:11-11282,attr,Aerocom.aircraft[0].dataLink[3],actualCapacity:mean,source,computeActualCapacity,
Exponential-capacity-3231-20210301-21:50:11-11282,scalar,Aerocom.aircraft[0].dataLink[4],sentPackets:count,,,475
Exponential-capacity-3231-20210301-21:50:11-11282,attr,Aerocom.aircraft[0].dataLink[4],sentPackets:count,source,computeSentPackets,
Exponential-capacity-3231-20210301-21:50:11-11282,scalar,Aerocom.aircraft[0].dataLink[4],actualCapacity:mean,,,9190.2704852824
Exponential-capacity-3231-20210301-21:50:11-11282,attr,Aerocom.aircraft[0].dataLink[4],actualCapacity:mean,,,
Exponential-capacity-3231-20210301-21:50:11-11282,attr,Aerocom.aircraft[0].dataLink[4],actualCapacity:mean,source,computeActualCapacity,
Exponential-capacity-3231-20210301-21:50:11-11282,scalar,Aerocom.aircraft[0].dataLink[5],sentPackets:count,,,1633
Exponential-capacity-3231-20210301-21:50:11-11282,attr,Aerocom.aircraft[0].dataLink[5],sentPackets:count,source,computeSentPackets,
Exponential-capacity-3231-20210301-21:50:11-11282,scalar,Aerocom.aircraft[0].dataLink[5],actualCapacity:mean,,,9478.068266446
Exponential-capacity-3231-20210301-21:50:11-11282,attr,Aerocom.aircraft[0].dataLink[5],actualCapacity:mean,,,
Exponential-capacity-3231-20210301-21:50:11-11282,attr,Aerocom.aircraft[0].dataLink[5],actualCapacity:mean,source,computeActualCapacity,
Exponential-capacity-3231-20210301-21:50:11-11282,scalar,Aerocom.aircraft[0].dataLink[6],sentPackets:count,,,1932
Exponential-capacity-3231-20210301-21:50:11-11282,attr,Aerocom.aircraft[0].dataLink[6],sentPackets:count,source,computeSentPackets,
Exponential-capacity-3231-20210301-21:50:11-11282,scalar,Aerocom.aircraft[0].dataLink[6],actualCapacity:mean,,,9522.6046511628
Exponential-capacity-3231-20210301-21:50:11-11282,attr,Aerocom.aircraft[0].dataLink[6],actualCapacity:mean,,,
Exponential-capacity-3231-20210301-21:50:11-11282,attr,Aerocom.aircraft[0].dataLink[6],actualCapacity:mean,source,computeActualCapacity,
Exponential-capacity-3231-20210301-21:50:11-11282,scalar,Aerocom.aircraft[0].dataLink[7],sentPackets:count,,,1804
Exponential-capacity-3231-20210301-21:50:11-11282,attr,Aerocom.aircraft[0].dataLink[7],sentPackets:count,source,computeSentPackets,
Exponential-capacity-3231-20210301-21:50:11-11282,scalar,Aerocom.aircraft[0].dataLink[7],actualCapacity:mean,,,9529.450813323
Exponential-capacity-3231-20210301-21:50:11-11282,attr,Aerocom.aircraft[0].dataLink[7],actualCapacity:mean,,,
Exponential-capacity-3231-20210301-21:50:11-11282,attr,Aerocom.aircraft[0].dataLink[7],actualCapacity:mean,source,computeActualCapacity,
Exponential-capacity-3231-20210301-21:50:11-11282,scalar,Aerocom.aircraft[0].dataLink[8],sentPackets:count,,,982
Exponential-capacity-3231-20210301-21:50:11-11282,attr,Aerocom.aircraft[0].dataLink[8],sentPackets:count,source,computeSentPackets,
Exponential-capacity-3231-20210301-21:50:11-11282,scalar,Aerocom.aircraft[0].dataLink[8],actualCapacity:mean,,,9368.9179400113
Exponential-capacity-3231-20210301-21:50:11-11282,attr,Aerocom.aircraft[0].dataLink[8],actualCapacity:mean,,,
Exponential-capacity-3231-20210301-21:50:11-11282,attr,Aerocom.aircraft[0].dataLink[8],actualCapacity:mean,source,computeActualCapacity,
Exponential-capacity-3231-20210301-21:50:11-11282,scalar,Aerocom.aircraft[0].dataLink[9],sentPackets:count,,,518
Exponential-capacity-3231-20210301-21:50:11-11282,attr,Aerocom.aircraft[0].dataLink[9],sentPackets:count,source,computeSentPackets,
Exponential-capacity-3231-20210301-21:50:11-11282,scalar,Aerocom.aircraft[0].dataLink[9],actualCapacity:mean,,,9255.2876923077
Exponential-capacity-3231-20210301-21:50:11-11282,attr,Aerocom.aircraft[0].dataLink[9],actualCapacity:mean,,,
Exponential-capacity-3231-20210301-21:50:11-11282,attr,Aerocom.aircraft[0].dataLink[9],actualCapacity:mean,source,computeActualCapacity,
Exponential-capacity-3231-20210301-21:50:11-11282,scalar,Aerocom.aircraft[0].dataLink[10],sentPackets:count,,,1676
Exponential-capacity-3231-20210301-21:50:11-11282,attr,Aerocom.aircraft[0].dataLink[10],sentPackets:count,source,computeSentPackets,
Exponential-capacity-3231-20210301-21:50:11-11282,scalar,Aerocom.aircraft[0].dataLink[10],actualCapacity:mean,,,9509.7355573637
Exponential-capacity-3231-20210301-21:50:11-11282,attr,Aerocom.aircraft[0].dataLink[10],actualCapacity:mean,,,
Exponential-capacity-3231-20210301-21:50:11-11282,attr,Aerocom.aircraft[0].dataLink[10],actualCapacity:mean,source,computeActualCapacity,
Exponential-capacity-3231-20210301-21:50:11-11282,scalar,Aerocom.aircraft[0].dataLink[11],sentPackets:count,,,739
Exponential-capacity-3231-20210301-21:50:11-11282,attr,Aerocom.aircraft[0].dataLink[11],sentPackets:count,source,computeSentPackets,
Exponential-capacity-3231-20210301-21:50:11-11282,scalar,Aerocom.aircraft[0].dataLink[11],actualCapacity:mean,,,9275.7019041366
Exponential-capacity-3231-20210301-21:50:11-11282,attr,Aerocom.aircraft[0].dataLink[11],actualCapacity:mean,,,
Exponential-capacity-3231-20210301-21:50:11-11282,attr,Aerocom.aircraft[0].dataLink[11],actualCapacity:mean,source,computeActualCapacity,
Exponential-capacity-3231-20210301-21:50:11-11282,scalar,Aerocom.aircraft[0].dataLink[12],sentPackets:count,,,1917
Exponential-capacity-3231-20210301-21:50:11-11282,attr,Aerocom.aircraft[0].dataLink[12],sentPackets:count,source,computeSentPackets,
Exponential-capacity-3231-20210301-21:50:11-11282,scalar,Aerocom.aircraft[0].dataLink[12],actualCapacity:mean,,,9518.5567086731
Exponential-capacity-3231-20210301-21:50:11-11282,attr,Aerocom.aircraft[0].dataLink[12],actualCapacity:mean,,,
Exponential-capacity-3231-20210301-21:50:11-11282,attr,Aerocom.aircraft[0].dataLink[12],actualCapacity:mean,source,computeActualCapacity,
Exponential-capacity-3231-20210301-21:50:11-11282,scalar,Aerocom.aircraft[0].dataLink[13],sentPackets:count,,,1631
Exponential-capacity-3231-20210301-21:50:11-11282,attr,Aerocom.aircraft[0].dataLink[13],sentPackets:count,source,computeSentPackets,
Exponential-capacity-3231-20210301-21:50:11-11282,scalar,Aerocom.aircraft[0].dataLink[13],actualCapacity:mean,,,9525.1325600663
Exponential-capacity-3231-20210301-21:50:11-11282,attr,Aerocom.aircraft[0].dataLink[13],actualCapacity:mean,,,
Exponential-capacity-3231-20210301-21:50:11-11282,attr,Aerocom.aircraft[0].dataLink[13],actualCapacity:mean,source,computeActualCapacity,
Exponential-capacity-3231-20210301-21:50:11-11282,scalar,Aerocom.aircraft[0].dataLink[14],sentPackets:count,,,608
Exponential-capacity-3231-20210301-21:50:11-11282,attr,Aerocom.aircraft[0].dataLink[14],sentPackets:count,source,computeSentPackets,
Exponential-capacity-3231-20210301-21:50:11-11282,scalar,Aerocom.aircraft[0].dataLink[14],actualCapacity:mean,,,9222.9992805755
Exponential-capacity-3231-20210301-21:50:11-11282,attr,Aerocom.aircraft[0].dataLink[14],actualCapacity:mean,,,
Exponential-capacity-3231-20210301-21:50:11-11282,attr,Aerocom.aircraft[0].dataLink[14],actualCapacity:mean,source,computeActualCapacity,
Exponential-capacity-3231-20210301-21:50:11-11282,scalar,Aerocom.aircraft[0].dataLink[15],sentPackets:count,,,1227
Exponential-capacity-3231-20210301-21:50:11-11282,attr,Aerocom.aircraft[0].dataLink[15],sentPackets:count,source,computeSentPackets,
Exponential-capacity-3231-20210301-21:50:11-11282,scalar,Aerocom.aircraft[0].dataLink[15],actualCapacity:mean,,,9427.2438902743
Exponential-capacity-3231-20210301-21:50:11-11282,attr,Aerocom.aircraft[0].dataLink[15],actualCapacity:mean,,,
Exponential-capacity-3231-20210301-21:50:11-11282,attr,Aerocom.aircraft[0].dataLink[15],actualCapacity:mean,source,computeActualCapacity,
Exponential-capacity-3231-20210301-21:50:11-11282,scalar,Aerocom.controlTower,receivedPackets:count,,,19498
Exponential-capacity-3231-20210301-21:50:11-11282,attr,Aerocom.controlTower,receivedPackets:count,source,computeReceivedPackets,
Exponential-capacity-3232-20210301-21:50:09-11287,scalar,Aerocom.aircraft[0].linkSelector,responseTime:mean,,,0.60576508236048
Exponential-capacity-3232-20210301-21:50:09-11287,attr,Aerocom.aircraft[0].linkSelector,responseTime:mean,,,
Exponential-capacity-3232-20210301-21:50:09-11287,attr,Aerocom.aircraft[0].linkSelector,responseTime:mean,source,computeResponseTime,
Exponential-capacity-3232-20210301-21:50:09-11287,scalar,Aerocom.aircraft[0].linkSelector,meanMalus:sum,,,13872
Exponential-capacity-3232-20210301-21:50:09-11287,attr,Aerocom.aircraft[0].linkSelector,meanMalus:sum,,,
Exponential-capacity-3232-20210301-21:50:09-11287,attr,Aerocom.aircraft[0].linkSelector,meanMalus:sum,source,computeMeanMalus,
Exponential-capacity-3232-20210301-21:50:09-11287,scalar,Aerocom.aircraft[0].linkSelector,waitingTime:mean,,,0.59860947257346
Exponential-capacity-3232-20210301-21:50:09-11287,attr,Aerocom.aircraft[0].linkSelector,waitingTime:mean,,,
Exponential-capacity-3232-20210301-21:50:09-11287,attr,Aerocom.aircraft[0].linkSelector,waitingTime:mean,source,computeWaitingTime,
Exponential-capacity-3232-20210301-21:50:09-11287,scalar,Aerocom.aircraft[0].linkSelector,serviceTime:mean,,,0.0071983143701664
Exponential-capacity-3232-20210301-21:50:09-11287,attr,Aerocom.aircraft[0].linkSelector,serviceTime:mean,,,
Exponential-capacity-3232-20210301-21:50:09-11287,attr,Aerocom.aircraft[0].linkSelector,serviceTime:mean,source,computeServiceTime,
Exponential-capacity-3232-20210301-21:50:09-11287,scalar,Aerocom.aircraft[0].linkSelector,queueLength:mean,,,29.891544023383
Exponential-capacity-3232-20210301-21:50:09-11287,attr,Aerocom.aircraft[0].linkSelector,queueLength:mean,,,
Exponential-capacity-3232-20210301-21:50:09-11287,attr,Aerocom.aircraft[0].linkSelector,queueLength:mean,source,computeQueueLength,
Exponential-capacity-3232-20210301-21:50:09-11287,scalar,Aerocom.aircraft[0].dataLink[0],sentPackets:count,,,1395
Exponential-capacity-3232-20210301-21:50:09-11287,attr,Aerocom.aircraft[0].dataLink[0],sentPackets:count,source,computeSentPackets,
Exponential-capacity-3232-20210301-21:50:09-11287,scalar,Aerocom.aircraft[0].dataLink[0],actualCapacity:mean,,,9479.6329811667
Exponential-capacity-3232-20210301-21:50:09-11287,attr,Aerocom.aircraft[0].dataLink[0],actualCapacity:mean,,,
Exponential-capacity-3232-20210301-21:50:09-11287,attr,Aerocom.aircraft[0].dataLink[0],actualCapacity:mean,source,computeActualCapacity,
Exponential-capacity-3232-20210301-21:50:09-11287,scalar,Aerocom.aircraft[0].dataLink[1],sentPackets:count,,,836
Exponential-capacity-3232-20210301-21:50:09-11287,attr,Aerocom.aircraft[0].dataLink[1],sentPackets:count,source,computeSentPackets,
Exponential-capacity-3232-20210301-21:50:09-11287,scalar,Aerocom.aircraft[0].dataLink[1],actualCapacity:mean,,,9376.9832920792
Exponential-capacity-3232-20210301-21:50:09-11287,attr,Aerocom.aircraft[0].dataLink[1],actualCapacity:mean,,,
Exponential-capacity-3232-20210301-21:50:09-11287,attr,Aerocom.aircraft[0].dataLink[1],actualCapacity:mean,source,computeActualCapacity,
Exponential-capacity-3232-20210301-21:50:09-11287,scalar,Aerocom.aircraft[0].dataLink[2],sentPackets:count,,,921
Exponential-capacity-3232-20210301-21:50:09-11287,attr,Aerocom.aircraft[0].dataLink[2],sentPackets:count,source,computeSentPackets,
Exponential-capacity-3232-20210301-21:50:09-11287,scalar,Aerocom.aircraft[0].dataLink[2],actualCapacity:mean,,,9357.7915690867
Exponential-capacity-3232-20210301-21:50:09-11287,attr,Aerocom.aircraft[0].dataLink[2],actualCapacity:mean,,,
Exponential-capacity-3232-20210301-21:50:09-11287,attr,Aerocom.aircraft[0].dataLink[2],actualCapacity:mean,source,computeActualCapacity,
Exponential-capacity-3232-20210301-21:50:09-11287,scalar,Aerocom.aircraft[0].dataLink[3],sentPackets:count,,,1932
Exponential-capacity-3232-20210301-21:50:09-11287,attr,Aerocom.aircraft[0].dataLink[3],sentPackets:count,source,computeSentPackets,
Exponential-capacity-3232-20210301-21:50:09-11287,scalar,Aerocom.aircraft[0].dataLink[3],actualCapacity:mean,,,9532.0588235294
Exponential-capacity-3232-20210301-21:50:09-11287,attr,Aerocom.aircraft[0].dataLink[3],actualCapacity:mean,,,
Exponential-capacity-3232-20210301-21:50:09-11287,attr,Aerocom.aircraft[0].dataLink[3],actualCapacity:mean,source,computeActualCapacity,
Exponential-capacity-3232-20210301-21:50:09-11287,scalar,Aerocom.aircraft[0].dataLink[4],sentPackets:count,,,1028
Exponential-capacity-3232-20210301-21:50:09-11287,attr,Aerocom.aircraft[0].dataLink[4],sentPackets:count,source,computeSentPackets,
Exponential-capacity-3232-20210301-21:50:09-11287,scalar,Aerocom.aircraft[0].dataLink[4],actualCapacity:mean,,,9389.330199115
Exponential-capacity-3232-20210301-21:50:09-11287,attr,Aerocom.aircraft[0].dataLink[4],actualCapacity:mean,,,
Exponential-capacity-3232-20210301-21:50:09-11287,attr,Aerocom.aircraft[0].dataLink[4],actualCapacity:mean,source,computeActualCapacity,
Exponential-capacity-3232-20210301-21:50:09-11287,scalar,Aerocom.aircraft[0].dataLink[5],sentPackets:count,,,1410
Exponential-capacity-3232-20210301-21:50:09-11287,attr,Aerocom.aircraft[0].dataLink[5],sentPackets:count,source,computeSentPackets,
Exponential-capacity-3232-20210301-21:50:09-11287,scalar,Aerocom.aircraft[0].dataLink[5],actualCapacity:mean,,,9503.9744525547
Exponential-capacity-3232-20210301-21:50:09-11287,attr,Aerocom.aircraft[0].dataLink[5],actualCapacity:mean,,,
Exponential-capacity-3232-20210301-21:50:09-11287,attr,Aerocom.aircraft[0].dataLink[5],actualCapacity:mean,source,computeActualCapacity,
Exponential-capacity-3232-20210301-21:50:09-11287,scalar,Aerocom.aircraft[0].dataLink[6],sentPackets:count,,,1056
Exponential-capacity-3232-20210301-21:50:09-11287,attr,Aerocom.aircraft[0].dataLink[6],sentPackets:count,source,computeSentPackets,
Exponential-capacity-3232-20210301-21:50:09-11287,scalar,Aerocom.aircraft[0].dataLink[6],actualCapacity:mean,,,9474.2780806979
Exponential-capacity-3232-20210301-21:50:09-11287,attr,Aerocom.aircraft[0].dataLink[6],actualCapacity:mean,,,
Exponential-capacity-3232-20210301-21:50:09-11287,attr,Aerocom.aircraft[0].dataLink[6],actualCapacity:mean,source,computeActualCapacity,
Exponential-capacity-3232-20210301-21:50:09-11287,scalar,Aerocom.aircraft[0].dataLink[7],sentPackets:count,,,1091
Exponential-capacity-3232-20210301-21:50:09-11287,attr,Aerocom.aircraft[0].dataLink[7],sentPackets:count,source,computeSentPackets,
Exponential-capacity-3232-20210301-21:50:09-11287,scalar,Aerocom.aircraft[0].dataLink[7],actualCapacity:mean,,,9409.0261612387
Exponential-capacity-3232-20210301-21:50:09-11287,attr,Aerocom.aircraft[0].dataLink[7],actualCapacity:mean,,,
Exponential-capacity-3232-20210301-21:50:09-11287,attr,Aerocom.aircraft[0].dataLink[7],actualCapacity:mean,source,computeActualCapacity,
Exponential-capacity-3232-20210301-21:50:09-11287,scalar,Aerocom.aircraft[0].dataLink[8],sentPackets:count,,,943
Exponential-capacity-3232-20210301-21:50:09-11287,attr,Aerocom.aircraft[0].dataLink[8],sentPackets:count,source,computeSentPackets,
Exponential-capacity-3232-20210301-21:50:09-11287,scalar,Aerocom.aircraft[0].dataLink[8],actualCapacity:mean,,,9300.9576074332
Exponential-capacity-3232-20210301-21:50:09-11287,attr,Aerocom.aircraft[0].dataLink[8],actualCapacity:mean,,,
Exponential-capacity-3232-20210301-21:50:09-11287,attr,Aerocom.aircraft[0].dataLink[8],actualCapacity:mean,source,computeActualCapacity,
Exponential-capacity-3232-20210301-21:50:09-11287,scalar,Aerocom.aircraft[0].dataLink[9],sentPackets:count,,,1636
Exponential-capacity-3232-20210301-21:50:09-11287,attr,Aerocom.aircraft[0].dataLink[9],sentPackets:count,source,computeSentPackets,
Exponential-capacity-3232-20210301-21:50:09-11287,scalar,Aerocom.aircraft[0].dataLink[9],actualCapacity:mean,,,9547.3926354986
Exponential-capacity-3232-20210301-21:50:09-11287,attr,Aerocom.aircraft[0].dataLink[9],actualCapacity:mean,,,
Exponential-capacity-3232-20210301-21:50:09-11287,attr,Aerocom.aircraft[0].dataLink[9],actualCapacity:mean,source,computeActualCapacity,
Exponential-capacity-3232-20210301-21:50:09-11287,scalar,Aerocom.aircraft[0].dataLink[10],sentPackets:count,,,1316
Exponential-capacity-3232-20210301-21:50:09-11287,attr,Aerocom.aircraft[0].dataLink[10],sentPackets:count,source,computeSentPackets,
Exponential-capacity-3232-20210301-21:50:09-11287,scalar,Aerocom.aircraft[0].dataLink[10],actualCapacity:mean,,,9468.3279313632
Exponential-capacity-3232-20210301-21:50:09-11287,attr,Aerocom.aircraft[0].dataLink[10],actualCapacity:mean,,,
Exponential-capacity-3232-20210301-21:50:09-11287,attr,Aerocom.aircraft[0].dataLink[10],actualCapacity:mean,source,computeActualCapacity,
Exponential-capacity-3232-20210301-21:50:09-11287,scalar,Aerocom.aircraft[0].dataLink[11],sentPackets:count,,,794
Exponential-capacity-3232-20210301-21:50:09-11287,attr,Aerocom.aircraft[0].dataLink[11],sentPackets:count,source,computeSentPackets,
Exponential-capacity-3232-20210301-21:50:09-11287,scalar,Aerocom.aircraft[0].dataLink[11],actualCapacity:mean,,,9358.2363751584
Exponential-capacity-3232-20210301-21:50:09-11287,attr,Aerocom.aircraft[0].dataLink[11],actualCapacity:mean,,,
Exponential-capacity-3232-20210301-21:50:09-11287,attr,Aerocom.aircraft[0].dataLink[11],actualCapacity:mean,source,computeActualCapacity,
Exponential-capacity-3232-20210301-21:50:09-11287,scalar,Aerocom.aircraft[0].dataLink[12],sentPackets:count,,,1773
Exponential-capacity-3232-20210301-21:50:09-11287,attr,Aerocom.aircraft[0].dataLink[12],sentPackets:count,source,computeSentPackets,
Exponential-capacity-3232-20210301-21:50:09-11287,scalar,Aerocom.aircraft[0].dataLink[12],actualCapacity:mean,,,9542.5659340659
Exponential-capacity-3232-20210301-21:50:09-11287,attr,Aerocom.aircraft[0].dataLink[12],actualCapacity:mean,,,
Exponential-capacity-3232-20210301-21:50:09-11287,attr,Aerocom.aircraft[0].dataLink[12],actualCapacity:mean,source,computeActualCapacity,
Exponential-capacity-3232-20210301-21:50:09-11287,scalar,Aerocom.aircraft[0].dataLink[13],sentPackets:count,,,886
Exponential-capacity-3232-20210301-21:50:09-11287,attr,Aerocom.aircraft[0].dataLink[13],sentPackets:count,source,computeSentPackets,
Exponential-capacity-3232-20210301-21:50:09-11287,scalar,Aerocom.aircraft[0].dataLink[13],actualCapacity:mean,,,9314.3439567047
Exponential-capacity-3232-20210301-21:50:09-11287,attr,Aerocom.aircraft[0].dataLink[13],actualCapacity:mean,,,
Exponential-capacity-3232-20210301-21:50:09-11287,attr,Aerocom.aircraft[0].dataLink[13],actualCapacity:mean,source,computeActualCapacity,
Exponential-capacity-3232-20210301-21:50:09-11287,scalar,Aerocom.aircraft[0].dataLink[14],sentPackets:count,,,1465
Exponential-capacity-3232-20210301-21:50:09-11287,attr,Aerocom.aircraft[0].dataLink[14],sentPackets:count,source,computeSentPackets,
Exponential-capacity-3232-20210301-21:50:09-11287,scalar,Aerocom.aircraft[0].dataLink[14],actualCapacity:mean,,,9439.7699154428
Exponential-capacity-3232-20210301-21:50:09-11287,attr,Aerocom.aircraft[0].dataLink[14],actualCapacity:mean,,,
Exponential-capacity-3232-20210301-21:50:09-11287,attr,Aerocom.aircraft[0].dataLink[14],actualCapacity:mean,source,computeActualCapacity,
Exponential-capacity-3232-20210301-21:50:09-11287,scalar,Aerocom.aircraft[0].dataLink[15],sentPackets:count,,,1018
Exponential-capacity-3232-20210301-21:50:09-11287,attr,Aerocom.aircraft[0].dataLink[15],sentPackets:count,source,computeSentPackets,
Exponential-capacity-3232-20210301-21:50:09-11287,scalar,Aerocom.aircraft[0].dataLink[15],actualCapacity:mean,,,9425.2667037862
Exponential-capacity-3232-20210301-21:50:09-11287,attr,Aerocom.aircraft[0].dataLink[15],actualCapacity:mean,,,
Exponential-capacity-3232-20210301-21:50:09-11287,attr,Aerocom.aircraft[0].dataLink[15],actualCapacity:mean,source,computeActualCapacity,
Exponential-capacity-3232-20210301-21:50:09-11287,scalar,Aerocom.controlTower,receivedPackets:count,,,19500
Exponential-capacity-3232-20210301-21:50:09-11287,attr,Aerocom.controlTower,receivedPackets:count,source,computeReceivedPackets,
Exponential-capacity-3233-20210301-21:50:09-11287,scalar,Aerocom.aircraft[0].linkSelector,responseTime:mean,,,0.54498486847969
Exponential-capacity-3233-20210301-21:50:09-11287,attr,Aerocom.aircraft[0].linkSelector,responseTime:mean,,,
Exponential-capacity-3233-20210301-21:50:09-11287,attr,Aerocom.aircraft[0].linkSelector,responseTime:mean,source,computeResponseTime,
Exponential-capacity-3233-20210301-21:50:09-11287,scalar,Aerocom.aircraft[0].linkSelector,meanMalus:sum,,,13020
Exponential-capacity-3233-20210301-21:50:09-11287,attr,Aerocom.aircraft[0].linkSelector,meanMalus:sum,,,
Exponential-capacity-3233-20210301-21:50:09-11287,attr,Aerocom.aircraft[0].linkSelector,meanMalus:sum,source,computeMeanMalus,
Exponential-capacity-3233-20210301-21:50:09-11287,scalar,Aerocom.aircraft[0].linkSelector,waitingTime:mean,,,0.5377799990544
Exponential-capacity-3233-20210301-21:50:09-11287,attr,Aerocom.aircraft[0].linkSelector,waitingTime:mean,,,
Exponential-capacity-3233-20210301-21:50:09-11287,attr,Aerocom.aircraft[0].linkSelector,waitingTime:mean,source,computeWaitingTime,
Exponential-capacity-3233-20210301-21:50:09-11287,scalar,Aerocom.aircraft[0].linkSelector,serviceTime:mean,,,0.0072048694252953
Exponential-capacity-3233-20210301-21:50:09-11287,attr,Aerocom.aircraft[0].linkSelector,serviceTime:mean,,,
Exponential-capacity-3233-20210301-21:50:09-11287,attr,Aerocom.aircraft[0].linkSelector,serviceTime:mean,source,computeServiceTime,
Exponential-capacity-3233-20210301-21:50:09-11287,scalar,Aerocom.aircraft[0].linkSelector,queueLength:mean,,,26.907295300636
Exponential-capacity-3233-20210301-21:50:09-11287,attr,Aerocom.aircraft[0].linkSelector,queueLength:mean,,,
Exponential-capacity-3233-20210301-21:50:09-11287,attr,Aerocom.aircraft[0].linkSelector,queueLength:mean,source,computeQueueLength,
Exponential-capacity-3233-20210301-21:50:09-11287,scalar,Aerocom.aircraft[0].dataLink[0],sentPackets:count,,,1450
Exponential-capacity-3233-20210301-21:50:09-11287,attr,Aerocom.aircraft[0].dataLink[0],sentPackets:count,source,computeSentPackets,
Exponential-capacity-3233-20210301-21:50:09-11287,scalar,Aerocom.aircraft[0].dataLink[0],actualCapacity:mean,,,9437.3699059561
Exponential-capacity-3233-20210301-21:50:09-11287,attr,Aerocom.aircraft[0].dataLink[0],actualCapacity:mean,,,
Exponential-capacity-3233-20210301-21:50:09-11287,attr,Aerocom.aircraft[0].dataLink[0],actualCapacity:mean,source,computeActualCapacity,
Exponential-capacity-3233-20210301-21:50:09-11287,scalar,Aerocom.aircraft[0].dataLink[1],sentPackets:count,,,1559
Exponential-capacity-3233-20210301-21:50:09-11287,attr,Aerocom.aircraft[0].dataLink[1],sentPackets:count,source,computeSentPackets,
Exponential-capacity-3233-20210301-21:50:09-11287,scalar,Aerocom.aircraft[0].dataLink[1],actualCapacity:mean,,,9508.1662404092
Exponential-capacity-3233-20210301-21:50:09-11287,attr,Aerocom.aircraft[0].dataLink[1],actualCapacity:mean,,,
Exponential-capacity-3233-20210301-21:50:09-11287,attr,Aerocom.aircraft[0].dataLink[1],actualCapacity:mean,source,computeActualCapacity,
Exponential-capacity-3233-20210301-21:50:09-11287,scalar,Aerocom.aircraft[0].dataLink[2],sentPackets:count,,,896
Exponential-capacity-3233-20210301-21:50:09-11287,attr,Aerocom.aircraft[0].dataLink[2],sentPackets:count,source,computeSentPackets,
Exponential-capacity-3233-20210301-21:50:09-11287,scalar,Aerocom.aircraft[0].dataLink[2],actualCapacity:mean,,,9364.0839285714
Exponential-capacity-3233-20210301-21:50:09-11287,attr,Aerocom.aircraft[0].dataLink[2],actualCapacity:mean,,,
Exponential-capacity-3233-20210301-21:50:09-11287,attr,Aerocom.aircraft[0].dataLink[2],actualCapacity:mean,source,computeActualCapacity,
Exponential-capacity-3233-20210301-21:50:09-11287,scalar,Aerocom.aircraft[0].dataLink[3],sentPackets:count,,,997
Exponential-capacity-3233-20210301-21:50:09-11287,attr,Aerocom.aircraft[0].dataLink[3],sentPackets:count,source,computeSentPackets,
Exponential-capacity-3233-20210301-21:50:09-11287,scalar,Aerocom.aircraft[0].dataLink[3],actualCapacity:mean,,,9358.6495774648
Exponential-capacity-3233-20210301-21:50:09-11287,attr,Aerocom.aircraft[0].dataLink[3],actualCapacity:mean,,,
Exponential-capacity-3233-20210301-21:50:09-11287,attr,Aerocom.aircraft[0].dataLink[3],actualCapacity:mean,source,computeActualCapacity,
Exponential-capacity-3233-20210301-21:50:09-11287,scalar,Aerocom.aircraft[0].dataLink[4],sentPackets:count,,,1381
Exponential-capacity-3233-20210301-21:50:09-11287,attr,Aerocom.aircraft[0].dataLink[4],sentPackets:count,source,computeSentPackets,
Exponential-capacity-3233-20210301-21:50:09-11287,scalar,Aerocom.aircraft[0].dataLink[4],actualCapacity:mean,,,9435.814900509
Exponential-capacity-3233-20210301-21:50:09-11287,attr,Aerocom.aircraft[0].dataLink[4],actualCapacity:mean,,,
Exponential-capacity-3233-20210301-21:50:09-11287,attr,Aerocom.aircraft[0].dataLink[4],actualCapacity:mean,source,computeActualCapacity,
Exponential-capacity-3233-20210301-21:50:09-11287,scalar,Aerocom.aircraft[0].dataLink[5],sentPackets:count,,,993
Exponential-capacity-3233-20210301-21:50:09-11287,attr,Aerocom.aircraft[0].dataLink[5],sentPackets:count,source,computeSentPackets,
Exponential-capacity-3233-20210301-21:50:09-11287,scalar,Aerocom.aircraft[0].dataLink[5],actualCapacity:mean,,,9395.3669673055
Exponential-capacity-3233-20210301-21:50:09-11287,attr,Aerocom.aircraft[0].dataLink[5],actualCapacity:mean,,,
Exponential-capacity-3233-20210301-21:50:09-11287,attr,Aerocom.aircraft[0].dataLink[5],actualCapacity:mean,source,computeActualCapacity,
Exponential-capacity-3233-20210301-21:50:09-11287,scalar,Aerocom.aircraft[0].dataLink[6],sentPackets:count,,,1701
Exponential-capacity-3233-20210301-21:50:09-11287,attr,Aerocom.aircraft[0].dataLink[6],sentPackets:count,source,computeSentPackets,
Exponential-capacity-3233-20210301-21:50:09-11287,scalar,Aerocom.aircraft[0].dataLink[6],actualCapacity:mean,,,9492.3302381914
Exponential-capacity-3233-20210301-21:50:09-11287,attr,Aerocom.aircraft[0].dataLink[6],actualCapacity:mean,,,
Exponential-capacity-3233-20210301-21:50:09-11287,attr,Aerocom.aircraft[0].dataLink[6],actualCapacity:mean,source,computeActualCapacity,
Exponential-capacity-3233-20210301-21:50:09-11287,scalar,Aerocom.aircraft[0].dataLink[7],sentPackets:count,,,971
Exponential-capacity-3233-20210301-21:50:09-11287,attr,Aerocom.aircraft[0].dataLink[7],sentPackets:count,source,computeSentPackets,
Exponential-capacity-3233-20210301-21:50:09-11287,scalar,Aerocom.aircraft[0].dataLink[7],actualCapacity:mean,,,9380.334663626
Exponential-capacity-3233-20210301-21:50:09-11287,attr,Aerocom.aircraft[0].dataLink[7],actualCapacity:mean,,,
Exponential-capacity-3233-20210301-21:50:09-11287,attr,Aerocom.aircraft[0].dataLink[7],actualCapacity:mean,source,computeActualCapacity,
Exponential-capacity-3233-20210301-21:50:09-11287,scalar,Aerocom.aircraft[0].dataLink[8],sentPackets:count,,,1390
Exponential-capacity-3233-20210301-21:50:09-11287,attr,Aerocom.aircraft[0].dataLink[8],sentPackets:count,source,computeSentPackets,
Exponential-capacity-3233-20210301-21:50:09-11287,scalar,Aerocom.aircraft[0].dataLink[8],actualCapacity:mean,,,9436.7771639042
Exponential-capacity-3233-20210301-21:50:09-11287,attr,Aerocom.aircraft[0].dataLink[8],actualCapacity:mean,,,
Exponential-capacity-3233-20210301-21:50:09-11287,attr,Aerocom.aircraft[0].dataLink[8],actualCapacity:mean,source,computeActualCapacity,
Exponential-capacity-3233-20210301-21:50:09-11287,scalar,Aerocom.aircraft[0].dataLink[9],sentPackets:count,,,1068
Exponential-capacity-3233-20210301-21:50:09-11287,attr,Aerocom.aircraft[0].dataLink[9],sentPackets:count,source,computeSentPackets,
Exponential-capacity-3233-20210301-21:50:09-11287,scalar,Aerocom.aircraft[0].dataLink[9],actualCapacity:mean,,,9441.8445287107
Exponential-capacity-3233-20210301-21:50:09-11287,attr,Aerocom.aircraft[0].dataLink[9],actualCapacity:mean,,,
Exponential-capacity-3233-20210301-21:50:09-11287,attr,Aerocom.aircraft[0].dataLink[9],actualCapacity:mean,source,computeActualCapacity,
Exponential-capacity-3233-20210301-21:50:09-11287,scalar,Aerocom.aircraft[0].dataLink[10],sentPackets:count,,,1327
Exponential-capacity-3233-20210301-21:50:09-11287,attr,Aerocom.aircraft[0].dataLink[10],sentPackets:count,source,computeSentPackets,
Exponential-capacity-3233-20210301-21:50:09-11287,scalar,Aerocom.aircraft[0].dataLink[10],actualCapacity:mean,,,9447.802756654
Exponential-capacity-3233-20210301-21:50:09-11287,attr,Aerocom.aircraft[0].dataLink[10],actualCapacity:mean,,,
Exponential-capacity-3233-20210301-21:50:09-11287,attr,Aerocom.aircraft[0].dataLink[10],actualCapacity:mean,source,computeActualCapacity,
Exponential-capacity-3233-20210301-21:50:09-11287,scalar,Aerocom.aircraft[0].dataLink[11],sentPackets:count,,,1026
Exponential-capacity-3233-20210301-21:50:09-11287,attr,Aerocom.aircraft[0].dataLink[11],sentPackets:count,source,computeSentPackets,
Exponential-capacity-3233-20210301-21:50:09-11287,scalar,Aerocom.aircraft[0].dataLink[11],actualCapacity:mean,,,9399.5839779006
Exponential-capacity-3233-20210301-21:50:09-11287,attr,Aerocom.aircraft[0].dataLink[11],actualCapacity:mean,,,
Exponential-capacity-3233-20210301-21:50:09-11287,attr,Aerocom.aircraft[0].dataLink[11],actualCapacity:mean,source,computeActualCapacity,
Exponential-capacity-3233-20210301-21:50:09-11287,scalar,Aerocom.aircraft[0].dataLink[12],sentPackets:count,,,1345
Exponential-capacity-3233-20210301-21:50:09-11287,attr,Aerocom.aircraft[0].dataLink[12],sentPackets:count,source,computeSentPackets,
Exponential-capacity-3233-20210301-21:50:09-11287,scalar,Aerocom.aircraft[0].dataLink[12],actualCapacity:mean,,,9434.1056834194
Exponential-capacity-3233-20210301-21:50:09-11287,attr,Aerocom.aircraft[0].dataLink[12],actualCapacity:mean,,,
Exponential-capacity-3233-20210301-21:50:09-11287,attr,Aerocom.aircraft[0].dataLink[12],actualCapacity:mean,source,computeActualCapacity,
Exponential-capacity-3233-20210301-21:50:09-11287,scalar,Aerocom.aircraft[0].dataLink[13],sentPackets:count,,,1304
Exponential-capacity-3233-20210301-21:50:09-11287,attr,Aerocom.aircraft[0].dataLink[13],sentPackets:count,source,computeSentPackets,
Exponential-capacity-3233-20210301-21:50:09-11287,scalar,Aerocom.aircraft[0].dataLink[13],actualCapacity:mean,,,9438.9582533589
Exponential-capacity-3233-20210301-21:50:09-11287,attr,Aerocom.aircraft[0].dataLink[13],actualCapacity:mean,,,
Exponential-capacity-3233-20210301-21:50:09-11287,attr,Aerocom.aircraft[0].dataLink[13],actualCapacity:mean,source,computeActualCapacity,
Exponential-capacity-3233-20210301-21:50:09-11287,scalar,Aerocom.aircraft[0].dataLink[14],sentPackets:count,,,1000
Exponential-capacity-3233-20210301-21:50:09-11287,attr,Aerocom.aircraft[0].dataLink[14],sentPackets:count,source,computeSentPackets,
Exponential-capacity-3233-20210301-21:50:09-11287,scalar,Aerocom.aircraft[0].dataLink[14],actualCapacity:mean,,,9400.948372615
Exponential-capacity-3233-20210301-21:50:09-11287,attr,Aerocom.aircraft[0].dataLink[14],actualCapacity:mean,,,
Exponential-capacity-3233-20210301-21:50:09-11287,attr,Aerocom.aircraft[0].dataLink[14],actualCapacity:mean,source,computeActualCapacity,
Exponential-capacity-3233-20210301-21:50:09-11287,scalar,Aerocom.aircraft[0].dataLink[15],sentPackets:count,,,1084
Exponential-capacity-3233-20210301-21:50:09-11287,attr,Aerocom.aircraft[0].dataLink[15],sentPackets:count,source,computeSentPackets,
Exponential-capacity-3233-20210301-21:50:09-11287,scalar,Aerocom.aircraft[0].dataLink[15],actualCapacity:mean,,,9440.264911338
Exponential-capacity-3233-20210301-21:50:09-11287,attr,Aerocom.aircraft[0].dataLink[15],actualCapacity:mean,,,
Exponential-capacity-3233-20210301-21:50:09-11287,attr,Aerocom.aircraft[0].dataLink[15],actualCapacity:mean,source,computeActualCapacity,
Exponential-capacity-3233-20210301-21:50:09-11287,scalar,Aerocom.controlTower,receivedPackets:count,,,19492
Exponential-capacity-3233-20210301-21:50:09-11287,attr,Aerocom.controlTower,receivedPackets:count,source,computeReceivedPackets,
Exponential-capacity-3234-20210301-21:50:10-11287,scalar,Aerocom.aircraft[0].linkSelector,responseTime:mean,,,0.58352502032076
Exponential-capacity-3234-20210301-21:50:10-11287,attr,Aerocom.aircraft[0].linkSelector,responseTime:mean,,,
Exponential-capacity-3234-20210301-21:50:10-11287,attr,Aerocom.aircraft[0].linkSelector,responseTime:mean,source,computeResponseTime,
Exponential-capacity-3234-20210301-21:50:10-11287,scalar,Aerocom.aircraft[0].linkSelector,meanMalus:sum,,,13424
Exponential-capacity-3234-20210301-21:50:10-11287,attr,Aerocom.aircraft[0].linkSelector,meanMalus:sum,,,
Exponential-capacity-3234-20210301-21:50:10-11287,attr,Aerocom.aircraft[0].linkSelector,meanMalus:sum,source,computeMeanMalus,
Exponential-capacity-3234-20210301-21:50:10-11287,scalar,Aerocom.aircraft[0].linkSelector,waitingTime:mean,,,0.57633668235955
Exponential-capacity-3234-20210301-21:50:10-11287,attr,Aerocom.aircraft[0].linkSelector,waitingTime:mean,,,
Exponential-capacity-3234-20210301-21:50:10-11287,attr,Aerocom.aircraft[0].linkSelector,waitingTime:mean,source,computeWaitingTime,
Exponential-capacity-3234-20210301-21:50:10-11287,scalar,Aerocom.aircraft[0].linkSelector,serviceTime:mean,,,0.0071883379612425
Exponential-capacity-3234-20210301-21:50:10-11287,attr,Aerocom.aircraft[0].linkSelector,serviceTime:mean,,,
Exponential-capacity-3234-20210301-21:50:10-11287,attr,Aerocom.aircraft[0].linkSelector,serviceTime:mean,source,computeServiceTime,
Exponential-capacity-3234-20210301-21:50:10-11287,scalar,Aerocom.aircraft[0].linkSelector,queueLength:mean,,,28.492796281952
Exponential-capacity-3234-20210301-21:50:10-11287,attr,Aerocom.aircraft[0].linkSelector,queueLength:mean,,,
Exponential-capacity-3234-20210301-21:50:10-11287,attr,Aerocom.aircraft[0].linkSelector,queueLength:mean,source,computeQueueLength,
Exponential-capacity-3234-20210301-21:50:10-11287,scalar,Aerocom.aircraft[0].dataLink[0],sentPackets:count,,,1666
Exponential-capacity-3234-20210301-21:50:10-11287,attr,Aerocom.aircraft[0].dataLink[0],sentPackets:count,source,computeSentPackets,
Exponential-capacity-3234-20210301-21:50:10-11287,scalar,Aerocom.aircraft[0].dataLink[0],actualCapacity:mean,,,9485.9248366013
Exponential-capacity-3234-20210301-21:50:10-11287,attr,Aerocom.aircraft[0].dataLink[0],actualCapacity:mean,,,
Exponential-capacity-3234-20210301-21:50:10-11287,attr,Aerocom.aircraft[0].dataLink[0],actualCapacity:mean,source,computeActualCapacity,
Exponential-capacity-3234-20210301-21:50:10-11287,scalar,Aerocom.aircraft[0].dataLink[1],sentPackets:count,,,1334
Exponential-capacity-3234-20210301-21:50:10-11287,attr,Aerocom.aircraft[0].dataLink[1],sentPackets:count,source,computeSentPackets,
Exponential-capacity-3234-20210301-21:50:10-11287,scalar,Aerocom.aircraft[0].dataLink[1],actualCapacity:mean,,,9493.8241965974
Exponential-capacity-3234-20210301-21:50:10-11287,attr,Aerocom.aircraft[0].dataLink[1],actualCapacity:mean,,,
Exponential-capacity-3234-20210301-21:50:10-11287,attr,Aerocom.aircraft[0].dataLink[1],actualCapacity:mean,source,computeActualCapacity,
Exponential-capacity-3234-20210301-21:50:10-11287,scalar,Aerocom.aircraft[0].dataLink[2],sentPackets:count,,,970
Exponential-capacity-3234-20210301-21:50:10-11287,attr,Aerocom.aircraft[0].dataLink[2],sentPackets:count,source,computeSentPackets,
Exponential-capacity-3234-20210301-21:50:10-11287,scalar,Aerocom.aircraft[0].dataLink[2],actualCapacity:mean,,,9404.2647226987
Exponential-capacity-3234-20210301-21:50:10-11287,attr,Aerocom.aircraft[0].dataLink[2],actualCapacity:mean,,,
Exponential-capacity-3234-20210301-21:50:10-11287,attr,Aerocom.aircraft[0].dataLink[2],actualCapacity:mean,source,computeActualCapacity,
Exponential-capacity-3234-20210301-21:50:10-11287,scalar,Aerocom.aircraft[0].dataLink[3],sentPackets:count,,,289
Exponential-capacity-3234-20210301-21:50:10-11287,attr,Aerocom.aircraft[0].dataLink[3],sentPackets:count,source,computeSentPackets,
Exponential-capacity-3234-20210301-21:50:10-11287,scalar,Aerocom.aircraft[0].dataLink[3],actualCapacity:mean,,,9051.5381750466
Exponential-capacity-3234-20210301-21:50:10-11287,attr,Aerocom.aircraft[0].dataLink[3],actualCapacity:mean,,,
Exponential-capacity-3234-20210301-21:50:10-11287,attr,Aerocom.aircraft[0].dataLink[3],actualCapacity:mean,source,computeActualCapacity,
Exponential-capacity-3234-20210301-21:50:10-11287,scalar,Aerocom.aircraft[0].dataLink[4],sentPackets:count,,,588
Exponential-capacity-3234-20210301-21:50:10-11287,attr,Aerocom.aircraft[0].dataLink[4],sentPackets:count,source,computeSentPackets,
Exponential-capacity-3234-20210301-21:50:10-11287,scalar,Aerocom.aircraft[0].dataLink[4],actualCapacity:mean,,,9253.495601173
Exponential-capacity-3234-20210301-21:50:10-11287,attr,Aerocom.aircraft[0].dataLink[4],actualCapacity:mean,,,
Exponential-capacity-3234-20210301-21:50:10-11287,attr,Aerocom.aircraft[0].dataLink[4],actualCapacity:mean,source,computeActualCapacity,
Exponential-capacity-3234-20210301-21:50:10-11287,scalar,Aerocom.aircraft[0].dataLink[5],sentPackets:count,,,1124
Exponential-capacity-3234-20210301-21:50:10-11287,attr,Aerocom.aircraft[0].dataLink[5],sentPackets:count,source,computeSentPackets,
Exponential-capacity-3234-20210301-21:50:10-11287,scalar,Aerocom.aircraft[0].dataLink[5],actualCapacity:mean,,,9495.4631966351
Exponential-capacity-3234-20210301-21:50:10-11287,attr,Aerocom.aircraft[0].dataLink[5],actualCapacity:mean,,,
Exponential-capacity-3234-20210301-21:50:10-11287,attr,Aerocom.aircraft[0].dataLink[5],actualCapacity:mean,source,computeActualCapacity,
Exponential-capacity-3234-20210301-21:50:10-11287,scalar,Aerocom.aircraft[0].dataLink[6],sentPackets:count,,,975
Exponential-capacity-3234-20210301-21:50:10-11287,attr,Aerocom.aircraft[0].dataLink[6],sentPackets:count,source,computeSentPackets,
Exponential-capacity-3234-20210301-21:50:10-11287,scalar,Aerocom.aircraft[0].dataLink[6],actualCapacity:mean,,,9424.9829059829
Exponential-capacity-3234-20210301-21:50:10-11287,attr,Aerocom.aircraft[0].dataLink[6],actualCapacity:mean,,,
Exponential-capacity-3234-20210301-21:50:10-11287,attr,Aerocom.aircraft[0].dataLink[6],actualCapacity:mean,source,computeActualCapacity,
Exponential-capacity-3234-20210301-21:50:10-11287,scalar,Aerocom.aircraft[0].dataLink[7],sentPackets:count,,,1229
Exponential-capacity-3234-20210301-21:50:10-11287,attr,Aerocom.aircraft[0].dataLink[7],sentPackets:count,source,computeSentPackets,
Exponential-capacity-3234-20210301-21:50:10-11287,scalar,Aerocom.aircraft[0].dataLink[7],actualCapacity:mean,,,9424.3305210918
Exponential-capacity-3234-20210301-21:50:10-11287,attr,Aerocom.aircraft[0].dataLink[7],actualCapacity:mean,,,
Exponential-capacity-3234-20210301-21:50:10-11287,attr,Aerocom.aircraft[0].dataLink[7],actualCapacity:mean,source,computeActualCapacity,
Exponential-capacity-3234-20210301-21:50:10-11287,scalar,Aerocom.aircraft[0].dataLink[8],sentPackets:count,,,1448
Exponential-capacity-3234-20210301-21:50:10-11287,attr,Aerocom.aircraft[0].dataLink[8],sentPackets:count,source,computeSentPackets,
Exponential-capacity-3234-20210301-21:50:10-11287,scalar,Aerocom.aircraft[0].dataLink[8],actualCapacity:mean,,,9480.5680287382
Exponential-capacity-3234-20210301-21:50:10-11287,attr,Aerocom.aircraft[0].dataLink[8],actualCapacity:mean,,,
Exponential-capacity-3234-20210301-21:50:10-11287,attr,Aerocom.aircraft[0].dataLink[8],actualCapacity:mean,source,computeActualCapacity,
Exponential-capacity-3234-20210301-21:50:10-11287,scalar,Aerocom.aircraft[0].dataLink[9],sentPackets:count,,,1112
Exponential-capacity-3234-20210301-21:50:10-11287,attr,Aerocom.aircraft[0].dataLink[9],sentPackets:count,source,computeSentPackets,
Exponential-capacity-3234-20210301-21:50:10-11287,scalar,Aerocom.aircraft[0].dataLink[9],actualCapacity:mean,,,9459.6566455696
Exponential-capacity-3234-20210301-21:50:10-11287,attr,Aerocom.aircraft[0].dataLink[9],actualCapacity:mean,,,
Exponential-capacity-3234-20210301-21:50:10-11287,attr,Aerocom.aircraft[0].dataLink[9],actualCapacity:mean,source,computeActualCapacity,
Exponential-capacity-3234-20210301-21:50:10-11287,scalar,Aerocom.aircraft[0].dataLink[10],sentPackets:count,,,1898
Exponential-capacity-3234-20210301-21:50:10-11287,attr,Aerocom.aircraft[0].dataLink[10],sentPackets:count,source,computeSentPackets,
Exponential-capacity-3234-20210301-21:50:10-11287,scalar,Aerocom.aircraft[0].dataLink[10],actualCapacity:mean,,,9574.1187010078
Exponential-capacity-3234-20210301-21:50:10-11287,attr,Aerocom.aircraft[0].dataLink[10],actualCapacity:mean,,,
Exponential-capacity-3234-20210301-21:50:10-11287,attr,Aerocom.aircraft[0].dataLink[10],actualCapacity:mean,source,computeActualCapacity,
Exponential-capacity-3234-20210301-21:50:10-11287,scalar,Aerocom.aircraft[0].dataLink[11],sentPackets:count,,,1687
Exponential-capacity-3234-20210301-21:50:10-11287,attr,Aerocom.aircraft[0].dataLink[11],sentPackets:count,source,computeSentPackets,
Exponential-capacity-3234-20210301-21:50:10-11287,scalar,Aerocom.aircraft[0].dataLink[11],actualCapacity:mean,,,9521.979327118
Exponential-capacity-3234-20210301-21:50:10-11287,attr,Aerocom.aircraft[0].dataLink[11],actualCapacity:mean,,,
Exponential-capacity-3234-20210301-21:50:10-11287,attr,Aerocom.aircraft[0].dataLink[11],actualCapacity:mean,source,computeActualCapacity,
Exponential-capacity-3234-20210301-21:50:10-11287,scalar,Aerocom.aircraft[0].dataLink[12],sentPackets:count,,,991
Exponential-capacity-3234-20210301-21:50:10-11287,attr,Aerocom.aircraft[0].dataLink[12],sentPackets:count,source,computeSentPackets,
Exponential-capacity-3234-20210301-21:50:10-11287,scalar,Aerocom.aircraft[0].dataLink[12],actualCapacity:mean,,,9424.5924464487
Exponential-capacity-3234-20210301-21:50:10-11287,attr,Aerocom.aircraft[0].dataLink[12],actualCapacity:mean,,,
Exponential-capacity-3234-20210301-21:50:10-11287,attr,Aerocom.aircraft[0].dataLink[12],actualCapacity:mean,source,computeActualCapacity,
Exponential-capacity-3234-20210301-21:50:10-11287,scalar,Aerocom.aircraft[0].dataLink[13],sentPackets:count,,,1895
Exponential-capacity-3234-20210301-21:50:10-11287,attr,Aerocom.aircraft[0].dataLink[13],sentPackets:count,source,computeSentPackets,
Exponential-capacity-3234-20210301-21:50:10-11287,scalar,Aerocom.aircraft[0].dataLink[13],actualCapacity:mean,,,9585.0795666791
Exponential-capacity-3234-20210301-21:50:10-11287,attr,Aerocom.aircraft[0].dataLink[13],actualCapacity:mean,,,
Exponential-capacity-3234-20210301-21:50:10-11287,attr,Aerocom.aircraft[0].dataLink[13],actualCapacity:mean,source,computeActualCapacity,
Exponential-capacity-3234-20210301-21:50:10-11287,scalar,Aerocom.aircraft[0].dataLink[14],sentPackets:count,,,1086
Exponential-capacity-3234-20210301-21:50:10-11287,attr,Aerocom.aircraft[0].dataLink[14],sentPackets:count,source,computeSentPackets,
Exponential-capacity-3234-20210301-21:50:10-11287,scalar,Aerocom.aircraft[0].dataLink[14],actualCapacity:mean,,,9452.3417381974
Exponential-capacity-3234-20210301-21:50:10-11287,attr,Aerocom.aircraft[0].dataLink[14],actualCapacity:mean,,,
Exponential-capacity-3234-20210301-21:50:10-11287,attr,Aerocom.aircraft[0].dataLink[14],actualCapacity:mean,source,computeActualCapacity,
Exponential-capacity-3234-20210301-21:50:10-11287,scalar,Aerocom.aircraft[0].dataLink[15],sentPackets:count,,,1073
Exponential-capacity-3234-20210301-21:50:10-11287,attr,Aerocom.aircraft[0].dataLink[15],sentPackets:count,source,computeSentPackets,
Exponential-capacity-3234-20210301-21:50:10-11287,scalar,Aerocom.aircraft[0].dataLink[15],actualCapacity:mean,,,9391.6245954693
Exponential-capacity-3234-20210301-21:50:10-11287,attr,Aerocom.aircraft[0].dataLink[15],actualCapacity:mean,,,
Exponential-capacity-3234-20210301-21:50:10-11287,attr,Aerocom.aircraft[0].dataLink[15],actualCapacity:mean,source,computeActualCapacity,
Exponential-capacity-3234-20210301-21:50:10-11287,scalar,Aerocom.controlTower,receivedPackets:count,,,19365
Exponential-capacity-3234-20210301-21:50:10-11287,attr,Aerocom.controlTower,receivedPackets:count,source,computeReceivedPackets,
Exponential-capacity-3235-20210301-21:50:10-11287,scalar,Aerocom.aircraft[0].linkSelector,responseTime:mean,,,0.57323914299989
Exponential-capacity-3235-20210301-21:50:10-11287,attr,Aerocom.aircraft[0].linkSelector,responseTime:mean,,,
Exponential-capacity-3235-20210301-21:50:10-11287,attr,Aerocom.aircraft[0].linkSelector,responseTime:mean,source,computeResponseTime,
Exponential-capacity-3235-20210301-21:50:10-11287,scalar,Aerocom.aircraft[0].linkSelector,meanMalus:sum,,,13656
Exponential-capacity-3235-20210301-21:50:10-11287,attr,Aerocom.aircraft[0].linkSelector,meanMalus:sum,,,
Exponential-capacity-3235-20210301-21:50:10-11287,attr,Aerocom.aircraft[0].linkSelector,meanMalus:sum,source,computeMeanMalus,
Exponential-capacity-3235-20210301-21:50:10-11287,scalar,Aerocom.aircraft[0].linkSelector,waitingTime:mean,,,0.56606182509476
Exponential-capacity-3235-20210301-21:50:10-11287,attr,Aerocom.aircraft[0].linkSelector,waitingTime:mean,,,
Exponential-capacity-3235-20210301-21:50:10-11287,attr,Aerocom.aircraft[0].linkSelector,waitingTime:mean,source,computeWaitingTime,
Exponential-capacity-3235-20210301-21:50:10-11287,scalar,Aerocom.aircraft[0].linkSelector,serviceTime:mean,,,0.0071956910472586
Exponential-capacity-3235-20210301-21:50:10-11287,attr,Aerocom.aircraft[0].linkSelector,serviceTime:mean,,,
Exponential-capacity-3235-20210301-21:50:10-11287,attr,Aerocom.aircraft[0].linkSelector,serviceTime:mean,source,computeServiceTime,
Exponential-capacity-3235-20210301-21:50:10-11287,scalar,Aerocom.aircraft[0].linkSelector,queueLength:mean,,,27.843072304746
Exponential-capacity-3235-20210301-21:50:10-11287,attr,Aerocom.aircraft[0].linkSelector,queueLength:mean,,,
Exponential-capacity-3235-20210301-21:50:10-11287,attr,Aerocom.aircraft[0].linkSelector,queueLength:mean,source,computeQueueLength,
Exponential-capacity-3235-20210301-21:50:10-11287,scalar,Aerocom.aircraft[0].dataLink[0],sentPackets:count,,,2061
Exponential-capacity-3235-20210301-21:50:10-11287,attr,Aerocom.aircraft[0].dataLink[0],sentPackets:count,source,computeSentPackets,
Exponential-capacity-3235-20210301-21:50:10-11287,scalar,Aerocom.aircraft[0].dataLink[0],actualCapacity:mean,,,9506.4358072459
Exponential-capacity-3235-20210301-21:50:10-11287,attr,Aerocom.aircraft[0].dataLink[0],actualCapacity:mean,,,
Exponential-capacity-3235-20210301-21:50:10-11287,attr,Aerocom.aircraft[0].dataLink[0],actualCapacity:mean,source,computeActualCapacity,
Exponential-capacity-3235-20210301-21:50:10-11287,scalar,Aerocom.aircraft[0].dataLink[1],sentPackets:count,,,548
Exponential-capacity-3235-20210301-21:50:10-11287,attr,Aerocom.aircraft[0].dataLink[1],sentPackets:count,source,computeSentPackets,
Exponential-capacity-3235-20210301-21:50:10-11287,scalar,Aerocom.aircraft[0].dataLink[1],actualCapacity:mean,,,9196.1122833459
Exponential-capacity-3235-20210301-21:50:10-11287,attr,Aerocom.aircraft[0].dataLink[1],actualCapacity:mean,,,
Exponential-capacity-3235-20210301-21:50:10-11287,attr,Aerocom.aircraft[0].dataLink[1],actualCapacity:mean,source,computeActualCapacity,
Exponential-capacity-3235-20210301-21:50:10-11287,scalar,Aerocom.aircraft[0].dataLink[2],sentPackets:count,,,562
Exponential-capacity-3235-20210301-21:50:10-11287,attr,Aerocom.aircraft[0].dataLink[2],sentPackets:count,source,computeSentPackets,
Exponential-capacity-3235-20210301-21:50:10-11287,scalar,Aerocom.aircraft[0].dataLink[2],actualCapacity:mean,,,9336.3003717472
Exponential-capacity-3235-20210301-21:50:10-11287,attr,Aerocom.aircraft[0].dataLink[2],actualCapacity:mean,,,
Exponential-capacity-3235-20210301-21:50:10-11287,attr,Aerocom.aircraft[0].dataLink[2],actualCapacity:mean,source,computeActualCapacity,
Exponential-capacity-3235-20210301-21:50:10-11287,scalar,Aerocom.aircraft[0].dataLink[3],sentPackets:count,,,491
Exponential-capacity-3235-20210301-21:50:10-11287,attr,Aerocom.aircraft[0].dataLink[3],sentPackets:count,source,computeSentPackets,
Exponential-capacity-3235-20210301-21:50:10-11287,scalar,Aerocom.aircraft[0].dataLink[3],actualCapacity:mean,,,9194.5621069182
Exponential-capacity-3235-20210301-21:50:10-11287,attr,Aerocom.aircraft[0].dataLink[3],actualCapacity:mean,,,
Exponential-capacity-3235-20210301-21:50:10-11287,attr,Aerocom.aircraft[0].dataLink[3],actualCapacity:mean,source,computeActualCapacity,
Exponential-capacity-3235-20210301-21:50:10-11287,scalar,Aerocom.aircraft[0].dataLink[4],sentPackets:count,,,868
Exponential-capacity-3235-20210301-21:50:10-11287,attr,Aerocom.aircraft[0].dataLink[4],sentPackets:count,source,computeSentPackets,
Exponential-capacity-3235-20210301-21:50:10-11287,scalar,Aerocom.aircraft[0].dataLink[4],actualCapacity:mean,,,9354.6374622356
Exponential-capacity-3235-20210301-21:50:10-11287,attr,Aerocom.aircraft[0].dataLink[4],actualCapacity:mean,,,
Exponential-capacity-3235-20210301-21:50:10-11287,attr,Aerocom.aircraft[0].dataLink[4],actualCapacity:mean,source,computeActualCapacity,
Exponential-capacity-3235-20210301-21:50:10-11287,scalar,Aerocom.aircraft[0].dataLink[5],sentPackets:count,,,1514
Exponential-capacity-3235-20210301-21:50:10-11287,attr,Aerocom.aircraft[0].dataLink[5],sentPackets:count,source,computeSentPackets,
Exponential-capacity-3235-20210301-21:50:10-11287,scalar,Aerocom.aircraft[0].dataLink[5],actualCapacity:mean,,,9510.6236888112
Exponential-capacity-3235-20210301-21:50:10-11287,attr,Aerocom.aircraft[0].dataLink[5],actualCapacity:mean,,,
Exponential-capacity-3235-20210301-21:50:10-11287,attr,Aerocom.aircraft[0].dataLink[5],actualCapacity:mean,source,computeActualCapacity,
Exponential-capacity-3235-20210301-21:50:10-11287,scalar,Aerocom.aircraft[0].dataLink[6],sentPackets:count,,,1766
Exponential-capacity-3235-20210301-21:50:10-11287,attr,Aerocom.aircraft[0].dataLink[6],sentPackets:count,source,computeSentPackets,
Exponential-capacity-3235-20210301-21:50:10-11287,scalar,Aerocom.aircraft[0].dataLink[6],actualCapacity:mean,,,9539.0471698113
Exponential-capacity-3235-20210301-21:50:10-11287,attr,Aerocom.aircraft[0].dataLink[6],actualCapacity:mean,,,
Exponential-capacity-3235-20210301-21:50:10-11287,attr,Aerocom.aircraft[0].dataLink[6],actualCapacity:mean,source,computeActualCapacity,
Exponential-capacity-3235-20210301-21:50:10-11287,scalar,Aerocom.aircraft[0].dataLink[7],sentPackets:count,,,1258
Exponential-capacity-3235-20210301-21:50:10-11287,attr,Aerocom.aircraft[0].dataLink[7],sentPackets:count,source,computeSentPackets,
Exponential-capacity-3235-20210301-21:50:10-11287,scalar,Aerocom.aircraft[0].dataLink[7],actualCapacity:mean,,,9502.6161021109
Exponential-capacity-3235-20210301-21:50:10-11287,attr,Aerocom.aircraft[0].dataLink[7],actualCapacity:mean,,,
Exponential-capacity-3235-20210301-21:50:10-11287,attr,Aerocom.aircraft[0].dataLink[7],actualCapacity:mean,source,computeActualCapacity,
Exponential-capacity-3235-20210301-21:50:10-11287,scalar,Aerocom.aircraft[0].dataLink[8],sentPackets:count,,,1012
Exponential-capacity-3235-20210301-21:50:10-11287,attr,Aerocom.aircraft[0].dataLink[8],sentPackets:count,source,computeSentPackets,
Exponential-capacity-3235-20210301-21:50:10-11287,scalar,Aerocom.aircraft[0].dataLink[8],actualCapacity:mean,,,9378.2945434298
Exponential-capacity-3235-20210301-21:50:10-11287,attr,Aerocom.aircraft[0].dataLink[8],actualCapacity:mean,,,
Exponential-capacity-3235-20210301-21:50:10-11287,attr,Aerocom.aircraft[0].dataLink[8],actualCapacity:mean,source,computeActualCapacity,
Exponential-capacity-3235-20210301-21:50:10-11287,scalar,Aerocom.aircraft[0].dataLink[9],sentPackets:count,,,620
Exponential-capacity-3235-20210301-21:50:10-11287,attr,Aerocom.aircraft[0].dataLink[9],sentPackets:count,source,computeSentPackets,
Exponential-capacity-3235-20210301-21:50:10-11287,scalar,Aerocom.aircraft[0].dataLink[9],actualCapacity:mean,,,9319.5714285714
Exponential-capacity-3235-20210301-21:50:10-11287,attr,Aerocom.aircraft[0].dataLink[9],actualCapacity:mean,,,
Exponential-capacity-3235-20210301-21:50:10-11287,attr,Aerocom.aircraft[0].dataLink[9],actualCapacity:mean,source,computeActualCapacity,
Exponential-capacity-3235-20210301-21:50:10-11287,scalar,Aerocom.aircraft[0].dataLink[10],sentPackets:count,,,1083
Exponential-capacity-3235-20210301-21:50:10-11287,attr,Aerocom.aircraft[0].dataLink[10],sentPackets:count,source,computeSentPackets,
Exponential-capacity-3235-20210301-21:50:10-11287,scalar,Aerocom.aircraft[0].dataLink[10],actualCapacity:mean,,,9443.4045064378
Exponential-capacity-3235-20210301-21:50:10-11287,attr,Aerocom.aircraft[0].dataLink[10],actualCapacity:mean,,,
Exponential-capacity-3235-20210301-21:50:10-11287,attr,Aerocom.aircraft[0].dataLink[10],actualCapacity:mean,source,computeActualCapacity,
Exponential-capacity-3235-20210301-21:50:10-11287,scalar,Aerocom.aircraft[0].dataLink[11],sentPackets:count,,,2402
Exponential-capacity-3235-20210301-21:50:10-11287,attr,Aerocom.aircraft[0].dataLink[11],sentPackets:count,source,computeSentPackets,
Exponential-capacity-3235-20210301-21:50:10-11287,scalar,Aerocom.aircraft[0].dataLink[11],actualCapacity:mean,,,9632.3236032643
Exponential-capacity-3235-20210301-21:50:10-11287,attr,Aerocom.aircraft[0].dataLink[11],actualCapacity:mean,,,
Exponential-capacity-3235-20210301-21:50:10-11287,attr,Aerocom.aircraft[0].dataLink[11],actualCapacity:mean,source,computeActualCapacity,
Exponential-capacity-3235-20210301-21:50:10-11287,scalar,Aerocom.aircraft[0].dataLink[12],sentPackets:count,,,2193
Exponential-capacity-3235-20210301-21:50:10-11287,attr,Aerocom.aircraft[0].dataLink[12],sentPackets:count,source,computeSentPackets,
Exponential-capacity-3235-20210301-21:50:10-11287,scalar,Aerocom.aircraft[0].dataLink[12],actualCapacity:mean,,,9556.2408464898
Exponential-capacity-3235-20210301-21:50:10-11287,attr,Aerocom.aircraft[0].dataLink[12],actualCapacity:mean,,,
Exponential-capacity-3235-20210301-21:50:10-11287,attr,Aerocom.aircraft[0].dataLink[12],actualCapacity:mean,source,computeActualCapacity,
Exponential-capacity-3235-20210301-21:50:10-11287,scalar,Aerocom.aircraft[0].dataLink[13],sentPackets:count,,,443
Exponential-capacity-3235-20210301-21:50:10-11287,attr,Aerocom.aircraft[0].dataLink[13],sentPackets:count,source,computeSentPackets,
Exponential-capacity-3235-20210301-21:50:10-11287,scalar,Aerocom.aircraft[0].dataLink[13],actualCapacity:mean,,,9205.4291564292
Exponential-capacity-3235-20210301-21:50:10-11287,attr,Aerocom.aircraft[0].dataLink[13],actualCapacity:mean,,,
Exponential-capacity-3235-20210301-21:50:10-11287,attr,Aerocom.aircraft[0].dataLink[13],actualCapacity:mean,source,computeActualCapacity,
Exponential-capacity-3235-20210301-21:50:10-11287,scalar,Aerocom.aircraft[0].dataLink[14],sentPackets:count,,,1222
Exponential-capacity-3235-20210301-21:50:10-11287,attr,Aerocom.aircraft[0].dataLink[14],sentPackets:count,source,computeSentPackets,
Exponential-capacity-3235-20210301-21:50:10-11287,scalar,Aerocom.aircraft[0].dataLink[14],actualCapacity:mean,,,9440.5360876058
Exponential-capacity-3235-20210301-21:50:10-11287,attr,Aerocom.aircraft[0].dataLink[14],actualCapacity:mean,,,
Exponential-capacity-3235-20210301-21:50:10-11287,attr,Aerocom.aircraft[0].dataLink[14],actualCapacity:mean,source,computeActualCapacity,
Exponential-capacity-3235-20210301-21:50:10-11287,scalar,Aerocom.aircraft[0].dataLink[15],sentPackets:count,,,1277
Exponential-capacity-3235-20210301-21:50:10-11287,attr,Aerocom.aircraft[0].dataLink[15],sentPackets:count,source,computeSentPackets,
Exponential-capacity-3235-20210301-21:50:10-11287,scalar,Aerocom.aircraft[0].dataLink[15],actualCapacity:mean,,,9448.2976132489
Exponential-capacity-3235-20210301-21:50:10-11287,attr,Aerocom.aircraft[0].dataLink[15],actualCapacity:mean,,,
Exponential-capacity-3235-20210301-21:50:10-11287,attr,Aerocom.aircraft[0].dataLink[15],actualCapacity:mean,source,computeActualCapacity,
Exponential-capacity-3235-20210301-21:50:10-11287,scalar,Aerocom.controlTower,receivedPackets:count,,,19320
Exponential-capacity-3235-20210301-21:50:10-11287,attr,Aerocom.controlTower,receivedPackets:count,source,computeReceivedPackets,
Exponential-capacity-3236-20210301-21:50:10-11287,scalar,Aerocom.aircraft[0].linkSelector,responseTime:mean,,,0.5801482128693
Exponential-capacity-3236-20210301-21:50:10-11287,attr,Aerocom.aircraft[0].linkSelector,responseTime:mean,,,
Exponential-capacity-3236-20210301-21:50:10-11287,attr,Aerocom.aircraft[0].linkSelector,responseTime:mean,source,computeResponseTime,
Exponential-capacity-3236-20210301-21:50:10-11287,scalar,Aerocom.aircraft[0].linkSelector,meanMalus:sum,,,14304
Exponential-capacity-3236-20210301-21:50:10-11287,attr,Aerocom.aircraft[0].linkSelector,meanMalus:sum,,,
Exponential-capacity-3236-20210301-21:50:10-11287,attr,Aerocom.aircraft[0].linkSelector,meanMalus:sum,source,computeMeanMalus,
Exponential-capacity-3236-20210301-21:50:10-11287,scalar,Aerocom.aircraft[0].linkSelector,waitingTime:mean,,,0.57302637929227
Exponential-capacity-3236-20210301-21:50:10-11287,attr,Aerocom.aircraft[0].linkSelector,waitingTime:mean,,,
Exponential-capacity-3236-20210301-21:50:10-11287,attr,Aerocom.aircraft[0].linkSelector,waitingTime:mean,source,computeWaitingTime,
Exponential-capacity-3236-20210301-21:50:10-11287,scalar,Aerocom.aircraft[0].linkSelector,serviceTime:mean,,,0.0071899481499025
Exponential-capacity-3236-20210301-21:50:10-11287,attr,Aerocom.aircraft[0].linkSelector,serviceTime:mean,,,
Exponential-capacity-3236-20210301-21:50:10-11287,attr,Aerocom.aircraft[0].linkSelector,serviceTime:mean,source,computeServiceTime,
Exponential-capacity-3236-20210301-21:50:10-11287,scalar,Aerocom.aircraft[0].linkSelector,queueLength:mean,,,29.014732965009
Exponential-capacity-3236-20210301-21:50:10-11287,attr,Aerocom.aircraft[0].linkSelector,queueLength:mean,,,
Exponential-capacity-3236-20210301-21:50:10-11287,attr,Aerocom.aircraft[0].linkSelector,queueLength:mean,source,computeQueueLength,
Exponential-capacity-3236-20210301-21:50:10-11287,scalar,Aerocom.aircraft[0].dataLink[0],sentPackets:count,,,647
Exponential-capacity-3236-20210301-21:50:10-11287,attr,Aerocom.aircraft[0].dataLink[0],sentPackets:count,source,computeSentPackets,
Exponential-capacity-3236-20210301-21:50:10-11287,scalar,Aerocom.aircraft[0].dataLink[0],actualCapacity:mean,,,9282.6008403361
Exponential-capacity-3236-20210301-21:50:10-11287,attr,Aerocom.aircraft[0].dataLink[0],actualCapacity:mean,,,
Exponential-capacity-3236-20210301-21:50:10-11287,attr,Aerocom.aircraft[0].dataLink[0],actualCapacity:mean,source,computeActualCapacity,
Exponential-capacity-3236-20210301-21:50:10-11287,scalar,Aerocom.aircraft[0].dataLink[1],sentPackets:count,,,863
Exponential-capacity-3236-20210301-21:50:10-11287,attr,Aerocom.aircraft[0].dataLink[1],sentPackets:count,source,computeSentPackets,
Exponential-capacity-3236-20210301-21:50:10-11287,scalar,Aerocom.aircraft[0].dataLink[1],actualCapacity:mean,,,9312.6682897139
Exponential-capacity-3236-20210301-21:50:10-11287,attr,Aerocom.aircraft[0].dataLink[1],actualCapacity:mean,,,
Exponential-capacity-3236-20210301-21:50:10-11287,attr,Aerocom.aircraft[0].dataLink[1],actualCapacity:mean,source,computeActualCapacity,
Exponential-capacity-3236-20210301-21:50:10-11287,scalar,Aerocom.aircraft[0].dataLink[2],sentPackets:count,,,1052
Exponential-capacity-3236-20210301-21:50:10-11287,attr,Aerocom.aircraft[0].dataLink[2],sentPackets:count,source,computeSentPackets,
Exponential-capacity-3236-20210301-21:50:10-11287,scalar,Aerocom.aircraft[0].dataLink[2],actualCapacity:mean,,,9439.5905856596
Exponential-capacity-3236-20210301-21:50:10-11287,attr,Aerocom.aircraft[0].dataLink[2],actualCapacity:mean,,,
Exponential-capacity-3236-20210301-21:50:10-11287,attr,Aerocom.aircraft[0].dataLink[2],actualCapacity:mean,source,computeActualCapacity,
Exponential-capacity-3236-20210301-21:50:10-11287,scalar,Aerocom.aircraft[0].dataLink[3],sentPackets:count,,,1092
Exponential-capacity-3236-20210301-21:50:10-11287,attr,Aerocom.aircraft[0].dataLink[3],sentPackets:count,source,computeSentPackets,
Exponential-capacity-3236-20210301-21:50:10-11287,scalar,Aerocom.aircraft[0].dataLink[3],actualCapacity:mean,,,9475.6962092899
Exponential-capacity-3236-20210301-21:50:10-11287,attr,Aerocom.aircraft[0].dataLink[3],actualCapacity:mean,,,
Exponential-capacity-3236-20210301-21:50:10-11287,attr,Aerocom.aircraft[0].dataLink[3],actualCapacity:mean,source,computeActualCapacity,
Exponential-capacity-3236-20210301-21:50:10-11287,scalar,Aerocom.aircraft[0].dataLink[4],sentPackets:count,,,1822
Exponential-capacity-3236-20210301-21:50:10-11287,attr,Aerocom.aircraft[0].dataLink[4],sentPackets:count,source,computeSentPackets,
Exponential-capacity-3236-20210301-21:50:10-11287,scalar,Aerocom.aircraft[0].dataLink[4],actualCapacity:mean,,,9567.0946153846
Exponential-capacity-3236-20210301-21:50:10-11287,attr,Aerocom.aircraft[0].dataLink[4],actualCapacity:mean,,,
Exponential-capacity-3236-20210301-21:50:10-11287,attr,Aerocom.aircraft[0].dataLink[4],actualCapacity:mean,source,computeActualCapacity,
Exponential-capacity-3236-20210301-21:50:10-11287,scalar,Aerocom.aircraft[0].dataLink[5],sentPackets:count,,,528
Exponential-capacity-3236-20210301-21:50:10-11287,attr,Aerocom.aircraft[0].dataLink[5],sentPackets:count,source,computeSentPackets,
Exponential-capacity-3236-20210301-21:50:10-11287,scalar,Aerocom.aircraft[0].dataLink[5],actualCapacity:mean,,,9303.0450725745
Exponential-capacity-3236-20210301-21:50:10-11287,attr,Aerocom.aircraft[0].dataLink[5],actualCapacity:mean,,,
Exponential-capacity-3236-20210301-21:50:10-11287,attr,Aerocom.aircraft[0].dataLink[5],actualCapacity:mean,source,computeActualCapacity,
Exponential-capacity-3236-20210301-21:50:10-11287,scalar,Aerocom.aircraft[0].dataLink[6],sentPackets:count,,,1148
Exponential-capacity-3236-20210301-21:50:10-11287,attr,Aerocom.aircraft[0].dataLink[6],sentPackets:count,source,computeSentPackets,
Exponential-capacity-3236-20210301-21:50:10-11287,scalar,Aerocom.aircraft[0].dataLink[6],actualCapacity:mean,,,9436.3533990659
Exponential-capacity-3236-20210301-21:50:10-11287,attr,Aerocom.aircraft[0].dataLink[6],actualCapacity:mean,,,
Exponential-capacity-3236-20210301-21:50:10-11287,attr,Aerocom.aircraft[0].dataLink[6],actualCapacity:mean,source,computeActualCapacity,
Exponential-capacity-3236-20210301-21:50:10-11287,scalar,Aerocom.aircraft[0].dataLink[7],sentPackets:count,,,1349
Exponential-capacity-3236-20210301-21:50:10-11287,attr,Aerocom.aircraft[0].dataLink[7],sentPackets:count,source,computeSentPackets,
Exponential-capacity-3236-20210301-21:50:10-11287,scalar,Aerocom.aircraft[0].dataLink[7],actualCapacity:mean,,,9466.4111579934
Exponential-capacity-3236-20210301-21:50:10-11287,attr,Aerocom.aircraft[0].dataLink[7],actualCapacity:mean,,,
Exponential-capacity-3236-20210301-21:50:10-11287,attr,Aerocom.aircraft[0].dataLink[7],actualCapacity:mean,source,computeActualCapacity,
Exponential-capacity-3236-20210301-21:50:10-11287,scalar,Aerocom.aircraft[0].dataLink[8],sentPackets:count,,,1720
Exponential-capacity-3236-20210301-21:50:10-11287,attr,Aerocom.aircraft[0].dataLink[8],sentPackets:count,source,computeSentPackets,
Exponential-capacity-3236-20210301-21:50:10-11287,scalar,Aerocom.aircraft[0].dataLink[8],actualCapacity:mean,,,9511.2891469764
Exponential-capacity-3236-20210301-21:50:10-11287,attr,Aerocom.aircraft[0].dataLink[8],actualCapacity:mean,,,
Exponential-capacity-3236-20210301-21:50:10-11287,attr,Aerocom.aircraft[0].dataLink[8],actualCapacity:mean,source,computeActualCapacity,
Exponential-capacity-3236-20210301-21:50:10-11287,scalar,Aerocom.aircraft[0].dataLink[9],sentPackets:count,,,1732
Exponential-capacity-3236-20210301-21:50:10-11287,attr,Aerocom.aircraft[0].dataLink[9],sentPackets:count,source,computeSentPackets,
Exponential-capacity-3236-20210301-21:50:10-11287,scalar,Aerocom.aircraft[0].dataLink[9],actualCapacity:mean,,,9558.5164878824
Exponential-capacity-3236-20210301-21:50:10-11287,attr,Aerocom.aircraft[0].dataLink[9],actualCapacity:mean,,,
Exponential-capacity-3236-20210301-21:50:10-11287,attr,Aerocom.aircraft[0].dataLink[9],actualCapacity:mean,source,computeActualCapacity,
Exponential-capacity-3236-20210301-21:50:10-11287,scalar,Aerocom.aircraft[0].dataLink[10],sentPackets:count,,,1404
Exponential-capacity-3236-20210301-21:50:10-11287,attr,Aerocom.aircraft[0].dataLink[10],sentPackets:count,source,computeSentPackets,
Exponential-capacity-3236-20210301-21:50:10-11287,scalar,Aerocom.aircraft[0].dataLink[10],actualCapacity:mean,,,9471.4125171311
Exponential-capacity-3236-20210301-21:50:10-11287,attr,Aerocom.aircraft[0].dataLink[10],actualCapacity:mean,,,
Exponential-capacity-3236-20210301-21:50:10-11287,attr,Aerocom.aircraft[0].dataLink[10],actualCapacity:mean,source,computeActualCapacity,
Exponential-capacity-3236-20210301-21:50:10-11287,scalar,Aerocom.aircraft[0].dataLink[11],sentPackets:count,,,1219
Exponential-capacity-3236-20210301-21:50:10-11287,attr,Aerocom.aircraft[0].dataLink[11],sentPackets:count,source,computeSentPackets,
Exponential-capacity-3236-20210301-21:50:10-11287,scalar,Aerocom.aircraft[0].dataLink[11],actualCapacity:mean,,,9458.6881881882
Exponential-capacity-3236-20210301-21:50:10-11287,attr,Aerocom.aircraft[0].dataLink[11],actualCapacity:mean,,,
Exponential-capacity-3236-20210301-21:50:10-11287,attr,Aerocom.aircraft[0].dataLink[11],actualCapacity:mean,source,computeActualCapacity,
Exponential-capacity-3236-20210301-21:50:10-11287,scalar,Aerocom.aircraft[0].dataLink[12],sentPackets:count,,,1292
Exponential-capacity-3236-20210301-21:50:10-11287,attr,Aerocom.aircraft[0].dataLink[12],sentPackets:count,source,computeSentPackets,
Exponential-capacity-3236-20210301-21:50:10-11287,scalar,Aerocom.aircraft[0].dataLink[12],actualCapacity:mean,,,9464.4465832531
Exponential-capacity-3236-20210301-21:50:10-11287,attr,Aerocom.aircraft[0].dataLink[12],actualCapacity:mean,,,
Exponential-capacity-3236-20210301-21:50:10-11287,attr,Aerocom.aircraft[0].dataLink[12],actualCapacity:mean,source,computeActualCapacity,
Exponential-capacity-3236-20210301-21:50:10-11287,scalar,Aerocom.aircraft[0].dataLink[13],sentPackets:count,,,964
Exponential-capacity-3236-20210301-21:50:10-11287,attr,Aerocom.aircraft[0].dataLink[13],sentPackets:count,source,computeSentPackets,
Exponential-capacity-3236-20210301-21:50:10-11287,scalar,Aerocom.aircraft[0].dataLink[13],actualCapacity:mean,,,9410.9341351661
Exponential-capacity-3236-20210301-21:50:10-11287,attr,Aerocom.aircraft[0].dataLink[13],actualCapacity:mean,,,
Exponential-capacity-3236-20210301-21:50:10-11287,attr,Aerocom.aircraft[0].dataLink[13],actualCapacity:mean,source,computeActualCapacity,
Exponential-capacity-3236-20210301-21:50:10-11287,scalar,Aerocom.aircraft[0].dataLink[14],sentPackets:count,,,1279
Exponential-capacity-3236-20210301-21:50:10-11287,attr,Aerocom.aircraft[0].dataLink[14],sentPackets:count,source,computeSentPackets,
Exponential-capacity-3236-20210301-21:50:10-11287,scalar,Aerocom.aircraft[0].dataLink[14],actualCapacity:mean,,,9444.9252427184
Exponential-capacity-3236-20210301-21:50:10-11287,attr,Aerocom.aircraft[0].dataLink[14],actualCapacity:mean,,,
Exponential-capacity-3236-20210301-21:50:10-11287,attr,Aerocom.aircraft[0].dataLink[14],actualCapacity:mean,source,computeActualCapacity,
Exponential-capacity-3236-20210301-21:50:10-11287,scalar,Aerocom.aircraft[0].dataLink[15],sentPackets:count,,,1436
Exponential-capacity-3236-20210301-21:50:10-11287,attr,Aerocom.aircraft[0].dataLink[15],sentPackets:count,source,computeSentPackets,
Exponential-capacity-3236-20210301-21:50:10-11287,scalar,Aerocom.aircraft[0].dataLink[15],actualCapacity:mean,,,9499.832807571
Exponential-capacity-3236-20210301-21:50:10-11287,attr,Aerocom.aircraft[0].dataLink[15],actualCapacity:mean,,,
Exponential-capacity-3236-20210301-21:50:10-11287,attr,Aerocom.aircraft[0].dataLink[15],actualCapacity:mean,source,computeActualCapacity,
Exponential-capacity-3236-20210301-21:50:10-11287,scalar,Aerocom.controlTower,receivedPackets:count,,,19547
Exponential-capacity-3236-20210301-21:50:10-11287,attr,Aerocom.controlTower,receivedPackets:count,source,computeReceivedPackets,
Exponential-capacity-3237-20210301-21:50:10-11287,scalar,Aerocom.aircraft[0].linkSelector,responseTime:mean,,,0.58654611843291
Exponential-capacity-3237-20210301-21:50:10-11287,attr,Aerocom.aircraft[0].linkSelector,responseTime:mean,,,
Exponential-capacity-3237-20210301-21:50:10-11287,attr,Aerocom.aircraft[0].linkSelector,responseTime:mean,source,computeResponseTime,
Exponential-capacity-3237-20210301-21:50:10-11287,scalar,Aerocom.aircraft[0].linkSelector,meanMalus:sum,,,13922
Exponential-capacity-3237-20210301-21:50:10-11287,attr,Aerocom.aircraft[0].linkSelector,meanMalus:sum,,,
Exponential-capacity-3237-20210301-21:50:10-11287,attr,Aerocom.aircraft[0].linkSelector,meanMalus:sum,source,computeMeanMalus,
Exponential-capacity-3237-20210301-21:50:10-11287,scalar,Aerocom.aircraft[0].linkSelector,waitingTime:mean,,,0.57934243457988
Exponential-capacity-3237-20210301-21:50:10-11287,attr,Aerocom.aircraft[0].linkSelector,waitingTime:mean,,,
Exponential-capacity-3237-20210301-21:50:10-11287,attr,Aerocom.aircraft[0].linkSelector,waitingTime:mean,source,computeWaitingTime,
Exponential-capacity-3237-20210301-21:50:10-11287,scalar,Aerocom.aircraft[0].linkSelector,serviceTime:mean,,,0.0072036838530409
Exponential-capacity-3237-20210301-21:50:10-11287,attr,Aerocom.aircraft[0].linkSelector,serviceTime:mean,,,
Exponential-capacity-3237-20210301-21:50:10-11287,attr,Aerocom.aircraft[0].linkSelector,serviceTime:mean,source,computeServiceTime,
Exponential-capacity-3237-20210301-21:50:10-11287,scalar,Aerocom.aircraft[0].linkSelector,queueLength:mean,,,28.582894535044
Exponential-capacity-3237-20210301-21:50:10-11287,attr,Aerocom.aircraft[0].linkSelector,queueLength:mean,,,
Exponential-capacity-3237-20210301-21:50:10-11287,attr,Aerocom.aircraft[0].linkSelector,queueLength:mean,source,computeQueueLength,
Exponential-capacity-3237-20210301-21:50:10-11287,scalar,Aerocom.aircraft[0].dataLink[0],sentPackets:count,,,790
Exponential-capacity-3237-20210301-21:50:10-11287,attr,Aerocom.aircraft[0].dataLink[0],sentPackets:count,source,computeSentPackets,
Exponential-capacity-3237-20210301-21:50:10-11287,scalar,Aerocom.aircraft[0].dataLink[0],actualCapacity:mean,,,9337.9338422392
Exponential-capacity-3237-20210301-21:50:10-11287,attr,Aerocom.aircraft[0].dataLink[0],actualCapacity:mean,,,
Exponential-capacity-3237-20210301-21:50:10-11287,attr,Aerocom.aircraft[0].dataLink[0],actualCapacity:mean,source,computeActualCapacity,
Exponential-capacity-3237-20210301-21:50:10-11287,scalar,Aerocom.aircraft[0].dataLink[1],sentPackets:count,,,1294
Exponential-capacity-3237-20210301-21:50:10-11287,attr,Aerocom.aircraft[0].dataLink[1],sentPackets:count,source,computeSentPackets,
Exponential-capacity-3237-20210301-21:50:10-11287,scalar,Aerocom.aircraft[0].dataLink[1],actualCapacity:mean,,,9479.2698795181
Exponential-capacity-3237-20210301-21:50:10-11287,attr,Aerocom.aircraft[0].dataLink[1],actualCapacity:mean,,,
Exponential-capacity-3237-20210301-21:50:10-11287,attr,Aerocom.aircraft[0].dataLink[1],actualCapacity:mean,source,computeActualCapacity,
Exponential-capacity-3237-20210301-21:50:10-11287,scalar,Aerocom.aircraft[0].dataLink[2],sentPackets:count,,,1488
Exponential-capacity-3237-20210301-21:50:10-11287,attr,Aerocom.aircraft[0].dataLink[2],sentPackets:count,source,computeSentPackets,
Exponential-capacity-3237-20210301-21:50:10-11287,scalar,Aerocom.aircraft[0].dataLink[2],actualCapacity:mean,,,9482.2494490965
Exponential-capacity-3237-20210301-21:50:10-11287,attr,Aerocom.aircraft[0].dataLink[2],actualCapacity:mean,,,
Exponential-capacity-3237-20210301-21:50:10-11287,attr,Aerocom.aircraft[0].dataLink[2],actualCapacity:mean,source,computeActualCapacity,
Exponential-capacity-3237-20210301-21:50:10-11287,scalar,Aerocom.aircraft[0].dataLink[3],sentPackets:count,,,828
Exponential-capacity-3237-20210301-21:50:10-11287,attr,Aerocom.aircraft[0].dataLink[3],sentPackets:count,source,computeSentPackets,
Exponential-capacity-3237-20210301-21:50:10-11287,scalar,Aerocom.aircraft[0].dataLink[3],actualCapacity:mean,,,9362.9962709758
Exponential-capacity-3237-20210301-21:50:10-11287,attr,Aerocom.aircraft[0].dataLink[3],actualCapacity:mean,,,
Exponential-capacity-3237-20210301-21:50:10-11287,attr,Aerocom.aircraft[0].dataLink[3],actualCapacity:mean,source,computeActualCapacity,
Exponential-capacity-3237-20210301-21:50:10-11287,scalar,Aerocom.aircraft[0].dataLink[4],sentPackets:count,,,2246
Exponential-capacity-3237-20210301-21:50:10-11287,attr,Aerocom.aircraft[0].dataLink[4],sentPackets:count,source,computeSentPackets,
Exponential-capacity-3237-20210301-21:50:10-11287,scalar,Aerocom.aircraft[0].dataLink[4],actualCapacity:mean,,,9552.787037037
Exponential-capacity-3237-20210301-21:50:10-11287,attr,Aerocom.aircraft[0].dataLink[4],actualCapacity:mean,,,
Exponential-capacity-3237-20210301-21:50:10-11287,attr,Aerocom.aircraft[0].dataLink[4],actualCapacity:mean,source,computeActualCapacity,
Exponential-capacity-3237-20210301-21:50:10-11287,scalar,Aerocom.aircraft[0].dataLink[5],sentPackets:count,,,858
Exponential-capacity-3237-20210301-21:50:10-11287,attr,Aerocom.aircraft[0].dataLink[5],sentPackets:count,source,computeSentPackets,
Exponential-capacity-3237-20210301-21:50:10-11287,scalar,Aerocom.aircraft[0].dataLink[5],actualCapacity:mean,,,9302.9951070336
Exponential-capacity-3237-20210301-21:50:10-11287,attr,Aerocom.aircraft[0].dataLink[5],actualCapacity:mean,,,
Exponential-capacity-3237-20210301-21:50:10-11287,attr,Aerocom.aircraft[0].dataLink[5],actualCapacity:mean,source,computeActualCapacity,
Exponential-capacity-3237-20210301-21:50:10-11287,scalar,Aerocom.aircraft[0].dataLink[6],sentPackets:count,,,1222
Exponential-capacity-3237-20210301-21:50:10-11287,attr,Aerocom.aircraft[0].dataLink[6],sentPackets:count,source,computeSentPackets,
Exponential-capacity-3237-20210301-21:50:10-11287,scalar,Aerocom.aircraft[0].dataLink[6],actualCapacity:mean,,,9391.5516209476
Exponential-capacity-3237-20210301-21:50:10-11287,attr,Aerocom.aircraft[0].dataLink[6],actualCapacity:mean,,,
Exponential-capacity-3237-20210301-21:50:10-11287,attr,Aerocom.aircraft[0].dataLink[6],actualCapacity:mean,source,computeActualCapacity,
Exponential-capacity-3237-20210301-21:50:10-11287,scalar,Aerocom.aircraft[0].dataLink[7],sentPackets:count,,,1128
Exponential-capacity-3237-20210301-21:50:10-11287,attr,Aerocom.aircraft[0].dataLink[7],sentPackets:count,source,computeSentPackets,
Exponential-capacity-3237-20210301-21:50:10-11287,scalar,Aerocom.aircraft[0].dataLink[7],actualCapacity:mean,,,9406.6554973822
Exponential-capacity-3237-20210301-21:50:10-11287,attr,Aerocom.aircraft[0].dataLink[7],actualCapacity:mean,,,
Exponential-capacity-3237-20210301-21:50:10-11287,attr,Aerocom.aircraft[0].dataLink[7],actualCapacity:mean,source,computeActualCapacity,
Exponential-capacity-3237-20210301-21:50:10-11287,scalar,Aerocom.aircraft[0].dataLink[8],sentPackets:count,,,1379
Exponential-capacity-3237-20210301-21:50:10-11287,attr,Aerocom.aircraft[0].dataLink[8],sentPackets:count,source,computeSentPackets,
Exponential-capacity-3237-20210301-21:50:10-11287,scalar,Aerocom.aircraft[0].dataLink[8],actualCapacity:mean,,,9476.9949168207
Exponential-capacity-3237-20210301-21:50:10-11287,attr,Aerocom.aircraft[0].dataLink[8],actualCapacity:mean,,,
Exponential-capacity-3237-20210301-21:50:10-11287,attr,Aerocom.aircraft[0].dataLink[8],actualCapacity:mean,source,computeActualCapacity,
Exponential-capacity-3237-20210301-21:50:10-11287,scalar,Aerocom.aircraft[0].dataLink[9],sentPackets:count,,,956
Exponential-capacity-3237-20210301-21:50:10-11287,attr,Aerocom.aircraft[0].dataLink[9],sentPackets:count,source,computeSentPackets,
Exponential-capacity-3237-20210301-21:50:10-11287,scalar,Aerocom.aircraft[0].dataLink[9],actualCapacity:mean,,,9382.7613571018
Exponential-capacity-3237-20210301-21:50:10-11287,attr,Aerocom.aircraft[0].dataLink[9],actualCapacity:mean,,,
Exponential-capacity-3237-20210301-21:50:10-11287,attr,Aerocom.aircraft[0].dataLink[9],actualCapacity:mean,source,computeActualCapacity,
Exponential-capacity-3237-20210301-21:50:10-11287,scalar,Aerocom.aircraft[0].dataLink[10],sentPackets:count,,,1761
Exponential-capacity-3237-20210301-21:50:10-11287,attr,Aerocom.aircraft[0].dataLink[10],sentPackets:count,source,computeSentPackets,
Exponential-capacity-3237-20210301-21:50:10-11287,scalar,Aerocom.aircraft[0].dataLink[10],actualCapacity:mean,,,9494.0149429807
Exponential-capacity-3237-20210301-21:50:10-11287,attr,Aerocom.aircraft[0].dataLink[10],actualCapacity:mean,,,
Exponential-capacity-3237-20210301-21:50:10-11287,attr,Aerocom.aircraft[0].dataLink[10],actualCapacity:mean,source,computeActualCapacity,
Exponential-capacity-3237-20210301-21:50:10-11287,scalar,Aerocom.aircraft[0].dataLink[11],sentPackets:count,,,1107
Exponential-capacity-3237-20210301-21:50:10-11287,attr,Aerocom.aircraft[0].dataLink[11],sentPackets:count,source,computeSentPackets,
Exponential-capacity-3237-20210301-21:50:10-11287,scalar,Aerocom.aircraft[0].dataLink[11],actualCapacity:mean,,,9454.5053078556
Exponential-capacity-3237-20210301-21:50:10-11287,attr,Aerocom.aircraft[0].dataLink[11],actualCapacity:mean,,,
Exponential-capacity-3237-20210301-21:50:10-11287,attr,Aerocom.aircraft[0].dataLink[11],actualCapacity:mean,source,computeActualCapacity,
Exponential-capacity-3237-20210301-21:50:10-11287,scalar,Aerocom.aircraft[0].dataLink[12],sentPackets:count,,,1189
Exponential-capacity-3237-20210301-21:50:10-11287,attr,Aerocom.aircraft[0].dataLink[12],sentPackets:count,source,computeSentPackets,
Exponential-capacity-3237-20210301-21:50:10-11287,scalar,Aerocom.aircraft[0].dataLink[12],actualCapacity:mean,,,9448.736975215
Exponential-capacity-3237-20210301-21:50:10-11287,attr,Aerocom.aircraft[0].dataLink[12],actualCapacity:mean,,,
Exponential-capacity-3237-20210301-21:50:10-11287,attr,Aerocom.aircraft[0].dataLink[12],actualCapacity:mean,source,computeActualCapacity,
Exponential-capacity-3237-20210301-21:50:10-11287,scalar,Aerocom.aircraft[0].dataLink[13],sentPackets:count,,,454
Exponential-capacity-3237-20210301-21:50:10-11287,attr,Aerocom.aircraft[0].dataLink[13],sentPackets:count,source,computeSentPackets,
Exponential-capacity-3237-20210301-21:50:10-11287,scalar,Aerocom.aircraft[0].dataLink[13],actualCapacity:mean,,,9163.6380566802
Exponential-capacity-3237-20210301-21:50:10-11287,attr,Aerocom.aircraft[0].dataLink[13],actualCapacity:mean,,,
Exponential-capacity-3237-20210301-21:50:10-11287,attr,Aerocom.aircraft[0].dataLink[13],actualCapacity:mean,source,computeActualCapacity,
Exponential-capacity-3237-20210301-21:50:10-11287,scalar,Aerocom.aircraft[0].dataLink[14],sentPackets:count,,,1697
Exponential-capacity-3237-20210301-21:50:10-11287,attr,Aerocom.aircraft[0].dataLink[14],sentPackets:count,source,computeSentPackets,
Exponential-capacity-3237-20210301-21:50:10-11287,scalar,Aerocom.aircraft[0].dataLink[14],actualCapacity:mean,,,9515.2857720291
Exponential-capacity-3237-20210301-21:50:10-11287,attr,Aerocom.aircraft[0].dataLink[14],actualCapacity:mean,,,
Exponential-capacity-3237-20210301-21:50:10-11287,attr,Aerocom.aircraft[0].dataLink[14],actualCapacity:mean,source,computeActualCapacity,
Exponential-capacity-3237-20210301-21:50:10-11287,scalar,Aerocom.aircraft[0].dataLink[15],sentPackets:count,,,1164
Exponential-capacity-3237-20210301-21:50:10-11287,attr,Aerocom.aircraft[0].dataLink[15],sentPackets:count,source,computeSentPackets,
Exponential-capacity-3237-20210301-21:50:10-11287,scalar,Aerocom.aircraft[0].dataLink[15],actualCapacity:mean,,,9432.6658084449
Exponential-capacity-3237-20210301-21:50:10-11287,attr,Aerocom.aircraft[0].dataLink[15],actualCapacity:mean,,,
Exponential-capacity-3237-20210301-21:50:10-11287,attr,Aerocom.aircraft[0].dataLink[15],actualCapacity:mean,source,computeActualCapacity,
Exponential-capacity-3237-20210301-21:50:10-11287,scalar,Aerocom.controlTower,receivedPackets:count,,,19561
Exponential-capacity-3237-20210301-21:50:10-11287,attr,Aerocom.controlTower,receivedPackets:count,source,computeReceivedPackets,
Exponential-capacity-3238-20210301-21:50:11-11287,scalar,Aerocom.aircraft[0].linkSelector,responseTime:mean,,,0.56592021509494
Exponential-capacity-3238-20210301-21:50:11-11287,attr,Aerocom.aircraft[0].linkSelector,responseTime:mean,,,
Exponential-capacity-3238-20210301-21:50:11-11287,attr,Aerocom.aircraft[0].linkSelector,responseTime:mean,source,computeResponseTime,
Exponential-capacity-3238-20210301-21:50:11-11287,scalar,Aerocom.aircraft[0].linkSelector,meanMalus:sum,,,13006
Exponential-capacity-3238-20210301-21:50:11-11287,attr,Aerocom.aircraft[0].linkSelector,meanMalus:sum,,,
Exponential-capacity-3238-20210301-21:50:11-11287,attr,Aerocom.aircraft[0].linkSelector,meanMalus:sum,source,computeMeanMalus,
Exponential-capacity-3238-20210301-21:50:11-11287,scalar,Aerocom.aircraft[0].linkSelector,waitingTime:mean,,,0.55877231803604
Exponential-capacity-3238-20210301-21:50:11-11287,attr,Aerocom.aircraft[0].linkSelector,waitingTime:mean,,,
Exponential-capacity-3238-20210301-21:50:11-11287,attr,Aerocom.aircraft[0].linkSelector,waitingTime:mean,source,computeWaitingTime,
Exponential-capacity-3238-20210301-21:50:11-11287,scalar,Aerocom.aircraft[0].linkSelector,serviceTime:mean,,,0.0071934007184655
Exponential-capacity-3238-20210301-21:50:11-11287,attr,Aerocom.aircraft[0].linkSelector,serviceTime:mean,,,
Exponential-capacity-3238-20210301-21:50:11-11287,attr,Aerocom.aircraft[0].linkSelector,serviceTime:mean,source,computeServiceTime,
Exponential-capacity-3238-20210301-21:50:11-11287,scalar,Aerocom.aircraft[0].linkSelector,queueLength:mean,,,27.347812580896
Exponential-capacity-3238-20210301-21:50:11-11287,attr,Aerocom.aircraft[0].linkSelector,queueLength:mean,,,
Exponential-capacity-3238-20210301-21:50:11-11287,attr,Aerocom.aircraft[0].linkSelector,queueLength:mean,source,computeQueueLength,
Exponential-capacity-3238-20210301-21:50:11-11287,scalar,Aerocom.aircraft[0].dataLink[0],sentPackets:count,,,758
Exponential-capacity-3238-20210301-21:50:11-11287,attr,Aerocom.aircraft[0].dataLink[0],sentPackets:count,source,computeSentPackets,
Exponential-capacity-3238-20210301-21:50:11-11287,scalar,Aerocom.aircraft[0].dataLink[0],actualCapacity:mean,,,9291.5374592834
Exponential-capacity-3238-20210301-21:50:11-11287,attr,Aerocom.aircraft[0].dataLink[0],actualCapacity:mean,,,
Exponential-capacity-3238-20210301-21:50:11-11287,attr,Aerocom.aircraft[0].dataLink[0],actualCapacity:mean,source,computeActualCapacity,
Exponential-capacity-3238-20210301-21:50:11-11287,scalar,Aerocom.aircraft[0].dataLink[1],sentPackets:count,,,1168
Exponential-capacity-3238-20210301-21:50:11-11287,attr,Aerocom.aircraft[0].dataLink[1],sentPackets:count,source,computeSentPackets,
Exponential-capacity-3238-20210301-21:50:11-11287,scalar,Aerocom.aircraft[0].dataLink[1],actualCapacity:mean,,,9430.8001027749
Exponential-capacity-3238-20210301-21:50:11-11287,attr,Aerocom.aircraft[0].dataLink[1],actualCapacity:mean,,,
Exponential-capacity-3238-20210301-21:50:11-11287,attr,Aerocom.aircraft[0].dataLink[1],actualCapacity:mean,source,computeActualCapacity,
Exponential-capacity-3238-20210301-21:50:11-11287,scalar,Aerocom.aircraft[0].dataLink[2],sentPackets:count,,,1305
Exponential-capacity-3238-20210301-21:50:11-11287,attr,Aerocom.aircraft[0].dataLink[2],sentPackets:count,source,computeSentPackets,
Exponential-capacity-3238-20210301-21:50:11-11287,scalar,Aerocom.aircraft[0].dataLink[2],actualCapacity:mean,,,9439.416426513
Exponential-capacity-3238-20210301-21:50:11-11287,attr,Aerocom.aircraft[0].dataLink[2],actualCapacity:mean,,,
Exponential-capacity-3238-20210301-21:50:11-11287,attr,Aerocom.aircraft[0].dataLink[2],actualCapacity:mean,source,computeActualCapacity,
Exponential-capacity-3238-20210301-21:50:11-11287,scalar,Aerocom.aircraft[0].dataLink[3],sentPackets:count,,,1295
Exponential-capacity-3238-20210301-21:50:11-11287,attr,Aerocom.aircraft[0].dataLink[3],sentPackets:count,source,computeSentPackets,
Exponential-capacity-3238-20210301-21:50:11-11287,scalar,Aerocom.aircraft[0].dataLink[3],actualCapacity:mean,,,9440.1536608863
Exponential-capacity-3238-20210301-21:50:11-11287,attr,Aerocom.aircraft[0].dataLink[3],actualCapacity:mean,,,
Exponential-capacity-3238-20210301-21:50:11-11287,attr,Aerocom.aircraft[0].dataLink[3],actualCapacity:mean,source,computeActualCapacity,
Exponential-capacity-3238-20210301-21:50:11-11287,scalar,Aerocom.aircraft[0].dataLink[4],sentPackets:count,,,648
Exponential-capacity-3238-20210301-21:50:11-11287,attr,Aerocom.aircraft[0].dataLink[4],sentPackets:count,source,computeSentPackets,
Exponential-capacity-3238-20210301-21:50:11-11287,scalar,Aerocom.aircraft[0].dataLink[4],actualCapacity:mean,,,9312.0545073375
Exponential-capacity-3238-20210301-21:50:11-11287,attr,Aerocom.aircraft[0].dataLink[4],actualCapacity:mean,,,
Exponential-capacity-3238-20210301-21:50:11-11287,attr,Aerocom.aircraft[0].dataLink[4],actualCapacity:mean,source,computeActualCapacity,
Exponential-capacity-3238-20210301-21:50:11-11287,scalar,Aerocom.aircraft[0].dataLink[5],sentPackets:count,,,669
Exponential-capacity-3238-20210301-21:50:11-11287,attr,Aerocom.aircraft[0].dataLink[5],sentPackets:count,source,computeSentPackets,
Exponential-capacity-3238-20210301-21:50:11-11287,scalar,Aerocom.aircraft[0].dataLink[5],actualCapacity:mean,,,9351.9512697323
Exponential-capacity-3238-20210301-21:50:11-11287,attr,Aerocom.aircraft[0].dataLink[5],actualCapacity:mean,,,
Exponential-capacity-3238-20210301-21:50:11-11287,attr,Aerocom.aircraft[0].dataLink[5],actualCapacity:mean,source,computeActualCapacity,
Exponential-capacity-3238-20210301-21:50:11-11287,scalar,Aerocom.aircraft[0].dataLink[6],sentPackets:count,,,1518
Exponential-capacity-3238-20210301-21:50:11-11287,attr,Aerocom.aircraft[0].dataLink[6],sentPackets:count,source,computeSentPackets,
Exponential-capacity-3238-20210301-21:50:11-11287,scalar,Aerocom.aircraft[0].dataLink[6],actualCapacity:mean,,,9502.046562228
Exponential-capacity-3238-20210301-21:50:11-11287,attr,Aerocom.aircraft[0].dataLink[6],actualCapacity:mean,,,
Exponential-capacity-3238-20210301-21:50:11-11287,attr,Aerocom.aircraft[0].dataLink[6],actualCapacity:mean,source,computeActualCapacity,
Exponential-capacity-3238-20210301-21:50:11-11287,scalar,Aerocom.aircraft[0].dataLink[7],sentPackets:count,,,2312
Exponential-capacity-3238-20210301-21:50:11-11287,attr,Aerocom.aircraft[0].dataLink[7],sentPackets:count,source,computeSentPackets,
Exponential-capacity-3238-20210301-21:50:11-11287,scalar,Aerocom.aircraft[0].dataLink[7],actualCapacity:mean,,,9583.8585271318
Exponential-capacity-3238-20210301-21:50:11-11287,attr,Aerocom.aircraft[0].dataLink[7],actualCapacity:mean,,,
Exponential-capacity-3238-20210301-21:50:11-11287,attr,Aerocom.aircraft[0].dataLink[7],actualCapacity:mean,source,computeActualCapacity,
Exponential-capacity-3238-20210301-21:50:11-11287,scalar,Aerocom.aircraft[0].dataLink[8],sentPackets:count,,,1023
Exponential-capacity-3238-20210301-21:50:11-11287,attr,Aerocom.aircraft[0].dataLink[8],sentPackets:count,source,computeSentPackets,
Exponential-capacity-3238-20210301-21:50:11-11287,scalar,Aerocom.aircraft[0].dataLink[8],actualCapacity:mean,,,9409.5998893193
Exponential-capacity-3238-20210301-21:50:11-11287,attr,Aerocom.aircraft[0].dataLink[8],actualCapacity:mean,,,
Exponential-capacity-3238-20210301-21:50:11-11287,attr,Aerocom.aircraft[0].dataLink[8],actualCapacity:mean,source,computeActualCapacity,
Exponential-capacity-3238-20210301-21:50:11-11287,scalar,Aerocom.aircraft[0].dataLink[9],sentPackets:count,,,1095
Exponential-capacity-3238-20210301-21:50:11-11287,attr,Aerocom.aircraft[0].dataLink[9],sentPackets:count,source,computeSentPackets,
Exponential-capacity-3238-20210301-21:50:11-11287,scalar,Aerocom.aircraft[0].dataLink[9],actualCapacity:mean,,,9376.6914498141
Exponential-capacity-3238-20210301-21:50:11-11287,attr,Aerocom.aircraft[0].dataLink[9],actualCapacity:mean,,,
Exponential-capacity-3238-20210301-21:50:11-11287,attr,Aerocom.aircraft[0].dataLink[9],actualCapacity:mean,source,computeActualCapacity,
Exponential-capacity-3238-20210301-21:50:11-11287,scalar,Aerocom.aircraft[0].dataLink[10],sentPackets:count,,,1522
Exponential-capacity-3238-20210301-21:50:11-11287,attr,Aerocom.aircraft[0].dataLink[10],sentPackets:count,source,computeSentPackets,
Exponential-capacity-3238-20210301-21:50:11-11287,scalar,Aerocom.aircraft[0].dataLink[10],actualCapacity:mean,,,9510.6389250108
Exponential-capacity-3238-20210301-21:50:11-11287,attr,Aerocom.aircraft[0].dataLink[10],actualCapacity:mean,,,
Exponential-capacity-3238-20210301-21:50:11-11287,attr,Aerocom.aircraft[0].dataLink[10],actualCapacity:mean,source,computeActualCapacity,
Exponential-capacity-3238-20210301-21:50:11-11287,scalar,Aerocom.aircraft[0].dataLink[11],sentPackets:count,,,1308
Exponential-capacity-3238-20210301-21:50:11-11287,attr,Aerocom.aircraft[0].dataLink[11],sentPackets:count,source,computeSentPackets,
Exponential-capacity-3238-20210301-21:50:11-11287,scalar,Aerocom.aircraft[0].dataLink[11],actualCapacity:mean,,,9420.1544364508
Exponential-capacity-3238-20210301-21:50:11-11287,attr,Aerocom.aircraft[0].dataLink[11],actualCapacity:mean,,,
Exponential-capacity-3238-20210301-21:50:11-11287,attr,Aerocom.aircraft[0].dataLink[11],actualCapacity:mean,source,computeActualCapacity,
Exponential-capacity-3238-20210301-21:50:11-11287,scalar,Aerocom.aircraft[0].dataLink[12],sentPackets:count,,,1296
Exponential-capacity-3238-20210301-21:50:11-11287,attr,Aerocom.aircraft[0].dataLink[12],sentPackets:count,source,computeSentPackets,
Exponential-capacity-3238-20210301-21:50:11-11287,scalar,Aerocom.aircraft[0].dataLink[12],actualCapacity:mean,,,9474.8265895954
Exponential-capacity-3238-20210301-21:50:11-11287,attr,Aerocom.aircraft[0].dataLink[12],actualCapacity:mean,,,
Exponential-capacity-3238-20210301-21:50:11-11287,attr,Aerocom.aircraft[0].dataLink[12],actualCapacity:mean,source,computeActualCapacity,
Exponential-capacity-3238-20210301-21:50:11-11287,scalar,Aerocom.aircraft[0].dataLink[13],sentPackets:count,,,874
Exponential-capacity-3238-20210301-21:50:11-11287,attr,Aerocom.aircraft[0].dataLink[13],sentPackets:count,source,computeSentPackets,
Exponential-capacity-3238-20210301-21:50:11-11287,scalar,Aerocom.aircraft[0].dataLink[13],actualCapacity:mean,,,9369.818401937
Exponential-capacity-3238-20210301-21:50:11-11287,attr,Aerocom.aircraft[0].dataLink[13],actualCapacity:mean,,,
Exponential-capacity-3238-20210301-21:50:11-11287,attr,Aerocom.aircraft[0].dataLink[13],actualCapacity:mean,source,computeActualCapacity,
Exponential-capacity-3238-20210301-21:50:11-11287,scalar,Aerocom.aircraft[0].dataLink[14],sentPackets:count,,,1459
Exponential-capacity-3238-20210301-21:50:11-11287,attr,Aerocom.aircraft[0].dataLink[14],sentPackets:count,source,computeSentPackets,
Exponential-capacity-3238-20210301-21:50:11-11287,scalar,Aerocom.aircraft[0].dataLink[14],actualCapacity:mean,,,9562.7013857845
Exponential-capacity-3238-20210301-21:50:11-11287,attr,Aerocom.aircraft[0].dataLink[14],actualCapacity:mean,,,
Exponential-capacity-3238-20210301-21:50:11-11287,attr,Aerocom.aircraft[0].dataLink[14],actualCapacity:mean,source,computeActualCapacity,
Exponential-capacity-3238-20210301-21:50:11-11287,scalar,Aerocom.aircraft[0].dataLink[15],sentPackets:count,,,1064
Exponential-capacity-3238-20210301-21:50:11-11287,attr,Aerocom.aircraft[0].dataLink[15],sentPackets:count,source,computeSentPackets,
Exponential-capacity-3238-20210301-21:50:11-11287,scalar,Aerocom.aircraft[0].dataLink[15],actualCapacity:mean,,,9410.5789473684
Exponential-capacity-3238-20210301-21:50:11-11287,attr,Aerocom.aircraft[0].dataLink[15],actualCapacity:mean,,,
Exponential-capacity-3238-20210301-21:50:11-11287,attr,Aerocom.aircraft[0].dataLink[15],actualCapacity:mean,source,computeActualCapacity,
Exponential-capacity-3238-20210301-21:50:11-11287,scalar,Aerocom.controlTower,receivedPackets:count,,,19314
Exponential-capacity-3238-20210301-21:50:11-11287,attr,Aerocom.controlTower,receivedPackets:count,source,computeReceivedPackets,
Exponential-capacity-3239-20210301-21:50:11-11287,scalar,Aerocom.aircraft[0].linkSelector,responseTime:mean,,,0.52963745908892
Exponential-capacity-3239-20210301-21:50:11-11287,attr,Aerocom.aircraft[0].linkSelector,responseTime:mean,,,
Exponential-capacity-3239-20210301-21:50:11-11287,attr,Aerocom.aircraft[0].linkSelector,responseTime:mean,source,computeResponseTime,
Exponential-capacity-3239-20210301-21:50:11-11287,scalar,Aerocom.aircraft[0].linkSelector,meanMalus:sum,,,11436
Exponential-capacity-3239-20210301-21:50:11-11287,attr,Aerocom.aircraft[0].linkSelector,meanMalus:sum,,,
Exponential-capacity-3239-20210301-21:50:11-11287,attr,Aerocom.aircraft[0].linkSelector,meanMalus:sum,source,computeMeanMalus,
Exponential-capacity-3239-20210301-21:50:11-11287,scalar,Aerocom.aircraft[0].linkSelector,waitingTime:mean,,,0.52245086577674
Exponential-capacity-3239-20210301-21:50:11-11287,attr,Aerocom.aircraft[0].linkSelector,waitingTime:mean,,,
Exponential-capacity-3239-20210301-21:50:11-11287,attr,Aerocom.aircraft[0].linkSelector,waitingTime:mean,source,computeWaitingTime,
Exponential-capacity-3239-20210301-21:50:11-11287,scalar,Aerocom.aircraft[0].linkSelector,serviceTime:mean,,,0.0071865933122042
Exponential-capacity-3239-20210301-21:50:11-11287,attr,Aerocom.aircraft[0].linkSelector,serviceTime:mean,,,
Exponential-capacity-3239-20210301-21:50:11-11287,attr,Aerocom.aircraft[0].linkSelector,serviceTime:mean,source,computeServiceTime,
Exponential-capacity-3239-20210301-21:50:11-11287,scalar,Aerocom.aircraft[0].linkSelector,queueLength:mean,,,26.398844817011
Exponential-capacity-3239-20210301-21:50:11-11287,attr,Aerocom.aircraft[0].linkSelector,queueLength:mean,,,
Exponential-capacity-3239-20210301-21:50:11-11287,attr,Aerocom.aircraft[0].linkSelector,queueLength:mean,source,computeQueueLength,
Exponential-capacity-3239-20210301-21:50:11-11287,scalar,Aerocom.aircraft[0].dataLink[0],sentPackets:count,,,1535
Exponential-capacity-3239-20210301-21:50:11-11287,attr,Aerocom.aircraft[0].dataLink[0],sentPackets:count,source,computeSentPackets,
Exponential-capacity-3239-20210301-21:50:11-11287,scalar,Aerocom.aircraft[0].dataLink[0],actualCapacity:mean,,,9493.3225108225
Exponential-capacity-3239-20210301-21:50:11-11287,attr,Aerocom.aircraft[0].dataLink[0],actualCapacity:mean,,,
Exponential-capacity-3239-20210301-21:50:11-11287,attr,Aerocom.aircraft[0].dataLink[0],actualCapacity:mean,source,computeActualCapacity,
Exponential-capacity-3239-20210301-21:50:11-11287,scalar,Aerocom.aircraft[0].dataLink[1],sentPackets:count,,,675
Exponential-capacity-3239-20210301-21:50:11-11287,attr,Aerocom.aircraft[0].dataLink[1],sentPackets:count,source,computeSentPackets,
Exponential-capacity-3239-20210301-21:50:11-11287,scalar,Aerocom.aircraft[0].dataLink[1],actualCapacity:mean,,,9301.7649484536
Exponential-capacity-3239-20210301-21:50:11-11287,attr,Aerocom.aircraft[0].dataLink[1],actualCapacity:mean,,,
Exponential-capacity-3239-20210301-21:50:11-11287,attr,Aerocom.aircraft[0].dataLink[1],actualCapacity:mean,source,computeActualCapacity,
Exponential-capacity-3239-20210301-21:50:11-11287,scalar,Aerocom.aircraft[0].dataLink[2],sentPackets:count,,,1139
Exponential-capacity-3239-20210301-21:50:11-11287,attr,Aerocom.aircraft[0].dataLink[2],sentPackets:count,source,computeSentPackets,
Exponential-capacity-3239-20210301-21:50:11-11287,scalar,Aerocom.aircraft[0].dataLink[2],actualCapacity:mean,,,9411.6855804269
Exponential-capacity-3239-20210301-21:50:11-11287,attr,Aerocom.aircraft[0].dataLink[2],actualCapacity:mean,,,
Exponential-capacity-3239-20210301-21:50:11-11287,attr,Aerocom.aircraft[0].dataLink[2],actualCapacity:mean,source,computeActualCapacity,
Exponential-capacity-3239-20210301-21:50:11-11287,scalar,Aerocom.aircraft[0].dataLink[3],sentPackets:count,,,348
Exponential-capacity-3239-20210301-21:50:11-11287,attr,Aerocom.aircraft[0].dataLink[3],sentPackets:count,source,computeSentPackets,
Exponential-capacity-3239-20210301-21:50:11-11287,scalar,Aerocom.aircraft[0].dataLink[3],actualCapacity:mean,,,9199.0593445527
Exponential-capacity-3239-20210301-21:50:11-11287,attr,Aerocom.aircraft[0].dataLink[3],actualCapacity:mean,,,
Exponential-capacity-3239-20210301-21:50:11-11287,attr,Aerocom.aircraft[0].dataLink[3],actualCapacity:mean,source,computeActualCapacity,
Exponential-capacity-3239-20210301-21:50:11-11287,scalar,Aerocom.aircraft[0].dataLink[4],sentPackets:count,,,1447
Exponential-capacity-3239-20210301-21:50:11-11287,attr,Aerocom.aircraft[0].dataLink[4],sentPackets:count,source,computeSentPackets,
Exponential-capacity-3239-20210301-21:50:11-11287,scalar,Aerocom.aircraft[0].dataLink[4],actualCapacity:mean,,,9510.8914798206
Exponential-capacity-3239-20210301-21:50:11-11287,attr,Aerocom.aircraft[0].dataLink[4],actualCapacity:mean,,,
Exponential-capacity-3239-20210301-21:50:11-11287,attr,Aerocom.aircraft[0].dataLink[4],actualCapacity:mean,source,computeActualCapacity,
Exponential-capacity-3239-20210301-21:50:11-11287,scalar,Aerocom.aircraft[0].dataLink[5],sentPackets:count,,,2031
Exponential-capacity-3239-20210301-21:50:11-11287,attr,Aerocom.aircraft[0].dataLink[5],sentPackets:count,source,computeSentPackets,
Exponential-capacity-3239-20210301-21:50:11-11287,scalar,Aerocom.aircraft[0].dataLink[5],actualCapacity:mean,,,9586.5568627451
Exponential-capacity-3239-20210301-21:50:11-11287,attr,Aerocom.aircraft[0].dataLink[5],actualCapacity:mean,,,
Exponential-capacity-3239-20210301-21:50:11-11287,attr,Aerocom.aircraft[0].dataLink[5],actualCapacity:mean,source,computeActualCapacity,
Exponential-capacity-3239-20210301-21:50:11-11287,scalar,Aerocom.aircraft[0].dataLink[6],sentPackets:count,,,1658
Exponential-capacity-3239-20210301-21:50:11-11287,attr,Aerocom.aircraft[0].dataLink[6],sentPackets:count,source,computeSentPackets,
Exponential-capacity-3239-20210301-21:50:11-11287,scalar,Aerocom.aircraft[0].dataLink[6],actualCapacity:mean,,,9530.4609087188
Exponential-capacity-3239-20210301-21:50:11-11287,attr,Aerocom.aircraft[0].dataLink[6],actualCapacity:mean,,,
Exponential-capacity-3239-20210301-21:50:11-11287,attr,Aerocom.aircraft[0].dataLink[6],actualCapacity:mean,source,computeActualCapacity,
Exponential-capacity-3239-20210301-21:50:11-11287,scalar,Aerocom.aircraft[0].dataLink[7],sentPackets:count,,,1027
Exponential-capacity-3239-20210301-21:50:11-11287,attr,Aerocom.aircraft[0].dataLink[7],sentPackets:count,source,computeSentPackets,
Exponential-capacity-3239-20210301-21:50:11-11287,scalar,Aerocom.aircraft[0].dataLink[7],actualCapacity:mean,,,9386.6775442478
Exponential-capacity-3239-20210301-21:50:11-11287,attr,Aerocom.aircraft[0].dataLink[7],actualCapacity:mean,,,
Exponential-capacity-3239-20210301-21:50:11-11287,attr,Aerocom.aircraft[0].dataLink[7],actualCapacity:mean,source,computeActualCapacity,
Exponential-capacity-3239-20210301-21:50:11-11287,scalar,Aerocom.aircraft[0].dataLink[8],sentPackets:count,,,1418
Exponential-capacity-3239-20210301-21:50:11-11287,attr,Aerocom.aircraft[0].dataLink[8],sentPackets:count,source,computeSentPackets,
Exponential-capacity-3239-20210301-21:50:11-11287,scalar,Aerocom.aircraft[0].dataLink[8],actualCapacity:mean,,,9471.9990892532
Exponential-capacity-3239-20210301-21:50:11-11287,attr,Aerocom.aircraft[0].dataLink[8],actualCapacity:mean,,,
Exponential-capacity-3239-20210301-21:50:11-11287,attr,Aerocom.aircraft[0].dataLink[8],actualCapacity:mean,source,computeActualCapacity,
Exponential-capacity-3239-20210301-21:50:11-11287,scalar,Aerocom.aircraft[0].dataLink[9],sentPackets:count,,,1862
Exponential-capacity-3239-20210301-21:50:11-11287,attr,Aerocom.aircraft[0].dataLink[9],sentPackets:count,source,computeSentPackets,
Exponential-capacity-3239-20210301-21:50:11-11287,scalar,Aerocom.aircraft[0].dataLink[9],actualCapacity:mean,,,9562.2699131748
Exponential-capacity-3239-20210301-21:50:11-11287,attr,Aerocom.aircraft[0].dataLink[9],actualCapacity:mean,,,
Exponential-capacity-3239-20210301-21:50:11-11287,attr,Aerocom.aircraft[0].dataLink[9],actualCapacity:mean,source,computeActualCapacity,
Exponential-capacity-3239-20210301-21:50:11-11287,scalar,Aerocom.aircraft[0].dataLink[10],sentPackets:count,,,905
Exponential-capacity-3239-20210301-21:50:11-11287,attr,Aerocom.aircraft[0].dataLink[10],sentPackets:count,source,computeSentPackets,
Exponential-capacity-3239-20210301-21:50:11-11287,scalar,Aerocom.aircraft[0].dataLink[10],actualCapacity:mean,,,9364.1177514793
Exponential-capacity-3239-20210301-21:50:11-11287,attr,Aerocom.aircraft[0].dataLink[10],actualCapacity:mean,,,
Exponential-capacity-3239-20210301-21:50:11-11287,attr,Aerocom.aircraft[0].dataLink[10],actualCapacity:mean,source,computeActualCapacity,
Exponential-capacity-3239-20210301-21:50:11-11287,scalar,Aerocom.aircraft[0].dataLink[11],sentPackets:count,,,605
Exponential-capacity-3239-20210301-21:50:11-11287,attr,Aerocom.aircraft[0].dataLink[11],sentPackets:count,source,computeSentPackets,
Exponential-capacity-3239-20210301-21:50:11-11287,scalar,Aerocom.aircraft[0].dataLink[11],actualCapacity:mean,,,9293.1594516595
Exponential-capacity-3239-20210301-21:50:11-11287,attr,Aerocom.aircraft[0].dataLink[11],actualCapacity:mean,,,
Exponential-capacity-3239-20210301-21:50:11-11287,attr,Aerocom.aircraft[0].dataLink[11],actualCapacity:mean,source,computeActualCapacity,
Exponential-capacity-3239-20210301-21:50:11-11287,scalar,Aerocom.aircraft[0].dataLink[12],sentPackets:count,,,1334
Exponential-capacity-3239-20210301-21:50:11-11287,attr,Aerocom.aircraft[0].dataLink[12],sentPackets:count,source,computeSentPackets,
Exponential-capacity-3239-20210301-21:50:11-11287,scalar,Aerocom.aircraft[0].dataLink[12],actualCapacity:mean,,,9422.8006613132
Exponential-capacity-3239-20210301-21:50:11-11287,attr,Aerocom.aircraft[0].dataLink[12],actualCapacity:mean,,,
Exponential-capacity-3239-20210301-21:50:11-11287,attr,Aerocom.aircraft[0].dataLink[12],actualCapacity:mean,source,computeActualCapacity,
Exponential-capacity-3239-20210301-21:50:11-11287,scalar,Aerocom.aircraft[0].dataLink[13],sentPackets:count,,,1772
Exponential-capacity-3239-20210301-21:50:11-11287,attr,Aerocom.aircraft[0].dataLink[13],sentPackets:count,source,computeSentPackets,
Exponential-capacity-3239-20210301-21:50:11-11287,scalar,Aerocom.aircraft[0].dataLink[13],actualCapacity:mean,,,9595.1586802828
Exponential-capacity-3239-20210301-21:50:11-11287,attr,Aerocom.aircraft[0].dataLink[13],actualCapacity:mean,,,
Exponential-capacity-3239-20210301-21:50:11-11287,attr,Aerocom.aircraft[0].dataLink[13],actualCapacity:mean,source,computeActualCapacity,
Exponential-capacity-3239-20210301-21:50:11-11287,scalar,Aerocom.aircraft[0].dataLink[14],sentPackets:count,,,1149
Exponential-capacity-3239-20210301-21:50:11-11287,attr,Aerocom.aircraft[0].dataLink[14],sentPackets:count,source,computeSentPackets,
Exponential-capacity-3239-20210301-21:50:11-11287,scalar,Aerocom.aircraft[0].dataLink[14],actualCapacity:mean,,,9374.4994824017
Exponential-capacity-3239-20210301-21:50:11-11287,attr,Aerocom.aircraft[0].dataLink[14],actualCapacity:mean,,,
Exponential-capacity-3239-20210301-21:50:11-11287,attr,Aerocom.aircraft[0].dataLink[14],actualCapacity:mean,source,computeActualCapacity,
Exponential-capacity-3239-20210301-21:50:11-11287,scalar,Aerocom.aircraft[0].dataLink[15],sentPackets:count,,,659
Exponential-capacity-3239-20210301-21:50:11-11287,attr,Aerocom.aircraft[0].dataLink[15],sentPackets:count,source,computeSentPackets,
Exponential-capacity-3239-20210301-21:50:11-11287,scalar,Aerocom.aircraft[0].dataLink[15],actualCapacity:mean,,,9317.990990991
Exponential-capacity-3239-20210301-21:50:11-11287,attr,Aerocom.aircraft[0].dataLink[15],actualCapacity:mean,,,
Exponential-capacity-3239-20210301-21:50:11-11287,attr,Aerocom.aircraft[0].dataLink[15],actualCapacity:mean,source,computeActualCapacity,
Exponential-capacity-3239-20210301-21:50:11-11287,scalar,Aerocom.controlTower,receivedPackets:count,,,19564
Exponential-capacity-3239-20210301-21:50:11-11287,attr,Aerocom.controlTower,receivedPackets:count,source,computeReceivedPackets,
Exponential-capacity-3204-20210301-21:50:09-11267,scalar,Aerocom.aircraft[0].linkSelector,responseTime:mean,,,0.59044546752536
Exponential-capacity-3204-20210301-21:50:09-11267,attr,Aerocom.aircraft[0].linkSelector,responseTime:mean,,,
Exponential-capacity-3204-20210301-21:50:09-11267,attr,Aerocom.aircraft[0].linkSelector,responseTime:mean,source,computeResponseTime,
Exponential-capacity-3204-20210301-21:50:09-11267,scalar,Aerocom.aircraft[0].linkSelector,meanMalus:sum,,,13918
Exponential-capacity-3204-20210301-21:50:09-11267,attr,Aerocom.aircraft[0].linkSelector,meanMalus:sum,,,
Exponential-capacity-3204-20210301-21:50:09-11267,attr,Aerocom.aircraft[0].linkSelector,meanMalus:sum,source,computeMeanMalus,
Exponential-capacity-3204-20210301-21:50:09-11267,scalar,Aerocom.aircraft[0].linkSelector,waitingTime:mean,,,0.5832428468188
Exponential-capacity-3204-20210301-21:50:09-11267,attr,Aerocom.aircraft[0].linkSelector,waitingTime:mean,,,
Exponential-capacity-3204-20210301-21:50:09-11267,attr,Aerocom.aircraft[0].linkSelector,waitingTime:mean,source,computeWaitingTime,
Exponential-capacity-3204-20210301-21:50:09-11267,scalar,Aerocom.aircraft[0].linkSelector,serviceTime:mean,,,0.0071962874586684
Exponential-capacity-3204-20210301-21:50:09-11267,attr,Aerocom.aircraft[0].linkSelector,serviceTime:mean,,,
Exponential-capacity-3204-20210301-21:50:09-11267,attr,Aerocom.aircraft[0].linkSelector,serviceTime:mean,source,computeServiceTime,
Exponential-capacity-3204-20210301-21:50:09-11267,scalar,Aerocom.aircraft[0].linkSelector,queueLength:mean,,,29.790572148255
Exponential-capacity-3204-20210301-21:50:09-11267,attr,Aerocom.aircraft[0].linkSelector,queueLength:mean,,,
Exponential-capacity-3204-20210301-21:50:09-11267,attr,Aerocom.aircraft[0].linkSelector,queueLength:mean,source,computeQueueLength,
Exponential-capacity-3204-20210301-21:50:09-11267,scalar,Aerocom.aircraft[0].dataLink[0],sentPackets:count,,,686
Exponential-capacity-3204-20210301-21:50:09-11267,attr,Aerocom.aircraft[0].dataLink[0],sentPackets:count,source,computeSentPackets,
Exponential-capacity-3204-20210301-21:50:09-11267,scalar,Aerocom.aircraft[0].dataLink[0],actualCapacity:mean,,,9376.7590443686
Exponential-capacity-3204-20210301-21:50:09-11267,attr,Aerocom.aircraft[0].dataLink[0],actualCapacity:mean,,,
Exponential-capacity-3204-20210301-21:50:09-11267,attr,Aerocom.aircraft[0].dataLink[0],actualCapacity:mean,source,computeActualCapacity,
Exponential-capacity-3204-20210301-21:50:09-11267,scalar,Aerocom.aircraft[0].dataLink[1],sentPackets:count,,,1214
Exponential-capacity-3204-20210301-21:50:09-11267,attr,Aerocom.aircraft[0].dataLink[1],sentPackets:count,source,computeSentPackets,
Exponential-capacity-3204-20210301-21:50:09-11267,scalar,Aerocom.aircraft[0].dataLink[1],actualCapacity:mean,,,9399.3279758915
Exponential-capacity-3204-20210301-21:50:09-11267,attr,Aerocom.aircraft[0].dataLink[1],actualCapacity:mean,,,
Exponential-capacity-3204-20210301-21:50:09-11267,attr,Aerocom.aircraft[0].dataLink[1],actualCapacity:mean,source,computeActualCapacity,
Exponential-capacity-3204-20210301-21:50:09-11267,scalar,Aerocom.aircraft[0].dataLink[2],sentPackets:count,,,1300
Exponential-capacity-3204-20210301-21:50:09-11267,attr,Aerocom.aircraft[0].dataLink[2],sentPackets:count,source,computeSentPackets,
Exponential-capacity-3204-20210301-21:50:09-11267,scalar,Aerocom.aircraft[0].dataLink[2],actualCapacity:mean,,,9427.6789827255
Exponential-capacity-3204-20210301-21:50:09-11267,attr,Aerocom.aircraft[0].dataLink[2],actualCapacity:mean,,,
Exponential-capacity-3204-20210301-21:50:09-11267,attr,Aerocom.aircraft[0].dataLink[2],actualCapacity:mean,source,computeActualCapacity,
Exponential-capacity-3204-20210301-21:50:09-11267,scalar,Aerocom.aircraft[0].dataLink[3],sentPackets:count,,,1804
Exponential-capacity-3204-20210301-21:50:09-11267,attr,Aerocom.aircraft[0].dataLink[3],sentPackets:count,source,computeSentPackets,
Exponential-capacity-3204-20210301-21:50:09-11267,scalar,Aerocom.aircraft[0].dataLink[3],actualCapacity:mean,,,9545.62621171
Exponential-capacity-3204-20210301-21:50:09-11267,attr,Aerocom.aircraft[0].dataLink[3],actualCapacity:mean,,,
Exponential-capacity-3204-20210301-21:50:09-11267,attr,Aerocom.aircraft[0].dataLink[3],actualCapacity:mean,source,computeActualCapacity,
Exponential-capacity-3204-20210301-21:50:09-11267,scalar,Aerocom.aircraft[0].dataLink[4],sentPackets:count,,,476
Exponential-capacity-3204-20210301-21:50:09-11267,attr,Aerocom.aircraft[0].dataLink[4],sentPackets:count,source,computeSentPackets,
Exponential-capacity-3204-20210301-21:50:09-11267,scalar,Aerocom.aircraft[0].dataLink[4],actualCapacity:mean,,,9155.4554848967
Exponential-capacity-3204-20210301-21:50:09-11267,attr,Aerocom.aircraft[0].dataLink[4],actualCapacity:mean,,,
Exponential-capacity-3204-20210301-21:50:09-11267,attr,Aerocom.aircraft[0].dataLink[4],actualCapacity:mean,source,computeActualCapacity,
Exponential-capacity-3204-20210301-21:50:09-11267,scalar,Aerocom.aircraft[0].dataLink[5],sentPackets:count,,,1418
Exponential-capacity-3204-20210301-21:50:09-11267,attr,Aerocom.aircraft[0].dataLink[5],sentPackets:count,source,computeSentPackets,
Exponential-capacity-3204-20210301-21:50:09-11267,scalar,Aerocom.aircraft[0].dataLink[5],actualCapacity:mean,,,9471.6356624319
Exponential-capacity-3204-20210301-21:50:09-11267,attr,Aerocom.aircraft[0].dataLink[5],actualCapacity:mean,,,
Exponential-capacity-3204-20210301-21:50:09-11267,attr,Aerocom.aircraft[0].dataLink[5],actualCapacity:mean,source,computeActualCapacity,
Exponential-capacity-3204-20210301-21:50:09-11267,scalar,Aerocom.aircraft[0].dataLink[6],sentPackets:count,,,1228
Exponential-capacity-3204-20210301-21:50:09-11267,attr,Aerocom.aircraft[0].dataLink[6],sentPackets:count,source,computeSentPackets,
Exponential-capacity-3204-20210301-21:50:09-11267,scalar,Aerocom.aircraft[0].dataLink[6],actualCapacity:mean,,,9435.7419514611
Exponential-capacity-3204-20210301-21:50:09-11267,attr,Aerocom.aircraft[0].dataLink[6],actualCapacity:mean,,,
Exponential-capacity-3204-20210301-21:50:09-11267,attr,Aerocom.aircraft[0].dataLink[6],actualCapacity:mean,source,computeActualCapacity,
Exponential-capacity-3204-20210301-21:50:09-11267,scalar,Aerocom.aircraft[0].dataLink[7],sentPackets:count,,,640
Exponential-capacity-3204-20210301-21:50:09-11267,attr,Aerocom.aircraft[0].dataLink[7],sentPackets:count,source,computeSentPackets,
Exponential-capacity-3204-20210301-21:50:09-11267,scalar,Aerocom.aircraft[0].dataLink[7],actualCapacity:mean,,,9282.7311220889
Exponential-capacity-3204-20210301-21:50:09-11267,attr,Aerocom.aircraft[0].dataLink[7],actualCapacity:mean,,,
Exponential-capacity-3204-20210301-21:50:09-11267,attr,Aerocom.aircraft[0].dataLink[7],actualCapacity:mean,source,computeActualCapacity,
Exponential-capacity-3204-20210301-21:50:09-11267,scalar,Aerocom.aircraft[0].dataLink[8],sentPackets:count,,,1223
Exponential-capacity-3204-20210301-21:50:09-11267,attr,Aerocom.aircraft[0].dataLink[8],sentPackets:count,source,computeSentPackets,
Exponential-capacity-3204-20210301-21:50:09-11267,scalar,Aerocom.aircraft[0].dataLink[8],actualCapacity:mean,,,9487.501
Exponential-capacity-3204-20210301-21:50:09-11267,attr,Aerocom.aircraft[0].dataLink[8],actualCapacity:mean,,,
Exponential-capacity-3204-20210301-21:50:09-11267,attr,Aerocom.aircraft[0].dataLink[8],actualCapacity:mean,source,computeActualCapacity,
Exponential-capacity-3204-20210301-21:50:09-11267,scalar,Aerocom.aircraft[0].dataLink[9],sentPackets:count,,,1303
Exponential-capacity-3204-20210301-21:50:09-11267,attr,Aerocom.aircraft[0].dataLink[9],sentPackets:count,source,computeSentPackets,
Exponential-capacity-3204-20210301-21:50:09-11267,scalar,Aerocom.aircraft[0].dataLink[9],actualCapacity:mean,,,9410.3394055609
Exponential-capacity-3204-20210301-21:50:09-11267,attr,Aerocom.aircraft[0].dataLink[9],actualCapacity:mean,,,
Exponential-capacity-3204-20210301-21:50:09-11267,attr,Aerocom.aircraft[0].dataLink[9],actualCapacity:mean,source,computeActualCapacity,
Exponential-capacity-3204-20210301-21:50:09-11267,scalar,Aerocom.aircraft[0].dataLink[10],sentPackets:count,,,1222
Exponential-capacity-3204-20210301-21:50:09-11267,attr,Aerocom.aircraft[0].dataLink[10],sentPackets:count,source,computeSentPackets,
Exponential-capacity-3204-20210301-21:50:09-11267,scalar,Aerocom.aircraft[0].dataLink[10],actualCapacity:mean,,,9470.951572641
Exponential-capacity-3204-20210301-21:50:09-11267,attr,Aerocom.aircraft[0].dataLink[10],actualCapacity:mean,,,
Exponential-capacity-3204-20210301-21:50:09-11267,attr,Aerocom.aircraft[0].dataLink[10],actualCapacity:mean,source,computeActualCapacity,
Exponential-capacity-3204-20210301-21:50:09-11267,scalar,Aerocom.aircraft[0].dataLink[11],sentPackets:count,,,1753
Exponential-capacity-3204-20210301-21:50:09-11267,attr,Aerocom.aircraft[0].dataLink[11],sentPackets:count,source,computeSentPackets,
Exponential-capacity-3204-20210301-21:50:09-11267,scalar,Aerocom.aircraft[0].dataLink[11],actualCapacity:mean,,,9480.8113430484
Exponential-capacity-3204-20210301-21:50:09-11267,attr,Aerocom.aircraft[0].dataLink[11],actualCapacity:mean,,,
Exponential-capacity-3204-20210301-21:50:09-11267,attr,Aerocom.aircraft[0].dataLink[11],actualCapacity:mean,source,computeActualCapacity,
Exponential-capacity-3204-20210301-21:50:09-11267,scalar,Aerocom.aircraft[0].dataLink[12],sentPackets:count,,,1057
Exponential-capacity-3204-20210301-21:50:09-11267,attr,Aerocom.aircraft[0].dataLink[12],sentPackets:count,source,computeSentPackets,
Exponential-capacity-3204-20210301-21:50:09-11267,scalar,Aerocom.aircraft[0].dataLink[12],actualCapacity:mean,,,9405.9820065431
Exponential-capacity-3204-20210301-21:50:09-11267,attr,Aerocom.aircraft[0].dataLink[12],actualCapacity:mean,,,
Exponential-capacity-3204-20210301-21:50:09-11267,attr,Aerocom.aircraft[0].dataLink[12],actualCapacity:mean,source,computeActualCapacity,
Exponential-capacity-3204-20210301-21:50:09-11267,scalar,Aerocom.aircraft[0].dataLink[13],sentPackets:count,,,1033
Exponential-capacity-3204-20210301-21:50:09-11267,attr,Aerocom.aircraft[0].dataLink[13],sentPackets:count,source,computeSentPackets,
Exponential-capacity-3204-20210301-21:50:09-11267,scalar,Aerocom.aircraft[0].dataLink[13],actualCapacity:mean,,,9405.6495867769
Exponential-capacity-3204-20210301-21:50:09-11267,attr,Aerocom.aircraft[0].dataLink[13],actualCapacity:mean,,,
Exponential-capacity-3204-20210301-21:50:09-11267,attr,Aerocom.aircraft[0].dataLink[13],actualCapacity:mean,source,computeActualCapacity,
Exponential-capacity-3204-20210301-21:50:09-11267,scalar,Aerocom.aircraft[0].dataLink[14],sentPackets:count,,,1232
Exponential-capacity-3204-20210301-21:50:09-11267,attr,Aerocom.aircraft[0].dataLink[14],sentPackets:count,source,computeSentPackets,
Exponential-capacity-3204-20210301-21:50:09-11267,scalar,Aerocom.aircraft[0].dataLink[14],actualCapacity:mean,,,9428.8065638986
Exponential-capacity-3204-20210301-21:50:09-11267,attr,Aerocom.aircraft[0].dataLink[14],actualCapacity:mean,,,
Exponential-capacity-3204-20210301-21:50:09-11267,attr,Aerocom.aircraft[0].dataLink[14],actualCapacity:mean,source,computeActualCapacity,
Exponential-capacity-3204-20210301-21:50:09-11267,scalar,Aerocom.aircraft[0].dataLink[15],sentPackets:count,,,1863
Exponential-capacity-3204-20210301-21:50:09-11267,attr,Aerocom.aircraft[0].dataLink[15],sentPackets:count,source,computeSentPackets,
Exponential-capacity-3204-20210301-21:50:09-11267,scalar,Aerocom.aircraft[0].dataLink[15],actualCapacity:mean,,,9542.5094553707
Exponential-capacity-3204-20210301-21:50:09-11267,attr,Aerocom.aircraft[0].dataLink[15],actualCapacity:mean,,,
Exponential-capacity-3204-20210301-21:50:09-11267,attr,Aerocom.aircraft[0].dataLink[15],actualCapacity:mean,source,computeActualCapacity,
Exponential-capacity-3204-20210301-21:50:09-11267,scalar,Aerocom.controlTower,receivedPackets:count,,,19452
Exponential-capacity-3204-20210301-21:50:09-11267,attr,Aerocom.controlTower,receivedPackets:count,source,computeReceivedPackets,
Exponential-capacity-3240-20210301-21:50:09-11292,scalar,Aerocom.aircraft[0].linkSelector,responseTime:mean,,,0.58444604080781
Exponential-capacity-3240-20210301-21:50:09-11292,attr,Aerocom.aircraft[0].linkSelector,responseTime:mean,,,
Exponential-capacity-3240-20210301-21:50:09-11292,attr,Aerocom.aircraft[0].linkSelector,responseTime:mean,source,computeResponseTime,
Exponential-capacity-3240-20210301-21:50:09-11292,scalar,Aerocom.aircraft[0].linkSelector,meanMalus:sum,,,13400
Exponential-capacity-3240-20210301-21:50:09-11292,attr,Aerocom.aircraft[0].linkSelector,meanMalus:sum,,,
Exponential-capacity-3240-20210301-21:50:09-11292,attr,Aerocom.aircraft[0].linkSelector,meanMalus:sum,source,computeMeanMalus,
Exponential-capacity-3240-20210301-21:50:09-11292,scalar,Aerocom.aircraft[0].linkSelector,waitingTime:mean,,,0.57733311349189
Exponential-capacity-3240-20210301-21:50:09-11292,attr,Aerocom.aircraft[0].linkSelector,waitingTime:mean,,,
Exponential-capacity-3240-20210301-21:50:09-11292,attr,Aerocom.aircraft[0].linkSelector,waitingTime:mean,source,computeWaitingTime,
Exponential-capacity-3240-20210301-21:50:09-11292,scalar,Aerocom.aircraft[0].linkSelector,serviceTime:mean,,,0.0071844236336902
Exponential-capacity-3240-20210301-21:50:09-11292,attr,Aerocom.aircraft[0].linkSelector,serviceTime:mean,,,
Exponential-capacity-3240-20210301-21:50:09-11292,attr,Aerocom.aircraft[0].linkSelector,serviceTime:mean,source,computeServiceTime,
Exponential-capacity-3240-20210301-21:50:09-11292,scalar,Aerocom.aircraft[0].linkSelector,queueLength:mean,,,28.520084675754
Exponential-capacity-3240-20210301-21:50:09-11292,attr,Aerocom.aircraft[0].linkSelector,queueLength:mean,,,
Exponential-capacity-3240-20210301-21:50:09-11292,attr,Aerocom.aircraft[0].linkSelector,queueLength:mean,source,computeQueueLength,
Exponential-capacity-3240-20210301-21:50:09-11292,scalar,Aerocom.aircraft[0].dataLink[0],sentPackets:count,,,1978
Exponential-capacity-3240-20210301-21:50:09-11292,attr,Aerocom.aircraft[0].dataLink[0],sentPackets:count,source,computeSentPackets,
Exponential-capacity-3240-20210301-21:50:09-11292,scalar,Aerocom.aircraft[0].dataLink[0],actualCapacity:mean,,,9562.8083484574
Exponential-capacity-3240-20210301-21:50:09-11292,attr,Aerocom.aircraft[0].dataLink[0],actualCapacity:mean,,,
Exponential-capacity-3240-20210301-21:50:09-11292,attr,Aerocom.aircraft[0].dataLink[0],actualCapacity:mean,source,computeActualCapacity,
Exponential-capacity-3240-20210301-21:50:09-11292,scalar,Aerocom.aircraft[0].dataLink[1],sentPackets:count,,,773
Exponential-capacity-3240-20210301-21:50:09-11292,attr,Aerocom.aircraft[0].dataLink[1],sentPackets:count,source,computeSentPackets,
Exponential-capacity-3240-20210301-21:50:09-11292,scalar,Aerocom.aircraft[0].dataLink[1],actualCapacity:mean,,,9192.2846998063
Exponential-capacity-3240-20210301-21:50:09-11292,attr,Aerocom.aircraft[0].dataLink[1],actualCapacity:mean,,,
Exponential-capacity-3240-20210301-21:50:09-11292,attr,Aerocom.aircraft[0].dataLink[1],actualCapacity:mean,source,computeActualCapacity,
Exponential-capacity-3240-20210301-21:50:09-11292,scalar,Aerocom.aircraft[0].dataLink[2],sentPackets:count,,,1281
Exponential-capacity-3240-20210301-21:50:09-11292,attr,Aerocom.aircraft[0].dataLink[2],sentPackets:count,source,computeSentPackets,
Exponential-capacity-3240-20210301-21:50:09-11292,scalar,Aerocom.aircraft[0].dataLink[2],actualCapacity:mean,,,9477.8617846751
Exponential-capacity-3240-20210301-21:50:09-11292,attr,Aerocom.aircraft[0].dataLink[2],actualCapacity:mean,,,
Exponential-capacity-3240-20210301-21:50:09-11292,attr,Aerocom.aircraft[0].dataLink[2],actualCapacity:mean,source,computeActualCapacity,
Exponential-capacity-3240-20210301-21:50:09-11292,scalar,Aerocom.aircraft[0].dataLink[3],sentPackets:count,,,872
Exponential-capacity-3240-20210301-21:50:09-11292,attr,Aerocom.aircraft[0].dataLink[3],sentPackets:count,source,computeSentPackets,
Exponential-capacity-3240-20210301-21:50:09-11292,scalar,Aerocom.aircraft[0].dataLink[3],actualCapacity:mean,,,9374.6447527141
Exponential-capacity-3240-20210301-21:50:09-11292,attr,Aerocom.aircraft[0].dataLink[3],actualCapacity:mean,,,
Exponential-capacity-3240-20210301-21:50:09-11292,attr,Aerocom.aircraft[0].dataLink[3],actualCapacity:mean,source,computeActualCapacity,
Exponential-capacity-3240-20210301-21:50:09-11292,scalar,Aerocom.aircraft[0].dataLink[4],sentPackets:count,,,1409
Exponential-capacity-3240-20210301-21:50:09-11292,attr,Aerocom.aircraft[0].dataLink[4],sentPackets:count,source,computeSentPackets,
Exponential-capacity-3240-20210301-21:50:09-11292,scalar,Aerocom.aircraft[0].dataLink[4],actualCapacity:mean,,,9483.0676416819
Exponential-capacity-3240-20210301-21:50:09-11292,attr,Aerocom.aircraft[0].dataLink[4],actualCapacity:mean,,,
Exponential-capacity-3240-20210301-21:50:09-11292,attr,Aerocom.aircraft[0].dataLink[4],actualCapacity:mean,source,computeActualCapacity,
Exponential-capacity-3240-20210301-21:50:09-11292,scalar,Aerocom.aircraft[0].dataLink[5],sentPackets:count,,,1216
Exponential-capacity-3240-20210301-21:50:09-11292,attr,Aerocom.aircraft[0].dataLink[5],sentPackets:count,source,computeSentPackets,
Exponential-capacity-3240-20210301-21:50:09-11292,scalar,Aerocom.aircraft[0].dataLink[5],actualCapacity:mean,,,9472.1067669173
Exponential-capacity-3240-20210301-21:50:09-11292,attr,Aerocom.aircraft[0].dataLink[5],actualCapacity:mean,,,
Exponential-capacity-3240-20210301-21:50:09-11292,attr,Aerocom.aircraft[0].dataLink[5],actualCapacity:mean,source,computeActualCapacity,
Exponential-capacity-3240-20210301-21:50:09-11292,scalar,Aerocom.aircraft[0].dataLink[6],sentPackets:count,,,1060
Exponential-capacity-3240-20210301-21:50:09-11292,attr,Aerocom.aircraft[0].dataLink[6],sentPackets:count,source,computeSentPackets,
Exponential-capacity-3240-20210301-21:50:09-11292,scalar,Aerocom.aircraft[0].dataLink[6],actualCapacity:mean,,,9374.8733695652
Exponential-capacity-3240-20210301-21:50:09-11292,attr,Aerocom.aircraft[0].dataLink[6],actualCapacity:mean,,,
Exponential-capacity-3240-20210301-21:50:09-11292,attr,Aerocom.aircraft[0].dataLink[6],actualCapacity:mean,source,computeActualCapacity,
Exponential-capacity-3240-20210301-21:50:09-11292,scalar,Aerocom.aircraft[0].dataLink[7],sentPackets:count,,,1354
Exponential-capacity-3240-20210301-21:50:09-11292,attr,Aerocom.aircraft[0].dataLink[7],sentPackets:count,source,computeSentPackets,
Exponential-capacity-3240-20210301-21:50:09-11292,scalar,Aerocom.aircraft[0].dataLink[7],actualCapacity:mean,,,9513.7305529522
Exponential-capacity-3240-20210301-21:50:09-11292,attr,Aerocom.aircraft[0].dataLink[7],actualCapacity:mean,,,
Exponential-capacity-3240-20210301-21:50:09-11292,attr,Aerocom.aircraft[0].dataLink[7],actualCapacity:mean,source,computeActualCapacity,
Exponential-capacity-3240-20210301-21:50:09-11292,scalar,Aerocom.aircraft[0].dataLink[8],sentPackets:count,,,1248
Exponential-capacity-3240-20210301-21:50:09-11292,attr,Aerocom.aircraft[0].dataLink[8],sentPackets:count,source,computeSentPackets,
Exponential-capacity-3240-20210301-21:50:09-11292,scalar,Aerocom.aircraft[0].dataLink[8],actualCapacity:mean,,,9482.5748768473
Exponential-capacity-3240-20210301-21:50:09-11292,attr,Aerocom.aircraft[0].dataLink[8],actualCapacity:mean,,,
Exponential-capacity-3240-20210301-21:50:09-11292,attr,Aerocom.aircraft[0].dataLink[8],actualCapacity:mean,source,computeActualCapacity,
Exponential-capacity-3240-20210301-21:50:09-11292,scalar,Aerocom.aircraft[0].dataLink[9],sentPackets:count,,,1094
Exponential-capacity-3240-20210301-21:50:09-11292,attr,Aerocom.aircraft[0].dataLink[9],sentPackets:count,source,computeSentPackets,
Exponential-capacity-3240-20210301-21:50:09-11292,scalar,Aerocom.aircraft[0].dataLink[9],actualCapacity:mean,,,9434.105010661
Exponential-capacity-3240-20210301-21:50:09-11292,attr,Aerocom.aircraft[0].dataLink[9],actualCapacity:mean,,,
Exponential-capacity-3240-20210301-21:50:09-11292,attr,Aerocom.aircraft[0].dataLink[9],actualCapacity:mean,source,computeActualCapacity,
Exponential-capacity-3240-20210301-21:50:09-11292,scalar,Aerocom.aircraft[0].dataLink[10],sentPackets:count,,,647
Exponential-capacity-3240-20210301-21:50:09-11292,attr,Aerocom.aircraft[0].dataLink[10],sentPackets:count,source,computeSentPackets,
Exponential-capacity-3240-20210301-21:50:09-11292,scalar,Aerocom.aircraft[0].dataLink[10],actualCapacity:mean,,,9349.4318658281
Exponential-capacity-3240-20210301-21:50:09-11292,attr,Aerocom.aircraft[0].dataLink[10],actualCapacity:mean,,,
Exponential-capacity-3240-20210301-21:50:09-11292,attr,Aerocom.aircraft[0].dataLink[10],actualCapacity:mean,source,computeActualCapacity,
Exponential-capacity-3240-20210301-21:50:09-11292,scalar,Aerocom.aircraft[0].dataLink[11],sentPackets:count,,,1287
Exponential-capacity-3240-20210301-21:50:09-11292,attr,Aerocom.aircraft[0].dataLink[11],sentPackets:count,source,computeSentPackets,
Exponential-capacity-3240-20210301-21:50:09-11292,scalar,Aerocom.aircraft[0].dataLink[11],actualCapacity:mean,,,9527.3960443801
Exponential-capacity-3240-20210301-21:50:09-11292,attr,Aerocom.aircraft[0].dataLink[11],actualCapacity:mean,,,
Exponential-capacity-3240-20210301-21:50:09-11292,attr,Aerocom.aircraft[0].dataLink[11],actualCapacity:mean,source,computeActualCapacity,
Exponential-capacity-3240-20210301-21:50:09-11292,scalar,Aerocom.aircraft[0].dataLink[12],sentPackets:count,,,1707
Exponential-capacity-3240-20210301-21:50:09-11292,attr,Aerocom.aircraft[0].dataLink[12],sentPackets:count,source,computeSentPackets,
Exponential-capacity-3240-20210301-21:50:09-11292,scalar,Aerocom.aircraft[0].dataLink[12],actualCapacity:mean,,,9523.4897631473
Exponential-capacity-3240-20210301-21:50:09-11292,attr,Aerocom.aircraft[0].dataLink[12],actualCapacity:mean,,,
Exponential-capacity-3240-20210301-21:50:09-11292,attr,Aerocom.aircraft[0].dataLink[12],actualCapacity:mean,source,computeActualCapacity,
Exponential-capacity-3240-20210301-21:50:09-11292,scalar,Aerocom.aircraft[0].dataLink[13],sentPackets:count,,,1244
Exponential-capacity-3240-20210301-21:50:09-11292,attr,Aerocom.aircraft[0].dataLink[13],sentPackets:count,source,computeSentPackets,
Exponential-capacity-3240-20210301-21:50:09-11292,scalar,Aerocom.aircraft[0].dataLink[13],actualCapacity:mean,,,9493.9241823588
Exponential-capacity-3240-20210301-21:50:09-11292,attr,Aerocom.aircraft[0].dataLink[13],actualCapacity:mean,,,
Exponential-capacity-3240-20210301-21:50:09-11292,attr,Aerocom.aircraft[0].dataLink[13],actualCapacity:mean,source,computeActualCapacity,
Exponential-capacity-3240-20210301-21:50:09-11292,scalar,Aerocom.aircraft[0].dataLink[14],sentPackets:count,,,1403
Exponential-capacity-3240-20210301-21:50:09-11292,attr,Aerocom.aircraft[0].dataLink[14],sentPackets:count,source,computeSentPackets,
Exponential-capacity-3240-20210301-21:50:09-11292,scalar,Aerocom.aircraft[0].dataLink[14],actualCapacity:mean,,,9481.5015989036
Exponential-capacity-3240-20210301-21:50:09-11292,attr,Aerocom.aircraft[0].dataLink[14],actualCapacity:mean,,,
Exponential-capacity-3240-20210301-21:50:09-11292,attr,Aerocom.aircraft[0].dataLink[14],actualCapacity:mean,source,computeActualCapacity,
Exponential-capacity-3240-20210301-21:50:09-11292,scalar,Aerocom.aircraft[0].dataLink[15],sentPackets:count,,,794
Exponential-capacity-3240-20210301-21:50:09-11292,attr,Aerocom.aircraft[0].dataLink[15],sentPackets:count,source,computeSentPackets,
Exponential-capacity-3240-20210301-21:50:09-11292,scalar,Aerocom.aircraft[0].dataLink[15],actualCapacity:mean,,,9369.4438095238
Exponential-capacity-3240-20210301-21:50:09-11292,attr,Aerocom.aircraft[0].dataLink[15],actualCapacity:mean,,,
Exponential-capacity-3240-20210301-21:50:09-11292,attr,Aerocom.aircraft[0].dataLink[15],actualCapacity:mean,source,computeActualCapacity,
Exponential-capacity-3240-20210301-21:50:09-11292,scalar,Aerocom.controlTower,receivedPackets:count,,,19367
Exponential-capacity-3240-20210301-21:50:09-11292,attr,Aerocom.controlTower,receivedPackets:count,source,computeReceivedPackets,
Exponential-capacity-3241-20210301-21:50:10-11292,scalar,Aerocom.aircraft[0].linkSelector,responseTime:mean,,,0.61941830269433
Exponential-capacity-3241-20210301-21:50:10-11292,attr,Aerocom.aircraft[0].linkSelector,responseTime:mean,,,
Exponential-capacity-3241-20210301-21:50:10-11292,attr,Aerocom.aircraft[0].linkSelector,responseTime:mean,source,computeResponseTime,
Exponential-capacity-3241-20210301-21:50:10-11292,scalar,Aerocom.aircraft[0].linkSelector,meanMalus:sum,,,14136
Exponential-capacity-3241-20210301-21:50:10-11292,attr,Aerocom.aircraft[0].linkSelector,meanMalus:sum,,,
Exponential-capacity-3241-20210301-21:50:10-11292,attr,Aerocom.aircraft[0].linkSelector,meanMalus:sum,source,computeMeanMalus,
Exponential-capacity-3241-20210301-21:50:10-11292,scalar,Aerocom.aircraft[0].linkSelector,waitingTime:mean,,,0.61221229394918
Exponential-capacity-3241-20210301-21:50:10-11292,attr,Aerocom.aircraft[0].linkSelector,waitingTime:mean,,,
Exponential-capacity-3241-20210301-21:50:10-11292,attr,Aerocom.aircraft[0].linkSelector,waitingTime:mean,source,computeWaitingTime,
Exponential-capacity-3241-20210301-21:50:10-11292,scalar,Aerocom.aircraft[0].linkSelector,serviceTime:mean,,,0.0072060087451672
Exponential-capacity-3241-20210301-21:50:10-11292,attr,Aerocom.aircraft[0].linkSelector,serviceTime:mean,,,
Exponential-capacity-3241-20210301-21:50:10-11292,attr,Aerocom.aircraft[0].linkSelector,serviceTime:mean,source,computeServiceTime,
Exponential-capacity-3241-20210301-21:50:10-11292,scalar,Aerocom.aircraft[0].linkSelector,queueLength:mean,,,30.741107632295
Exponential-capacity-3241-20210301-21:50:10-11292,attr,Aerocom.aircraft[0].linkSelector,queueLength:mean,,,
Exponential-capacity-3241-20210301-21:50:10-11292,attr,Aerocom.aircraft[0].linkSelector,queueLength:mean,source,computeQueueLength,
Exponential-capacity-3241-20210301-21:50:10-11292,scalar,Aerocom.aircraft[0].dataLink[0],sentPackets:count,,,472
Exponential-capacity-3241-20210301-21:50:10-11292,attr,Aerocom.aircraft[0].dataLink[0],sentPackets:count,source,computeSentPackets,
Exponential-capacity-3241-20210301-21:50:10-11292,scalar,Aerocom.aircraft[0].dataLink[0],actualCapacity:mean,,,9220.5303514377
Exponential-capacity-3241-20210301-21:50:10-11292,attr,Aerocom.aircraft[0].dataLink[0],actualCapacity:mean,,,
Exponential-capacity-3241-20210301-21:50:10-11292,attr,Aerocom.aircraft[0].dataLink[0],actualCapacity:mean,source,computeActualCapacity,
Exponential-capacity-3241-20210301-21:50:10-11292,scalar,Aerocom.aircraft[0].dataLink[1],sentPackets:count,,,2099
Exponential-capacity-3241-20210301-21:50:10-11292,attr,Aerocom.aircraft[0].dataLink[1],sentPackets:count,source,computeSentPackets,
Exponential-capacity-3241-20210301-21:50:10-11292,scalar,Aerocom.aircraft[0].dataLink[1],actualCapacity:mean,,,9556.2427083333
Exponential-capacity-3241-20210301-21:50:10-11292,attr,Aerocom.aircraft[0].dataLink[1],actualCapacity:mean,,,
Exponential-capacity-3241-20210301-21:50:10-11292,attr,Aerocom.aircraft[0].dataLink[1],actualCapacity:mean,source,computeActualCapacity,
Exponential-capacity-3241-20210301-21:50:10-11292,scalar,Aerocom.aircraft[0].dataLink[2],sentPackets:count,,,975
Exponential-capacity-3241-20210301-21:50:10-11292,attr,Aerocom.aircraft[0].dataLink[2],sentPackets:count,source,computeSentPackets,
Exponential-capacity-3241-20210301-21:50:10-11292,scalar,Aerocom.aircraft[0].dataLink[2],actualCapacity:mean,,,9384.8465487735
Exponential-capacity-3241-20210301-21:50:10-11292,attr,Aerocom.aircraft[0].dataLink[2],actualCapacity:mean,,,
Exponential-capacity-3241-20210301-21:50:10-11292,attr,Aerocom.aircraft[0].dataLink[2],actualCapacity:mean,source,computeActualCapacity,
Exponential-capacity-3241-20210301-21:50:10-11292,scalar,Aerocom.aircraft[0].dataLink[3],sentPackets:count,,,684
Exponential-capacity-3241-20210301-21:50:10-11292,attr,Aerocom.aircraft[0].dataLink[3],sentPackets:count,source,computeSentPackets,
Exponential-capacity-3241-20210301-21:50:10-11292,scalar,Aerocom.aircraft[0].dataLink[3],actualCapacity:mean,,,9336.5501706485
Exponential-capacity-3241-20210301-21:50:10-11292,attr,Aerocom.aircraft[0].dataLink[3],actualCapacity:mean,,,
Exponential-capacity-3241-20210301-21:50:10-11292,attr,Aerocom.aircraft[0].dataLink[3],actualCapacity:mean,source,computeActualCapacity,
Exponential-capacity-3241-20210301-21:50:10-11292,scalar,Aerocom.aircraft[0].dataLink[4],sentPackets:count,,,1347
Exponential-capacity-3241-20210301-21:50:10-11292,attr,Aerocom.aircraft[0].dataLink[4],sentPackets:count,source,computeSentPackets,
Exponential-capacity-3241-20210301-21:50:10-11292,scalar,Aerocom.aircraft[0].dataLink[4],actualCapacity:mean,,,9487.3893846876
Exponential-capacity-3241-20210301-21:50:10-11292,attr,Aerocom.aircraft[0].dataLink[4],actualCapacity:mean,,,
Exponential-capacity-3241-20210301-21:50:10-11292,attr,Aerocom.aircraft[0].dataLink[4],actualCapacity:mean,source,computeActualCapacity,
Exponential-capacity-3241-20210301-21:50:10-11292,scalar,Aerocom.aircraft[0].dataLink[5],sentPackets:count,,,560
Exponential-capacity-3241-20210301-21:50:10-11292,attr,Aerocom.aircraft[0].dataLink[5],sentPackets:count,source,computeSentPackets,
Exponential-capacity-3241-20210301-21:50:10-11292,scalar,Aerocom.aircraft[0].dataLink[5],actualCapacity:mean,,,9291.124813154
Exponential-capacity-3241-20210301-21:50:10-11292,attr,Aerocom.aircraft[0].dataLink[5],actualCapacity:mean,,,
Exponential-capacity-3241-20210301-21:50:10-11292,attr,Aerocom.aircraft[0].dataLink[5],actualCapacity:mean,source,computeActualCapacity,
Exponential-capacity-3241-20210301-21:50:10-11292,scalar,Aerocom.aircraft[0].dataLink[6],sentPackets:count,,,711
Exponential-capacity-3241-20210301-21:50:10-11292,attr,Aerocom.aircraft[0].dataLink[6],sentPackets:count,source,computeSentPackets,
Exponential-capacity-3241-20210301-21:50:10-11292,scalar,Aerocom.aircraft[0].dataLink[6],actualCapacity:mean,,,9283.2201342282
Exponential-capacity-3241-20210301-21:50:10-11292,attr,Aerocom.aircraft[0].dataLink[6],actualCapacity:mean,,,
Exponential-capacity-3241-20210301-21:50:10-11292,attr,Aerocom.aircraft[0].dataLink[6],actualCapacity:mean,source,computeActualCapacity,
Exponential-capacity-3241-20210301-21:50:10-11292,scalar,Aerocom.aircraft[0].dataLink[7],sentPackets:count,,,1194
Exponential-capacity-3241-20210301-21:50:10-11292,attr,Aerocom.aircraft[0].dataLink[7],sentPackets:count,source,computeSentPackets,
Exponential-capacity-3241-20210301-21:50:10-11292,scalar,Aerocom.aircraft[0].dataLink[7],actualCapacity:mean,,,9419.4605263158
Exponential-capacity-3241-20210301-21:50:10-11292,attr,Aerocom.aircraft[0].dataLink[7],actualCapacity:mean,,,
Exponential-capacity-3241-20210301-21:50:10-11292,attr,Aerocom.aircraft[0].dataLink[7],actualCapacity:mean,source,computeActualCapacity,
Exponential-capacity-3241-20210301-21:50:10-11292,scalar,Aerocom.aircraft[0].dataLink[8],sentPackets:count,,,1359
Exponential-capacity-3241-20210301-21:50:10-11292,attr,Aerocom.aircraft[0].dataLink[8],sentPackets:count,source,computeSentPackets,
Exponential-capacity-3241-20210301-21:50:10-11292,scalar,Aerocom.aircraft[0].dataLink[8],actualCapacity:mean,,,9443.3691588785
Exponential-capacity-3241-20210301-21:50:10-11292,attr,Aerocom.aircraft[0].dataLink[8],actualCapacity:mean,,,
Exponential-capacity-3241-20210301-21:50:10-11292,attr,Aerocom.aircraft[0].dataLink[8],actualCapacity:mean,source,computeActualCapacity,
Exponential-capacity-3241-20210301-21:50:10-11292,scalar,Aerocom.aircraft[0].dataLink[9],sentPackets:count,,,1568
Exponential-capacity-3241-20210301-21:50:10-11292,attr,Aerocom.aircraft[0].dataLink[9],sentPackets:count,source,computeSentPackets,
Exponential-capacity-3241-20210301-21:50:10-11292,scalar,Aerocom.aircraft[0].dataLink[9],actualCapacity:mean,,,9558.4153518124
Exponential-capacity-3241-20210301-21:50:10-11292,attr,Aerocom.aircraft[0].dataLink[9],actualCapacity:mean,,,
Exponential-capacity-3241-20210301-21:50:10-11292,attr,Aerocom.aircraft[0].dataLink[9],actualCapacity:mean,source,computeActualCapacity,
Exponential-capacity-3241-20210301-21:50:10-11292,scalar,Aerocom.aircraft[0].dataLink[10],sentPackets:count,,,1457
Exponential-capacity-3241-20210301-21:50:10-11292,attr,Aerocom.aircraft[0].dataLink[10],sentPackets:count,source,computeSentPackets,
Exponential-capacity-3241-20210301-21:50:10-11292,scalar,Aerocom.aircraft[0].dataLink[10],actualCapacity:mean,,,9483.7670682731
Exponential-capacity-3241-20210301-21:50:10-11292,attr,Aerocom.aircraft[0].dataLink[10],actualCapacity:mean,,,
Exponential-capacity-3241-20210301-21:50:10-11292,attr,Aerocom.aircraft[0].dataLink[10],actualCapacity:mean,source,computeActualCapacity,
Exponential-capacity-3241-20210301-21:50:10-11292,scalar,Aerocom.aircraft[0].dataLink[11],sentPackets:count,,,1150
Exponential-capacity-3241-20210301-21:50:10-11292,attr,Aerocom.aircraft[0].dataLink[11],sentPackets:count,source,computeSentPackets,
Exponential-capacity-3241-20210301-21:50:10-11292,scalar,Aerocom.aircraft[0].dataLink[11],actualCapacity:mean,,,9404.7199587416
Exponential-capacity-3241-20210301-21:50:10-11292,attr,Aerocom.aircraft[0].dataLink[11],actualCapacity:mean,,,
Exponential-capacity-3241-20210301-21:50:10-11292,attr,Aerocom.aircraft[0].dataLink[11],actualCapacity:mean,source,computeActualCapacity,
Exponential-capacity-3241-20210301-21:50:10-11292,scalar,Aerocom.aircraft[0].dataLink[12],sentPackets:count,,,1859
Exponential-capacity-3241-20210301-21:50:10-11292,attr,Aerocom.aircraft[0].dataLink[12],sentPackets:count,source,computeSentPackets,
Exponential-capacity-3241-20210301-21:50:10-11292,scalar,Aerocom.aircraft[0].dataLink[12],actualCapacity:mean,,,9493.4684071131
Exponential-capacity-3241-20210301-21:50:10-11292,attr,Aerocom.aircraft[0].dataLink[12],actualCapacity:mean,,,
Exponential-capacity-3241-20210301-21:50:10-11292,attr,Aerocom.aircraft[0].dataLink[12],actualCapacity:mean,source,computeActualCapacity,
Exponential-capacity-3241-20210301-21:50:10-11292,scalar,Aerocom.aircraft[0].dataLink[13],sentPackets:count,,,1546
Exponential-capacity-3241-20210301-21:50:10-11292,attr,Aerocom.aircraft[0].dataLink[13],sentPackets:count,source,computeSentPackets,
Exponential-capacity-3241-20210301-21:50:10-11292,scalar,Aerocom.aircraft[0].dataLink[13],actualCapacity:mean,,,9522.4365591398
Exponential-capacity-3241-20210301-21:50:10-11292,attr,Aerocom.aircraft[0].dataLink[13],actualCapacity:mean,,,
Exponential-capacity-3241-20210301-21:50:10-11292,attr,Aerocom.aircraft[0].dataLink[13],actualCapacity:mean,source,computeActualCapacity,
Exponential-capacity-3241-20210301-21:50:10-11292,scalar,Aerocom.aircraft[0].dataLink[14],sentPackets:count,,,1516
Exponential-capacity-3241-20210301-21:50:10-11292,attr,Aerocom.aircraft[0].dataLink[14],sentPackets:count,source,computeSentPackets,
Exponential-capacity-3241-20210301-21:50:10-11292,scalar,Aerocom.aircraft[0].dataLink[14],actualCapacity:mean,,,9456.361618799
Exponential-capacity-3241-20210301-21:50:10-11292,attr,Aerocom.aircraft[0].dataLink[14],actualCapacity:mean,,,
Exponential-capacity-3241-20210301-21:50:10-11292,attr,Aerocom.aircraft[0].dataLink[14],actualCapacity:mean,source,computeActualCapacity,
Exponential-capacity-3241-20210301-21:50:10-11292,scalar,Aerocom.aircraft[0].dataLink[15],sentPackets:count,,,986
Exponential-capacity-3241-20210301-21:50:10-11292,attr,Aerocom.aircraft[0].dataLink[15],sentPackets:count,source,computeSentPackets,
Exponential-capacity-3241-20210301-21:50:10-11292,scalar,Aerocom.aircraft[0].dataLink[15],actualCapacity:mean,,,9406.2260623229
Exponential-capacity-3241-20210301-21:50:10-11292,attr,Aerocom.aircraft[0].dataLink[15],actualCapacity:mean,,,
Exponential-capacity-3241-20210301-21:50:10-11292,attr,Aerocom.aircraft[0].dataLink[15],actualCapacity:mean,source,computeActualCapacity,
Exponential-capacity-3241-20210301-21:50:10-11292,scalar,Aerocom.controlTower,receivedPackets:count,,,19483
Exponential-capacity-3241-20210301-21:50:10-11292,attr,Aerocom.controlTower,receivedPackets:count,source,computeReceivedPackets,
Exponential-capacity-3242-20210301-21:50:10-11292,scalar,Aerocom.aircraft[0].linkSelector,responseTime:mean,,,0.57275068046379
Exponential-capacity-3242-20210301-21:50:10-11292,attr,Aerocom.aircraft[0].linkSelector,responseTime:mean,,,
Exponential-capacity-3242-20210301-21:50:10-11292,attr,Aerocom.aircraft[0].linkSelector,responseTime:mean,source,computeResponseTime,
Exponential-capacity-3242-20210301-21:50:10-11292,scalar,Aerocom.aircraft[0].linkSelector,meanMalus:sum,,,12824
Exponential-capacity-3242-20210301-21:50:10-11292,attr,Aerocom.aircraft[0].linkSelector,meanMalus:sum,,,
Exponential-capacity-3242-20210301-21:50:10-11292,attr,Aerocom.aircraft[0].linkSelector,meanMalus:sum,source,computeMeanMalus,
Exponential-capacity-3242-20210301-21:50:10-11292,scalar,Aerocom.aircraft[0].linkSelector,waitingTime:mean,,,0.56559199248559
Exponential-capacity-3242-20210301-21:50:10-11292,attr,Aerocom.aircraft[0].linkSelector,waitingTime:mean,,,
Exponential-capacity-3242-20210301-21:50:10-11292,attr,Aerocom.aircraft[0].linkSelector,waitingTime:mean,source,computeWaitingTime,
Exponential-capacity-3242-20210301-21:50:10-11292,scalar,Aerocom.aircraft[0].linkSelector,serviceTime:mean,,,0.0072024023707478
Exponential-capacity-3242-20210301-21:50:10-11292,attr,Aerocom.aircraft[0].linkSelector,serviceTime:mean,,,
Exponential-capacity-3242-20210301-21:50:10-11292,attr,Aerocom.aircraft[0].linkSelector,serviceTime:mean,source,computeServiceTime,
Exponential-capacity-3242-20210301-21:50:10-11292,scalar,Aerocom.aircraft[0].linkSelector,queueLength:mean,,,28.021631388745
Exponential-capacity-3242-20210301-21:50:10-11292,attr,Aerocom.aircraft[0].linkSelector,queueLength:mean,,,
Exponential-capacity-3242-20210301-21:50:10-11292,attr,Aerocom.aircraft[0].linkSelector,queueLength:mean,source,computeQueueLength,
Exponential-capacity-3242-20210301-21:50:10-11292,scalar,Aerocom.aircraft[0].dataLink[0],sentPackets:count,,,1099
Exponential-capacity-3242-20210301-21:50:10-11292,attr,Aerocom.aircraft[0].dataLink[0],sentPackets:count,source,computeSentPackets,
Exponential-capacity-3242-20210301-21:50:10-11292,scalar,Aerocom.aircraft[0].dataLink[0],actualCapacity:mean,,,9407.3647058824
Exponential-capacity-3242-20210301-21:50:10-11292,attr,Aerocom.aircraft[0].dataLink[0],actualCapacity:mean,,,
Exponential-capacity-3242-20210301-21:50:10-11292,attr,Aerocom.aircraft[0].dataLink[0],actualCapacity:mean,source,computeActualCapacity,
Exponential-capacity-3242-20210301-21:50:10-11292,scalar,Aerocom.aircraft[0].dataLink[1],sentPackets:count,,,1363
Exponential-capacity-3242-20210301-21:50:10-11292,attr,Aerocom.aircraft[0].dataLink[1],sentPackets:count,source,computeSentPackets,
Exponential-capacity-3242-20210301-21:50:10-11292,scalar,Aerocom.aircraft[0].dataLink[1],actualCapacity:mean,,,9491.6112662942
Exponential-capacity-3242-20210301-21:50:10-11292,attr,Aerocom.aircraft[0].dataLink[1],actualCapacity:mean,,,
Exponential-capacity-3242-20210301-21:50:10-11292,attr,Aerocom.aircraft[0].dataLink[1],actualCapacity:mean,source,computeActualCapacity,
Exponential-capacity-3242-20210301-21:50:10-11292,scalar,Aerocom.aircraft[0].dataLink[2],sentPackets:count,,,698
Exponential-capacity-3242-20210301-21:50:10-11292,attr,Aerocom.aircraft[0].dataLink[2],sentPackets:count,source,computeSentPackets,
Exponential-capacity-3242-20210301-21:50:10-11292,scalar,Aerocom.aircraft[0].dataLink[2],actualCapacity:mean,,,9322.3673883627
Exponential-capacity-3242-20210301-21:50:10-11292,attr,Aerocom.aircraft[0].dataLink[2],actualCapacity:mean,,,
Exponential-capacity-3242-20210301-21:50:10-11292,attr,Aerocom.aircraft[0].dataLink[2],actualCapacity:mean,source,computeActualCapacity,
Exponential-capacity-3242-20210301-21:50:10-11292,scalar,Aerocom.aircraft[0].dataLink[3],sentPackets:count,,,1939
Exponential-capacity-3242-20210301-21:50:10-11292,attr,Aerocom.aircraft[0].dataLink[3],sentPackets:count,source,computeSentPackets,
Exponential-capacity-3242-20210301-21:50:10-11292,scalar,Aerocom.aircraft[0].dataLink[3],actualCapacity:mean,,,9473.796030871
Exponential-capacity-3242-20210301-21:50:10-11292,attr,Aerocom.aircraft[0].dataLink[3],actualCapacity:mean,,,
Exponential-capacity-3242-20210301-21:50:10-11292,attr,Aerocom.aircraft[0].dataLink[3],actualCapacity:mean,source,computeActualCapacity,
Exponential-capacity-3242-20210301-21:50:10-11292,scalar,Aerocom.aircraft[0].dataLink[4],sentPackets:count,,,1020
Exponential-capacity-3242-20210301-21:50:10-11292,attr,Aerocom.aircraft[0].dataLink[4],sentPackets:count,source,computeSentPackets,
Exponential-capacity-3242-20210301-21:50:10-11292,scalar,Aerocom.aircraft[0].dataLink[4],actualCapacity:mean,,,9371.7630410655
Exponential-capacity-3242-20210301-21:50:10-11292,attr,Aerocom.aircraft[0].dataLink[4],actualCapacity:mean,,,
Exponential-capacity-3242-20210301-21:50:10-11292,attr,Aerocom.aircraft[0].dataLink[4],actualCapacity:mean,source,computeActualCapacity,
Exponential-capacity-3242-20210301-21:50:10-11292,scalar,Aerocom.aircraft[0].dataLink[5],sentPackets:count,,,1229
Exponential-capacity-3242-20210301-21:50:10-11292,attr,Aerocom.aircraft[0].dataLink[5],sentPackets:count,source,computeSentPackets,
Exponential-capacity-3242-20210301-21:50:10-11292,scalar,Aerocom.aircraft[0].dataLink[5],actualCapacity:mean,,,9393.6277335984
Exponential-capacity-3242-20210301-21:50:10-11292,attr,Aerocom.aircraft[0].dataLink[5],actualCapacity:mean,,,
Exponential-capacity-3242-20210301-21:50:10-11292,attr,Aerocom.aircraft[0].dataLink[5],actualCapacity:mean,source,computeActualCapacity,
Exponential-capacity-3242-20210301-21:50:10-11292,scalar,Aerocom.aircraft[0].dataLink[6],sentPackets:count,,,1247
Exponential-capacity-3242-20210301-21:50:10-11292,attr,Aerocom.aircraft[0].dataLink[6],sentPackets:count,source,computeSentPackets,
Exponential-capacity-3242-20210301-21:50:10-11292,scalar,Aerocom.aircraft[0].dataLink[6],actualCapacity:mean,,,9441.7469226982
Exponential-capacity-3242-20210301-21:50:10-11292,attr,Aerocom.aircraft[0].dataLink[6],actualCapacity:mean,,,
Exponential-capacity-3242-20210301-21:50:10-11292,attr,Aerocom.aircraft[0].dataLink[6],actualCapacity:mean,source,computeActualCapacity,
Exponential-capacity-3242-20210301-21:50:10-11292,scalar,Aerocom.aircraft[0].dataLink[7],sentPackets:count,,,1195
Exponential-capacity-3242-20210301-21:50:10-11292,attr,Aerocom.aircraft[0].dataLink[7],sentPackets:count,source,computeSentPackets,
Exponential-capacity-3242-20210301-21:50:10-11292,scalar,Aerocom.aircraft[0].dataLink[7],actualCapacity:mean,,,9406.4671717172
Exponential-capacity-3242-20210301-21:50:10-11292,attr,Aerocom.aircraft[0].dataLink[7],actualCapacity:mean,,,
Exponential-capacity-3242-20210301-21:50:10-11292,attr,Aerocom.aircraft[0].dataLink[7],actualCapacity:mean,source,computeActualCapacity,
Exponential-capacity-3242-20210301-21:50:10-11292,scalar,Aerocom.aircraft[0].dataLink[8],sentPackets:count,,,1511
Exponential-capacity-3242-20210301-21:50:10-11292,attr,Aerocom.aircraft[0].dataLink[8],sentPackets:count,source,computeSentPackets,
Exponential-capacity-3242-20210301-21:50:10-11292,scalar,Aerocom.aircraft[0].dataLink[8],actualCapacity:mean,,,9546.9064685315
Exponential-capacity-3242-20210301-21:50:10-11292,attr,Aerocom.aircraft[0].dataLink[8],actualCapacity:mean,,,
Exponential-capacity-3242-20210301-21:50:10-11292,attr,Aerocom.aircraft[0].dataLink[8],actualCapacity:mean,source,computeActualCapacity,
Exponential-capacity-3242-20210301-21:50:10-11292,scalar,Aerocom.aircraft[0].dataLink[9],sentPackets:count,,,822
Exponential-capacity-3242-20210301-21:50:10-11292,attr,Aerocom.aircraft[0].dataLink[9],sentPackets:count,source,computeSentPackets,
Exponential-capacity-3242-20210301-21:50:10-11292,scalar,Aerocom.aircraft[0].dataLink[9],actualCapacity:mean,,,9375.2733499377
Exponential-capacity-3242-20210301-21:50:10-11292,attr,Aerocom.aircraft[0].dataLink[9],actualCapacity:mean,,,
Exponential-capacity-3242-20210301-21:50:10-11292,attr,Aerocom.aircraft[0].dataLink[9],actualCapacity:mean,source,computeActualCapacity,
Exponential-capacity-3242-20210301-21:50:10-11292,scalar,Aerocom.aircraft[0].dataLink[10],sentPackets:count,,,1086
Exponential-capacity-3242-20210301-21:50:10-11292,attr,Aerocom.aircraft[0].dataLink[10],sentPackets:count,source,computeSentPackets,
Exponential-capacity-3242-20210301-21:50:10-11292,scalar,Aerocom.aircraft[0].dataLink[10],actualCapacity:mean,,,9414.8566078117
Exponential-capacity-3242-20210301-21:50:10-11292,attr,Aerocom.aircraft[0].dataLink[10],actualCapacity:mean,,,
Exponential-capacity-3242-20210301-21:50:10-11292,attr,Aerocom.aircraft[0].dataLink[10],actualCapacity:mean,source,computeActualCapacity,
Exponential-capacity-3242-20210301-21:50:10-11292,scalar,Aerocom.aircraft[0].dataLink[11],sentPackets:count,,,978
Exponential-capacity-3242-20210301-21:50:10-11292,attr,Aerocom.aircraft[0].dataLink[11],sentPackets:count,source,computeSentPackets,
Exponential-capacity-3242-20210301-21:50:10-11292,scalar,Aerocom.aircraft[0].dataLink[11],actualCapacity:mean,,,9355.5845190666
Exponential-capacity-3242-20210301-21:50:10-11292,attr,Aerocom.aircraft[0].dataLink[11],actualCapacity:mean,,,
Exponential-capacity-3242-20210301-21:50:10-11292,attr,Aerocom.aircraft[0].dataLink[11],actualCapacity:mean,source,computeActualCapacity,
Exponential-capacity-3242-20210301-21:50:10-11292,scalar,Aerocom.aircraft[0].dataLink[12],sentPackets:count,,,751
Exponential-capacity-3242-20210301-21:50:10-11292,attr,Aerocom.aircraft[0].dataLink[12],sentPackets:count,source,computeSentPackets,
Exponential-capacity-3242-20210301-21:50:10-11292,scalar,Aerocom.aircraft[0].dataLink[12],actualCapacity:mean,,,9275.8180636777
Exponential-capacity-3242-20210301-21:50:10-11292,attr,Aerocom.aircraft[0].dataLink[12],actualCapacity:mean,,,
Exponential-capacity-3242-20210301-21:50:10-11292,attr,Aerocom.aircraft[0].dataLink[12],actualCapacity:mean,source,computeActualCapacity,
Exponential-capacity-3242-20210301-21:50:10-11292,scalar,Aerocom.aircraft[0].dataLink[13],sentPackets:count,,,1336
Exponential-capacity-3242-20210301-21:50:10-11292,attr,Aerocom.aircraft[0].dataLink[13],sentPackets:count,source,computeSentPackets,
Exponential-capacity-3242-20210301-21:50:10-11292,scalar,Aerocom.aircraft[0].dataLink[13],actualCapacity:mean,,,9476.4073193916
Exponential-capacity-3242-20210301-21:50:10-11292,attr,Aerocom.aircraft[0].dataLink[13],actualCapacity:mean,,,
Exponential-capacity-3242-20210301-21:50:10-11292,attr,Aerocom.aircraft[0].dataLink[13],actualCapacity:mean,source,computeActualCapacity,
Exponential-capacity-3242-20210301-21:50:10-11292,scalar,Aerocom.aircraft[0].dataLink[14],sentPackets:count,,,1734
Exponential-capacity-3242-20210301-21:50:10-11292,attr,Aerocom.aircraft[0].dataLink[14],sentPackets:count,source,computeSentPackets,
Exponential-capacity-3242-20210301-21:50:10-11292,scalar,Aerocom.aircraft[0].dataLink[14],actualCapacity:mean,,,9549.7399442453
Exponential-capacity-3242-20210301-21:50:10-11292,attr,Aerocom.aircraft[0].dataLink[14],actualCapacity:mean,,,
Exponential-capacity-3242-20210301-21:50:10-11292,attr,Aerocom.aircraft[0].dataLink[14],actualCapacity:mean,source,computeActualCapacity,
Exponential-capacity-3242-20210301-21:50:10-11292,scalar,Aerocom.aircraft[0].dataLink[15],sentPackets:count,,,1361
Exponential-capacity-3242-20210301-21:50:10-11292,attr,Aerocom.aircraft[0].dataLink[15],sentPackets:count,source,computeSentPackets,
Exponential-capacity-3242-20210301-21:50:10-11292,scalar,Aerocom.aircraft[0].dataLink[15],actualCapacity:mean,,,9499.2865116279
Exponential-capacity-3242-20210301-21:50:10-11292,attr,Aerocom.aircraft[0].dataLink[15],actualCapacity:mean,,,
Exponential-capacity-3242-20210301-21:50:10-11292,attr,Aerocom.aircraft[0].dataLink[15],actualCapacity:mean,source,computeActualCapacity,
Exponential-capacity-3242-20210301-21:50:10-11292,scalar,Aerocom.controlTower,receivedPackets:count,,,19369
Exponential-capacity-3242-20210301-21:50:10-11292,attr,Aerocom.controlTower,receivedPackets:count,source,computeReceivedPackets,
Exponential-capacity-3243-20210301-21:50:10-11292,scalar,Aerocom.aircraft[0].linkSelector,responseTime:mean,,,0.59673233498026
Exponential-capacity-3243-20210301-21:50:10-11292,attr,Aerocom.aircraft[0].linkSelector,responseTime:mean,,,
Exponential-capacity-3243-20210301-21:50:10-11292,attr,Aerocom.aircraft[0].linkSelector,responseTime:mean,source,computeResponseTime,
Exponential-capacity-3243-20210301-21:50:10-11292,scalar,Aerocom.aircraft[0].linkSelector,meanMalus:sum,,,14210
Exponential-capacity-3243-20210301-21:50:10-11292,attr,Aerocom.aircraft[0].linkSelector,meanMalus:sum,,,
Exponential-capacity-3243-20210301-21:50:10-11292,attr,Aerocom.aircraft[0].linkSelector,meanMalus:sum,source,computeMeanMalus,
Exponential-capacity-3243-20210301-21:50:10-11292,scalar,Aerocom.aircraft[0].linkSelector,waitingTime:mean,,,0.58952247986249
Exponential-capacity-3243-20210301-21:50:10-11292,attr,Aerocom.aircraft[0].linkSelector,waitingTime:mean,,,
Exponential-capacity-3243-20210301-21:50:10-11292,attr,Aerocom.aircraft[0].linkSelector,waitingTime:mean,source,computeWaitingTime,
Exponential-capacity-3243-20210301-21:50:10-11292,scalar,Aerocom.aircraft[0].linkSelector,serviceTime:mean,,,0.0072037826886979
Exponential-capacity-3243-20210301-21:50:10-11292,attr,Aerocom.aircraft[0].linkSelector,serviceTime:mean,,,
Exponential-capacity-3243-20210301-21:50:10-11292,attr,Aerocom.aircraft[0].linkSelector,serviceTime:mean,source,computeServiceTime,
Exponential-capacity-3243-20210301-21:50:10-11292,scalar,Aerocom.aircraft[0].linkSelector,queueLength:mean,,,29.105534829049
Exponential-capacity-3243-20210301-21:50:10-11292,attr,Aerocom.aircraft[0].linkSelector,queueLength:mean,,,
Exponential-capacity-3243-20210301-21:50:10-11292,attr,Aerocom.aircraft[0].linkSelector,queueLength:mean,source,computeQueueLength,
Exponential-capacity-3243-20210301-21:50:10-11292,scalar,Aerocom.aircraft[0].dataLink[0],sentPackets:count,,,1518
Exponential-capacity-3243-20210301-21:50:10-11292,attr,Aerocom.aircraft[0].dataLink[0],sentPackets:count,source,computeSentPackets,
Exponential-capacity-3243-20210301-21:50:10-11292,scalar,Aerocom.aircraft[0].dataLink[0],actualCapacity:mean,,,9507.5413763066
Exponential-capacity-3243-20210301-21:50:10-11292,attr,Aerocom.aircraft[0].dataLink[0],actualCapacity:mean,,,
Exponential-capacity-3243-20210301-21:50:10-11292,attr,Aerocom.aircraft[0].dataLink[0],actualCapacity:mean,source,computeActualCapacity,
Exponential-capacity-3243-20210301-21:50:10-11292,scalar,Aerocom.aircraft[0].dataLink[1],sentPackets:count,,,1166
Exponential-capacity-3243-20210301-21:50:10-11292,attr,Aerocom.aircraft[0].dataLink[1],sentPackets:count,source,computeSentPackets,
Exponential-capacity-3243-20210301-21:50:10-11292,scalar,Aerocom.aircraft[0].dataLink[1],actualCapacity:mean,,,9438.4592516658
Exponential-capacity-3243-20210301-21:50:10-11292,attr,Aerocom.aircraft[0].dataLink[1],actualCapacity:mean,,,
Exponential-capacity-3243-20210301-21:50:10-11292,attr,Aerocom.aircraft[0].dataLink[1],actualCapacity:mean,source,computeActualCapacity,
Exponential-capacity-3243-20210301-21:50:10-11292,scalar,Aerocom.aircraft[0].dataLink[2],sentPackets:count,,,1934
Exponential-capacity-3243-20210301-21:50:10-11292,attr,Aerocom.aircraft[0].dataLink[2],sentPackets:count,source,computeSentPackets,
Exponential-capacity-3243-20210301-21:50:10-11292,scalar,Aerocom.aircraft[0].dataLink[2],actualCapacity:mean,,,9551.6976058932
Exponential-capacity-3243-20210301-21:50:10-11292,attr,Aerocom.aircraft[0].dataLink[2],actualCapacity:mean,,,
Exponential-capacity-3243-20210301-21:50:10-11292,attr,Aerocom.aircraft[0].dataLink[2],actualCapacity:mean,source,computeActualCapacity,
Exponential-capacity-3243-20210301-21:50:10-11292,scalar,Aerocom.aircraft[0].dataLink[3],sentPackets:count,,,1117
Exponential-capacity-3243-20210301-21:50:10-11292,attr,Aerocom.aircraft[0].dataLink[3],sentPackets:count,source,computeSentPackets,
Exponential-capacity-3243-20210301-21:50:10-11292,scalar,Aerocom.aircraft[0].dataLink[3],actualCapacity:mean,,,9444.0569620253
Exponential-capacity-3243-20210301-21:50:10-11292,attr,Aerocom.aircraft[0].dataLink[3],actualCapacity:mean,,,
Exponential-capacity-3243-20210301-21:50:10-11292,attr,Aerocom.aircraft[0].dataLink[3],actualCapacity:mean,source,computeActualCapacity,
Exponential-capacity-3243-20210301-21:50:10-11292,scalar,Aerocom.aircraft[0].dataLink[4],sentPackets:count,,,857
Exponential-capacity-3243-20210301-21:50:10-11292,attr,Aerocom.aircraft[0].dataLink[4],sentPackets:count,source,computeSentPackets,
Exponential-capacity-3243-20210301-21:50:10-11292,scalar,Aerocom.aircraft[0].dataLink[4],actualCapacity:mean,,,9322.1650366748
Exponential-capacity-3243-20210301-21:50:10-11292,attr,Aerocom.aircraft[0].dataLink[4],actualCapacity:mean,,,
Exponential-capacity-3243-20210301-21:50:10-11292,attr,Aerocom.aircraft[0].dataLink[4],actualCapacity:mean,source,computeActualCapacity,
Exponential-capacity-3243-20210301-21:50:10-11292,scalar,Aerocom.aircraft[0].dataLink[5],sentPackets:count,,,1482
Exponential-capacity-3243-20210301-21:50:10-11292,attr,Aerocom.aircraft[0].dataLink[5],sentPackets:count,source,computeSentPackets,
Exponential-capacity-3243-20210301-21:50:10-11292,scalar,Aerocom.aircraft[0].dataLink[5],actualCapacity:mean,,,9464.4936038818
Exponential-capacity-3243-20210301-21:50:10-11292,attr,Aerocom.aircraft[0].dataLink[5],actualCapacity:mean,,,
Exponential-capacity-3243-20210301-21:50:10-11292,attr,Aerocom.aircraft[0].dataLink[5],actualCapacity:mean,source,computeActualCapacity,
Exponential-capacity-3243-20210301-21:50:10-11292,scalar,Aerocom.aircraft[0].dataLink[6],sentPackets:count,,,854
Exponential-capacity-3243-20210301-21:50:10-11292,attr,Aerocom.aircraft[0].dataLink[6],sentPackets:count,source,computeSentPackets,
Exponential-capacity-3243-20210301-21:50:10-11292,scalar,Aerocom.aircraft[0].dataLink[6],actualCapacity:mean,,,9341.9474648748
Exponential-capacity-3243-20210301-21:50:10-11292,attr,Aerocom.aircraft[0].dataLink[6],actualCapacity:mean,,,
Exponential-capacity-3243-20210301-21:50:10-11292,attr,Aerocom.aircraft[0].dataLink[6],actualCapacity:mean,source,computeActualCapacity,
Exponential-capacity-3243-20210301-21:50:10-11292,scalar,Aerocom.aircraft[0].dataLink[7],sentPackets:count,,,1172
Exponential-capacity-3243-20210301-21:50:10-11292,attr,Aerocom.aircraft[0].dataLink[7],sentPackets:count,source,computeSentPackets,
Exponential-capacity-3243-20210301-21:50:10-11292,scalar,Aerocom.aircraft[0].dataLink[7],actualCapacity:mean,,,9407.821483376
Exponential-capacity-3243-20210301-21:50:10-11292,attr,Aerocom.aircraft[0].dataLink[7],actualCapacity:mean,,,
Exponential-capacity-3243-20210301-21:50:10-11292,attr,Aerocom.aircraft[0].dataLink[7],actualCapacity:mean,source,computeActualCapacity,
Exponential-capacity-3243-20210301-21:50:10-11292,scalar,Aerocom.aircraft[0].dataLink[8],sentPackets:count,,,1274
Exponential-capacity-3243-20210301-21:50:10-11292,attr,Aerocom.aircraft[0].dataLink[8],sentPackets:count,source,computeSentPackets,
Exponential-capacity-3243-20210301-21:50:10-11292,scalar,Aerocom.aircraft[0].dataLink[8],actualCapacity:mean,,,9477.6729834791
Exponential-capacity-3243-20210301-21:50:10-11292,attr,Aerocom.aircraft[0].dataLink[8],actualCapacity:mean,,,
Exponential-capacity-3243-20210301-21:50:10-11292,attr,Aerocom.aircraft[0].dataLink[8],actualCapacity:mean,source,computeActualCapacity,
Exponential-capacity-3243-20210301-21:50:10-11292,scalar,Aerocom.aircraft[0].dataLink[9],sentPackets:count,,,838
Exponential-capacity-3243-20210301-21:50:10-11292,attr,Aerocom.aircraft[0].dataLink[9],sentPackets:count,source,computeSentPackets,
Exponential-capacity-3243-20210301-21:50:10-11292,scalar,Aerocom.aircraft[0].dataLink[9],actualCapacity:mean,,,9342.2750309023
Exponential-capacity-3243-20210301-21:50:10-11292,attr,Aerocom.aircraft[0].dataLink[9],actualCapacity:mean,,,
Exponential-capacity-3243-20210301-21:50:10-11292,attr,Aerocom.aircraft[0].dataLink[9],actualCapacity:mean,source,computeActualCapacity,
Exponential-capacity-3243-20210301-21:50:10-11292,scalar,Aerocom.aircraft[0].dataLink[10],sentPackets:count,,,820
Exponential-capacity-3243-20210301-21:50:10-11292,attr,Aerocom.aircraft[0].dataLink[10],sentPackets:count,source,computeSentPackets,
Exponential-capacity-3243-20210301-21:50:10-11292,scalar,Aerocom.aircraft[0].dataLink[10],actualCapacity:mean,,,9320.2925
Exponential-capacity-3243-20210301-21:50:10-11292,attr,Aerocom.aircraft[0].dataLink[10],actualCapacity:mean,,,
Exponential-capacity-3243-20210301-21:50:10-11292,attr,Aerocom.aircraft[0].dataLink[10],actualCapacity:mean,source,computeActualCapacity,
Exponential-capacity-3243-20210301-21:50:10-11292,scalar,Aerocom.aircraft[0].dataLink[11],sentPackets:count,,,1412
Exponential-capacity-3243-20210301-21:50:10-11292,attr,Aerocom.aircraft[0].dataLink[11],sentPackets:count,source,computeSentPackets,
Exponential-capacity-3243-20210301-21:50:10-11292,scalar,Aerocom.aircraft[0].dataLink[11],actualCapacity:mean,,,9490.8122151322
Exponential-capacity-3243-20210301-21:50:10-11292,attr,Aerocom.aircraft[0].dataLink[11],actualCapacity:mean,,,
Exponential-capacity-3243-20210301-21:50:10-11292,attr,Aerocom.aircraft[0].dataLink[11],actualCapacity:mean,source,computeActualCapacity,
Exponential-capacity-3243-20210301-21:50:10-11292,scalar,Aerocom.aircraft[0].dataLink[12],sentPackets:count,,,933
Exponential-capacity-3243-20210301-21:50:10-11292,attr,Aerocom.aircraft[0].dataLink[12],sentPackets:count,source,computeSentPackets,
Exponential-capacity-3243-20210301-21:50:10-11292,scalar,Aerocom.aircraft[0].dataLink[12],actualCapacity:mean,,,9370.5988338192
Exponential-capacity-3243-20210301-21:50:10-11292,attr,Aerocom.aircraft[0].dataLink[12],actualCapacity:mean,,,
Exponential-capacity-3243-20210301-21:50:10-11292,attr,Aerocom.aircraft[0].dataLink[12],actualCapacity:mean,source,computeActualCapacity,
Exponential-capacity-3243-20210301-21:50:10-11292,scalar,Aerocom.aircraft[0].dataLink[13],sentPackets:count,,,1350
Exponential-capacity-3243-20210301-21:50:10-11292,attr,Aerocom.aircraft[0].dataLink[13],sentPackets:count,source,computeSentPackets,
Exponential-capacity-3243-20210301-21:50:10-11292,scalar,Aerocom.aircraft[0].dataLink[13],actualCapacity:mean,,,9452.1903864279
Exponential-capacity-3243-20210301-21:50:10-11292,attr,Aerocom.aircraft[0].dataLink[13],actualCapacity:mean,,,
Exponential-capacity-3243-20210301-21:50:10-11292,attr,Aerocom.aircraft[0].dataLink[13],actualCapacity:mean,source,computeActualCapacity,
Exponential-capacity-3243-20210301-21:50:10-11292,scalar,Aerocom.aircraft[0].dataLink[14],sentPackets:count,,,1186
Exponential-capacity-3243-20210301-21:50:10-11292,attr,Aerocom.aircraft[0].dataLink[14],sentPackets:count,source,computeSentPackets,
Exponential-capacity-3243-20210301-21:50:10-11292,scalar,Aerocom.aircraft[0].dataLink[14],actualCapacity:mean,,,9401.4253693327
Exponential-capacity-3243-20210301-21:50:10-11292,attr,Aerocom.aircraft[0].dataLink[14],actualCapacity:mean,,,
Exponential-capacity-3243-20210301-21:50:10-11292,attr,Aerocom.aircraft[0].dataLink[14],actualCapacity:mean,source,computeActualCapacity,
Exponential-capacity-3243-20210301-21:50:10-11292,scalar,Aerocom.aircraft[0].dataLink[15],sentPackets:count,,,1653
Exponential-capacity-3243-20210301-21:50:10-11292,attr,Aerocom.aircraft[0].dataLink[15],sentPackets:count,source,computeSentPackets,
Exponential-capacity-3243-20210301-21:50:10-11292,scalar,Aerocom.aircraft[0].dataLink[15],actualCapacity:mean,,,9503.3827868852
Exponential-capacity-3243-20210301-21:50:10-11292,attr,Aerocom.aircraft[0].dataLink[15],actualCapacity:mean,,,
Exponential-capacity-3243-20210301-21:50:10-11292,attr,Aerocom.aircraft[0].dataLink[15],actualCapacity:mean,source,computeActualCapacity,
Exponential-capacity-3243-20210301-21:50:10-11292,scalar,Aerocom.controlTower,receivedPackets:count,,,19566
Exponential-capacity-3243-20210301-21:50:10-11292,attr,Aerocom.controlTower,receivedPackets:count,source,computeReceivedPackets,
Exponential-capacity-3244-20210301-21:50:10-11292,scalar,Aerocom.aircraft[0].linkSelector,responseTime:mean,,,0.56829368732468
Exponential-capacity-3244-20210301-21:50:10-11292,attr,Aerocom.aircraft[0].linkSelector,responseTime:mean,,,
Exponential-capacity-3244-20210301-21:50:10-11292,attr,Aerocom.aircraft[0].linkSelector,responseTime:mean,source,computeResponseTime,
Exponential-capacity-3244-20210301-21:50:10-11292,scalar,Aerocom.aircraft[0].linkSelector,meanMalus:sum,,,13140
Exponential-capacity-3244-20210301-21:50:10-11292,attr,Aerocom.aircraft[0].linkSelector,meanMalus:sum,,,
Exponential-capacity-3244-20210301-21:50:10-11292,attr,Aerocom.aircraft[0].linkSelector,meanMalus:sum,source,computeMeanMalus,
Exponential-capacity-3244-20210301-21:50:10-11292,scalar,Aerocom.aircraft[0].linkSelector,waitingTime:mean,,,0.56109956036179
Exponential-capacity-3244-20210301-21:50:10-11292,attr,Aerocom.aircraft[0].linkSelector,waitingTime:mean,,,
Exponential-capacity-3244-20210301-21:50:10-11292,attr,Aerocom.aircraft[0].linkSelector,waitingTime:mean,source,computeWaitingTime,
Exponential-capacity-3244-20210301-21:50:10-11292,scalar,Aerocom.aircraft[0].linkSelector,serviceTime:mean,,,0.007194126962902
Exponential-capacity-3244-20210301-21:50:10-11292,attr,Aerocom.aircraft[0].linkSelector,serviceTime:mean,,,
Exponential-capacity-3244-20210301-21:50:10-11292,attr,Aerocom.aircraft[0].linkSelector,serviceTime:mean,source,computeServiceTime,
Exponential-capacity-3244-20210301-21:50:10-11292,scalar,Aerocom.aircraft[0].linkSelector,queueLength:mean,,,27.686662903474
Exponential-capacity-3244-20210301-21:50:10-11292,attr,Aerocom.aircraft[0].linkSelector,queueLength:mean,,,
Exponential-capacity-3244-20210301-21:50:10-11292,attr,Aerocom.aircraft[0].linkSelector,queueLength:mean,source,computeQueueLength,
Exponential-capacity-3244-20210301-21:50:10-11292,scalar,Aerocom.aircraft[0].dataLink[0],sentPackets:count,,,963
Exponential-capacity-3244-20210301-21:50:10-11292,attr,Aerocom.aircraft[0].dataLink[0],sentPackets:count,source,computeSentPackets,
Exponential-capacity-3244-20210301-21:50:10-11292,scalar,Aerocom.aircraft[0].dataLink[0],actualCapacity:mean,,,9373.358739255
Exponential-capacity-3244-20210301-21:50:10-11292,attr,Aerocom.aircraft[0].dataLink[0],actualCapacity:mean,,,
Exponential-capacity-3244-20210301-21:50:10-11292,attr,Aerocom.aircraft[0].dataLink[0],actualCapacity:mean,source,computeActualCapacity,
Exponential-capacity-3244-20210301-21:50:10-11292,scalar,Aerocom.aircraft[0].dataLink[1],sentPackets:count,,,1867
Exponential-capacity-3244-20210301-21:50:10-11292,attr,Aerocom.aircraft[0].dataLink[1],sentPackets:count,source,computeSentPackets,
Exponential-capacity-3244-20210301-21:50:10-11292,scalar,Aerocom.aircraft[0].dataLink[1],actualCapacity:mean,,,9578.9671698113
Exponential-capacity-3244-20210301-21:50:10-11292,attr,Aerocom.aircraft[0].dataLink[1],actualCapacity:mean,,,
Exponential-capacity-3244-20210301-21:50:10-11292,attr,Aerocom.aircraft[0].dataLink[1],actualCapacity:mean,source,computeActualCapacity,
Exponential-capacity-3244-20210301-21:50:10-11292,scalar,Aerocom.aircraft[0].dataLink[2],sentPackets:count,,,1487
Exponential-capacity-3244-20210301-21:50:10-11292,attr,Aerocom.aircraft[0].dataLink[2],sentPackets:count,source,computeSentPackets,
Exponential-capacity-3244-20210301-21:50:10-11292,scalar,Aerocom.aircraft[0].dataLink[2],actualCapacity:mean,,,9478.0128091873
Exponential-capacity-3244-20210301-21:50:10-11292,attr,Aerocom.aircraft[0].dataLink[2],actualCapacity:mean,,,
Exponential-capacity-3244-20210301-21:50:10-11292,attr,Aerocom.aircraft[0].dataLink[2],actualCapacity:mean,source,computeActualCapacity,
Exponential-capacity-3244-20210301-21:50:10-11292,scalar,Aerocom.aircraft[0].dataLink[3],sentPackets:count,,,1185
Exponential-capacity-3244-20210301-21:50:10-11292,attr,Aerocom.aircraft[0].dataLink[3],sentPackets:count,source,computeSentPackets,
Exponential-capacity-3244-20210301-21:50:10-11292,scalar,Aerocom.aircraft[0].dataLink[3],actualCapacity:mean,,,9428.0726995425
Exponential-capacity-3244-20210301-21:50:10-11292,attr,Aerocom.aircraft[0].dataLink[3],actualCapacity:mean,,,
Exponential-capacity-3244-20210301-21:50:10-11292,attr,Aerocom.aircraft[0].dataLink[3],actualCapacity:mean,source,computeActualCapacity,
Exponential-capacity-3244-20210301-21:50:10-11292,scalar,Aerocom.aircraft[0].dataLink[4],sentPackets:count,,,700
Exponential-capacity-3244-20210301-21:50:10-11292,attr,Aerocom.aircraft[0].dataLink[4],sentPackets:count,source,computeSentPackets,
Exponential-capacity-3244-20210301-21:50:10-11292,scalar,Aerocom.aircraft[0].dataLink[4],actualCapacity:mean,,,9324.6747802569
Exponential-capacity-3244-20210301-21:50:10-11292,attr,Aerocom.aircraft[0].dataLink[4],actualCapacity:mean,,,
Exponential-capacity-3244-20210301-21:50:10-11292,attr,Aerocom.aircraft[0].dataLink[4],actualCapacity:mean,source,computeActualCapacity,
Exponential-capacity-3244-20210301-21:50:10-11292,scalar,Aerocom.aircraft[0].dataLink[5],sentPackets:count,,,675
Exponential-capacity-3244-20210301-21:50:10-11292,attr,Aerocom.aircraft[0].dataLink[5],sentPackets:count,source,computeSentPackets,
Exponential-capacity-3244-20210301-21:50:10-11292,scalar,Aerocom.aircraft[0].dataLink[5],actualCapacity:mean,,,9325.5489390828
Exponential-capacity-3244-20210301-21:50:10-11292,attr,Aerocom.aircraft[0].dataLink[5],actualCapacity:mean,,,
Exponential-capacity-3244-20210301-21:50:10-11292,attr,Aerocom.aircraft[0].dataLink[5],actualCapacity:mean,source,computeActualCapacity,
Exponential-capacity-3244-20210301-21:50:10-11292,scalar,Aerocom.aircraft[0].dataLink[6],sentPackets:count,,,926
Exponential-capacity-3244-20210301-21:50:10-11292,attr,Aerocom.aircraft[0].dataLink[6],sentPackets:count,source,computeSentPackets,
Exponential-capacity-3244-20210301-21:50:10-11292,scalar,Aerocom.aircraft[0].dataLink[6],actualCapacity:mean,,,9412.6314553991
Exponential-capacity-3244-20210301-21:50:10-11292,attr,Aerocom.aircraft[0].dataLink[6],actualCapacity:mean,,,
Exponential-capacity-3244-20210301-21:50:10-11292,attr,Aerocom.aircraft[0].dataLink[6],actualCapacity:mean,source,computeActualCapacity,
Exponential-capacity-3244-20210301-21:50:10-11292,scalar,Aerocom.aircraft[0].dataLink[7],sentPackets:count,,,1587
Exponential-capacity-3244-20210301-21:50:10-11292,attr,Aerocom.aircraft[0].dataLink[7],sentPackets:count,source,computeSentPackets,
Exponential-capacity-3244-20210301-21:50:10-11292,scalar,Aerocom.aircraft[0].dataLink[7],actualCapacity:mean,,,9515.0379586672
Exponential-capacity-3244-20210301-21:50:10-11292,attr,Aerocom.aircraft[0].dataLink[7],actualCapacity:mean,,,
Exponential-capacity-3244-20210301-21:50:10-11292,attr,Aerocom.aircraft[0].dataLink[7],actualCapacity:mean,source,computeActualCapacity,
Exponential-capacity-3244-20210301-21:50:10-11292,scalar,Aerocom.aircraft[0].dataLink[8],sentPackets:count,,,1583
Exponential-capacity-3244-20210301-21:50:10-11292,attr,Aerocom.aircraft[0].dataLink[8],sentPackets:count,source,computeSentPackets,
Exponential-capacity-3244-20210301-21:50:10-11292,scalar,Aerocom.aircraft[0].dataLink[8],actualCapacity:mean,,,9521.2417442845
Exponential-capacity-3244-20210301-21:50:10-11292,attr,Aerocom.aircraft[0].dataLink[8],actualCapacity:mean,,,
Exponential-capacity-3244-20210301-21:50:10-11292,attr,Aerocom.aircraft[0].dataLink[8],actualCapacity:mean,source,computeActualCapacity,
Exponential-capacity-3244-20210301-21:50:10-11292,scalar,Aerocom.aircraft[0].dataLink[9],sentPackets:count,,,1552
Exponential-capacity-3244-20210301-21:50:10-11292,attr,Aerocom.aircraft[0].dataLink[9],sentPackets:count,source,computeSentPackets,
Exponential-capacity-3244-20210301-21:50:10-11292,scalar,Aerocom.aircraft[0].dataLink[9],actualCapacity:mean,,,9484.9832833262
Exponential-capacity-3244-20210301-21:50:10-11292,attr,Aerocom.aircraft[0].dataLink[9],actualCapacity:mean,,,
Exponential-capacity-3244-20210301-21:50:10-11292,attr,Aerocom.aircraft[0].dataLink[9],actualCapacity:mean,source,computeActualCapacity,
Exponential-capacity-3244-20210301-21:50:10-11292,scalar,Aerocom.aircraft[0].dataLink[10],sentPackets:count,,,1293
Exponential-capacity-3244-20210301-21:50:10-11292,attr,Aerocom.aircraft[0].dataLink[10],sentPackets:count,source,computeSentPackets,
Exponential-capacity-3244-20210301-21:50:10-11292,scalar,Aerocom.aircraft[0].dataLink[10],actualCapacity:mean,,,9379.6583373378
Exponential-capacity-3244-20210301-21:50:10-11292,attr,Aerocom.aircraft[0].dataLink[10],actualCapacity:mean,,,
Exponential-capacity-3244-20210301-21:50:10-11292,attr,Aerocom.aircraft[0].dataLink[10],actualCapacity:mean,source,computeActualCapacity,
Exponential-capacity-3244-20210301-21:50:10-11292,scalar,Aerocom.aircraft[0].dataLink[11],sentPackets:count,,,1043
Exponential-capacity-3244-20210301-21:50:10-11292,attr,Aerocom.aircraft[0].dataLink[11],sentPackets:count,source,computeSentPackets,
Exponential-capacity-3244-20210301-21:50:10-11292,scalar,Aerocom.aircraft[0].dataLink[11],actualCapacity:mean,,,9431.806805708
Exponential-capacity-3244-20210301-21:50:10-11292,attr,Aerocom.aircraft[0].dataLink[11],actualCapacity:mean,,,
Exponential-capacity-3244-20210301-21:50:10-11292,attr,Aerocom.aircraft[0].dataLink[11],actualCapacity:mean,source,computeActualCapacity,
Exponential-capacity-3244-20210301-21:50:10-11292,scalar,Aerocom.aircraft[0].dataLink[12],sentPackets:count,,,1684
Exponential-capacity-3244-20210301-21:50:10-11292,attr,Aerocom.aircraft[0].dataLink[12],sentPackets:count,source,computeSentPackets,
Exponential-capacity-3244-20210301-21:50:10-11292,scalar,Aerocom.aircraft[0].dataLink[12],actualCapacity:mean,,,9545.6481331169
Exponential-capacity-3244-20210301-21:50:10-11292,attr,Aerocom.aircraft[0].dataLink[12],actualCapacity:mean,,,
Exponential-capacity-3244-20210301-21:50:10-11292,attr,Aerocom.aircraft[0].dataLink[12],actualCapacity:mean,source,computeActualCapacity,
Exponential-capacity-3244-20210301-21:50:10-11292,scalar,Aerocom.aircraft[0].dataLink[13],sentPackets:count,,,1151
Exponential-capacity-3244-20210301-21:50:10-11292,attr,Aerocom.aircraft[0].dataLink[13],sentPackets:count,source,computeSentPackets,
Exponential-capacity-3244-20210301-21:50:10-11292,scalar,Aerocom.aircraft[0].dataLink[13],actualCapacity:mean,,,9363.7583892617
Exponential-capacity-3244-20210301-21:50:10-11292,attr,Aerocom.aircraft[0].dataLink[13],actualCapacity:mean,,,
Exponential-capacity-3244-20210301-21:50:10-11292,attr,Aerocom.aircraft[0].dataLink[13],actualCapacity:mean,source,computeActualCapacity,
Exponential-capacity-3244-20210301-21:50:10-11292,scalar,Aerocom.aircraft[0].dataLink[14],sentPackets:count,,,645
Exponential-capacity-3244-20210301-21:50:10-11292,attr,Aerocom.aircraft[0].dataLink[14],sentPackets:count,source,computeSentPackets,
Exponential-capacity-3244-20210301-21:50:10-11292,scalar,Aerocom.aircraft[0].dataLink[14],actualCapacity:mean,,,9252.0056497175
Exponential-capacity-3244-20210301-21:50:10-11292,attr,Aerocom.aircraft[0].dataLink[14],actualCapacity:mean,,,
Exponential-capacity-3244-20210301-21:50:10-11292,attr,Aerocom.aircraft[0].dataLink[14],actualCapacity:mean,source,computeActualCapacity,
Exponential-capacity-3244-20210301-21:50:10-11292,scalar,Aerocom.aircraft[0].dataLink[15],sentPackets:count,,,1146
Exponential-capacity-3244-20210301-21:50:10-11292,attr,Aerocom.aircraft[0].dataLink[15],sentPackets:count,source,computeSentPackets,
Exponential-capacity-3244-20210301-21:50:10-11292,scalar,Aerocom.aircraft[0].dataLink[15],actualCapacity:mean,,,9419.303061754
Exponential-capacity-3244-20210301-21:50:10-11292,attr,Aerocom.aircraft[0].dataLink[15],actualCapacity:mean,,,
Exponential-capacity-3244-20210301-21:50:10-11292,attr,Aerocom.aircraft[0].dataLink[15],actualCapacity:mean,source,computeActualCapacity,
Exponential-capacity-3244-20210301-21:50:10-11292,scalar,Aerocom.controlTower,receivedPackets:count,,,19487
Exponential-capacity-3244-20210301-21:50:10-11292,attr,Aerocom.controlTower,receivedPackets:count,source,computeReceivedPackets,
Exponential-capacity-3245-20210301-21:50:11-11292,scalar,Aerocom.aircraft[0].linkSelector,responseTime:mean,,,0.52365947163338
Exponential-capacity-3245-20210301-21:50:11-11292,attr,Aerocom.aircraft[0].linkSelector,responseTime:mean,,,
Exponential-capacity-3245-20210301-21:50:11-11292,attr,Aerocom.aircraft[0].linkSelector,responseTime:mean,source,computeResponseTime,
Exponential-capacity-3245-20210301-21:50:11-11292,scalar,Aerocom.aircraft[0].linkSelector,meanMalus:sum,,,10986
Exponential-capacity-3245-20210301-21:50:11-11292,attr,Aerocom.aircraft[0].linkSelector,meanMalus:sum,,,
Exponential-capacity-3245-20210301-21:50:11-11292,attr,Aerocom.aircraft[0].linkSelector,meanMalus:sum,source,computeMeanMalus,
Exponential-capacity-3245-20210301-21:50:11-11292,scalar,Aerocom.aircraft[0].linkSelector,waitingTime:mean,,,0.51641139603098
Exponential-capacity-3245-20210301-21:50:11-11292,attr,Aerocom.aircraft[0].linkSelector,waitingTime:mean,,,
Exponential-capacity-3245-20210301-21:50:11-11292,attr,Aerocom.aircraft[0].linkSelector,waitingTime:mean,source,computeWaitingTime,
Exponential-capacity-3245-20210301-21:50:11-11292,scalar,Aerocom.aircraft[0].linkSelector,serviceTime:mean,,,0.0072222344859023
Exponential-capacity-3245-20210301-21:50:11-11292,attr,Aerocom.aircraft[0].linkSelector,serviceTime:mean,,,
Exponential-capacity-3245-20210301-21:50:11-11292,attr,Aerocom.aircraft[0].linkSelector,serviceTime:mean,source,computeServiceTime,
Exponential-capacity-3245-20210301-21:50:11-11292,scalar,Aerocom.aircraft[0].linkSelector,queueLength:mean,,,25.978447834545
Exponential-capacity-3245-20210301-21:50:11-11292,attr,Aerocom.aircraft[0].linkSelector,queueLength:mean,,,
Exponential-capacity-3245-20210301-21:50:11-11292,attr,Aerocom.aircraft[0].linkSelector,queueLength:mean,source,computeQueueLength,
Exponential-capacity-3245-20210301-21:50:11-11292,scalar,Aerocom.aircraft[0].dataLink[0],sentPackets:count,,,601
Exponential-capacity-3245-20210301-21:50:11-11292,attr,Aerocom.aircraft[0].dataLink[0],sentPackets:count,source,computeSentPackets,
Exponential-capacity-3245-20210301-21:50:11-11292,scalar,Aerocom.aircraft[0].dataLink[0],actualCapacity:mean,,,9255.4268115942
Exponential-capacity-3245-20210301-21:50:11-11292,attr,Aerocom.aircraft[0].dataLink[0],actualCapacity:mean,,,
Exponential-capacity-3245-20210301-21:50:11-11292,attr,Aerocom.aircraft[0].dataLink[0],actualCapacity:mean,source,computeActualCapacity,
Exponential-capacity-3245-20210301-21:50:11-11292,scalar,Aerocom.aircraft[0].dataLink[1],sentPackets:count,,,1888
Exponential-capacity-3245-20210301-21:50:11-11292,attr,Aerocom.aircraft[0].dataLink[1],sentPackets:count,source,computeSentPackets,
Exponential-capacity-3245-20210301-21:50:11-11292,scalar,Aerocom.aircraft[0].dataLink[1],actualCapacity:mean,,,9559.8241676019
Exponential-capacity-3245-20210301-21:50:11-11292,attr,Aerocom.aircraft[0].dataLink[1],actualCapacity:mean,,,
Exponential-capacity-3245-20210301-21:50:11-11292,attr,Aerocom.aircraft[0].dataLink[1],actualCapacity:mean,source,computeActualCapacity,
Exponential-capacity-3245-20210301-21:50:11-11292,scalar,Aerocom.aircraft[0].dataLink[2],sentPackets:count,,,981
Exponential-capacity-3245-20210301-21:50:11-11292,attr,Aerocom.aircraft[0].dataLink[2],sentPackets:count,source,computeSentPackets,
Exponential-capacity-3245-20210301-21:50:11-11292,scalar,Aerocom.aircraft[0].dataLink[2],actualCapacity:mean,,,9351.8989210676
Exponential-capacity-3245-20210301-21:50:11-11292,attr,Aerocom.aircraft[0].dataLink[2],actualCapacity:mean,,,
Exponential-capacity-3245-20210301-21:50:11-11292,attr,Aerocom.aircraft[0].dataLink[2],actualCapacity:mean,source,computeActualCapacity,
Exponential-capacity-3245-20210301-21:50:11-11292,scalar,Aerocom.aircraft[0].dataLink[3],sentPackets:count,,,1109
Exponential-capacity-3245-20210301-21:50:11-11292,attr,Aerocom.aircraft[0].dataLink[3],sentPackets:count,source,computeSentPackets,
Exponential-capacity-3245-20210301-21:50:11-11292,scalar,Aerocom.aircraft[0].dataLink[3],actualCapacity:mean,,,9426.1432346723
Exponential-capacity-3245-20210301-21:50:11-11292,attr,Aerocom.aircraft[0].dataLink[3],actualCapacity:mean,,,
Exponential-capacity-3245-20210301-21:50:11-11292,attr,Aerocom.aircraft[0].dataLink[3],actualCapacity:mean,source,computeActualCapacity,
Exponential-capacity-3245-20210301-21:50:11-11292,scalar,Aerocom.aircraft[0].dataLink[4],sentPackets:count,,,1487
Exponential-capacity-3245-20210301-21:50:11-11292,attr,Aerocom.aircraft[0].dataLink[4],sentPackets:count,source,computeSentPackets,
Exponential-capacity-3245-20210301-21:50:11-11292,scalar,Aerocom.aircraft[0].dataLink[4],actualCapacity:mean,,,9433.0136503743
Exponential-capacity-3245-20210301-21:50:11-11292,attr,Aerocom.aircraft[0].dataLink[4],actualCapacity:mean,,,
Exponential-capacity-3245-20210301-21:50:11-11292,attr,Aerocom.aircraft[0].dataLink[4],actualCapacity:mean,source,computeActualCapacity,
Exponential-capacity-3245-20210301-21:50:11-11292,scalar,Aerocom.aircraft[0].dataLink[5],sentPackets:count,,,835
Exponential-capacity-3245-20210301-21:50:11-11292,attr,Aerocom.aircraft[0].dataLink[5],sentPackets:count,source,computeSentPackets,
Exponential-capacity-3245-20210301-21:50:11-11292,scalar,Aerocom.aircraft[0].dataLink[5],actualCapacity:mean,,,9322.1779975278
Exponential-capacity-3245-20210301-21:50:11-11292,attr,Aerocom.aircraft[0].dataLink[5],actualCapacity:mean,,,
Exponential-capacity-3245-20210301-21:50:11-11292,attr,Aerocom.aircraft[0].dataLink[5],actualCapacity:mean,source,computeActualCapacity,
Exponential-capacity-3245-20210301-21:50:11-11292,scalar,Aerocom.aircraft[0].dataLink[6],sentPackets:count,,,769
Exponential-capacity-3245-20210301-21:50:11-11292,attr,Aerocom.aircraft[0].dataLink[6],sentPackets:count,source,computeSentPackets,
Exponential-capacity-3245-20210301-21:50:11-11292,scalar,Aerocom.aircraft[0].dataLink[6],actualCapacity:mean,,,9327.2303225806
Exponential-capacity-3245-20210301-21:50:11-11292,attr,Aerocom.aircraft[0].dataLink[6],actualCapacity:mean,,,
Exponential-capacity-3245-20210301-21:50:11-11292,attr,Aerocom.aircraft[0].dataLink[6],actualCapacity:mean,source,computeActualCapacity,
Exponential-capacity-3245-20210301-21:50:11-11292,scalar,Aerocom.aircraft[0].dataLink[7],sentPackets:count,,,1171
Exponential-capacity-3245-20210301-21:50:11-11292,attr,Aerocom.aircraft[0].dataLink[7],sentPackets:count,source,computeSentPackets,
Exponential-capacity-3245-20210301-21:50:11-11292,scalar,Aerocom.aircraft[0].dataLink[7],actualCapacity:mean,,,9412.4034818228
Exponential-capacity-3245-20210301-21:50:11-11292,attr,Aerocom.aircraft[0].dataLink[7],actualCapacity:mean,,,
Exponential-capacity-3245-20210301-21:50:11-11292,attr,Aerocom.aircraft[0].dataLink[7],actualCapacity:mean,source,computeActualCapacity,
Exponential-capacity-3245-20210301-21:50:11-11292,scalar,Aerocom.aircraft[0].dataLink[8],sentPackets:count,,,2305
Exponential-capacity-3245-20210301-21:50:11-11292,attr,Aerocom.aircraft[0].dataLink[8],sentPackets:count,source,computeSentPackets,
Exponential-capacity-3245-20210301-21:50:11-11292,scalar,Aerocom.aircraft[0].dataLink[8],actualCapacity:mean,,,9533.7149350649
Exponential-capacity-3245-20210301-21:50:11-11292,attr,Aerocom.aircraft[0].dataLink[8],actualCapacity:mean,,,
Exponential-capacity-3245-20210301-21:50:11-11292,attr,Aerocom.aircraft[0].dataLink[8],actualCapacity:mean,source,computeActualCapacity,
Exponential-capacity-3245-20210301-21:50:11-11292,scalar,Aerocom.aircraft[0].dataLink[9],sentPackets:count,,,1372
Exponential-capacity-3245-20210301-21:50:11-11292,attr,Aerocom.aircraft[0].dataLink[9],sentPackets:count,source,computeSentPackets,
Exponential-capacity-3245-20210301-21:50:11-11292,scalar,Aerocom.aircraft[0].dataLink[9],actualCapacity:mean,,,9447.0250580046
Exponential-capacity-3245-20210301-21:50:11-11292,attr,Aerocom.aircraft[0].dataLink[9],actualCapacity:mean,,,
Exponential-capacity-3245-20210301-21:50:11-11292,attr,Aerocom.aircraft[0].dataLink[9],actualCapacity:mean,source,computeActualCapacity,
Exponential-capacity-3245-20210301-21:50:11-11292,scalar,Aerocom.aircraft[0].dataLink[10],sentPackets:count,,,1165
Exponential-capacity-3245-20210301-21:50:11-11292,attr,Aerocom.aircraft[0].dataLink[10],sentPackets:count,source,computeSentPackets,
Exponential-capacity-3245-20210301-21:50:11-11292,scalar,Aerocom.aircraft[0].dataLink[10],actualCapacity:mean,,,9408.746399177
Exponential-capacity-3245-20210301-21:50:11-11292,attr,Aerocom.aircraft[0].dataLink[10],actualCapacity:mean,,,
Exponential-capacity-3245-20210301-21:50:11-11292,attr,Aerocom.aircraft[0].dataLink[10],actualCapacity:mean,source,computeActualCapacity,
Exponential-capacity-3245-20210301-21:50:11-11292,scalar,Aerocom.aircraft[0].dataLink[11],sentPackets:count,,,958
Exponential-capacity-3245-20210301-21:50:11-11292,attr,Aerocom.aircraft[0].dataLink[11],sentPackets:count,source,computeSentPackets,
Exponential-capacity-3245-20210301-21:50:11-11292,scalar,Aerocom.aircraft[0].dataLink[11],actualCapacity:mean,,,9415.5341365462
Exponential-capacity-3245-20210301-21:50:11-11292,attr,Aerocom.aircraft[0].dataLink[11],actualCapacity:mean,,,
Exponential-capacity-3245-20210301-21:50:11-11292,attr,Aerocom.aircraft[0].dataLink[11],actualCapacity:mean,source,computeActualCapacity,
Exponential-capacity-3245-20210301-21:50:11-11292,scalar,Aerocom.aircraft[0].dataLink[12],sentPackets:count,,,974
Exponential-capacity-3245-20210301-21:50:11-11292,attr,Aerocom.aircraft[0].dataLink[12],sentPackets:count,source,computeSentPackets,
Exponential-capacity-3245-20210301-21:50:11-11292,scalar,Aerocom.aircraft[0].dataLink[12],actualCapacity:mean,,,9340.1488027366
Exponential-capacity-3245-20210301-21:50:11-11292,attr,Aerocom.aircraft[0].dataLink[12],actualCapacity:mean,,,
Exponential-capacity-3245-20210301-21:50:11-11292,attr,Aerocom.aircraft[0].dataLink[12],actualCapacity:mean,source,computeActualCapacity,
Exponential-capacity-3245-20210301-21:50:11-11292,scalar,Aerocom.aircraft[0].dataLink[13],sentPackets:count,,,1377
Exponential-capacity-3245-20210301-21:50:11-11292,attr,Aerocom.aircraft[0].dataLink[13],sentPackets:count,source,computeSentPackets,
Exponential-capacity-3245-20210301-21:50:11-11292,scalar,Aerocom.aircraft[0].dataLink[13],actualCapacity:mean,,,9464.2129930394
Exponential-capacity-3245-20210301-21:50:11-11292,attr,Aerocom.aircraft[0].dataLink[13],actualCapacity:mean,,,
Exponential-capacity-3245-20210301-21:50:11-11292,attr,Aerocom.aircraft[0].dataLink[13],actualCapacity:mean,source,computeActualCapacity,
Exponential-capacity-3245-20210301-21:50:11-11292,scalar,Aerocom.aircraft[0].dataLink[14],sentPackets:count,,,1429
Exponential-capacity-3245-20210301-21:50:11-11292,attr,Aerocom.aircraft[0].dataLink[14],sentPackets:count,source,computeSentPackets,
Exponential-capacity-3245-20210301-21:50:11-11292,scalar,Aerocom.aircraft[0].dataLink[14],actualCapacity:mean,,,9441.9556561086
Exponential-capacity-3245-20210301-21:50:11-11292,attr,Aerocom.aircraft[0].dataLink[14],actualCapacity:mean,,,
Exponential-capacity-3245-20210301-21:50:11-11292,attr,Aerocom.aircraft[0].dataLink[14],actualCapacity:mean,source,computeActualCapacity,
Exponential-capacity-3245-20210301-21:50:11-11292,scalar,Aerocom.aircraft[0].dataLink[15],sentPackets:count,,,1112
Exponential-capacity-3245-20210301-21:50:11-11292,attr,Aerocom.aircraft[0].dataLink[15],sentPackets:count,source,computeSentPackets,
Exponential-capacity-3245-20210301-21:50:11-11292,scalar,Aerocom.aircraft[0].dataLink[15],actualCapacity:mean,,,9375.6837652036
Exponential-capacity-3245-20210301-21:50:11-11292,attr,Aerocom.aircraft[0].dataLink[15],actualCapacity:mean,,,
Exponential-capacity-3245-20210301-21:50:11-11292,attr,Aerocom.aircraft[0].dataLink[15],actualCapacity:mean,source,computeActualCapacity,
Exponential-capacity-3245-20210301-21:50:11-11292,scalar,Aerocom.controlTower,receivedPackets:count,,,19533
Exponential-capacity-3245-20210301-21:50:11-11292,attr,Aerocom.controlTower,receivedPackets:count,source,computeReceivedPackets,
Exponential-capacity-3246-20210301-21:50:11-11292,scalar,Aerocom.aircraft[0].linkSelector,responseTime:mean,,,0.6154643529596
Exponential-capacity-3246-20210301-21:50:11-11292,attr,Aerocom.aircraft[0].linkSelector,responseTime:mean,,,
Exponential-capacity-3246-20210301-21:50:11-11292,attr,Aerocom.aircraft[0].linkSelector,responseTime:mean,source,computeResponseTime,
Exponential-capacity-3246-20210301-21:50:11-11292,scalar,Aerocom.aircraft[0].linkSelector,meanMalus:sum,,,13510
Exponential-capacity-3246-20210301-21:50:11-11292,attr,Aerocom.aircraft[0].linkSelector,meanMalus:sum,,,
Exponential-capacity-3246-20210301-21:50:11-11292,attr,Aerocom.aircraft[0].linkSelector,meanMalus:sum,source,computeMeanMalus,
Exponential-capacity-3246-20210301-21:50:11-11292,scalar,Aerocom.aircraft[0].linkSelector,waitingTime:mean,,,0.60825538017998
Exponential-capacity-3246-20210301-21:50:11-11292,attr,Aerocom.aircraft[0].linkSelector,waitingTime:mean,,,
Exponential-capacity-3246-20210301-21:50:11-11292,attr,Aerocom.aircraft[0].linkSelector,waitingTime:mean,source,computeWaitingTime,
Exponential-capacity-3246-20210301-21:50:11-11292,scalar,Aerocom.aircraft[0].linkSelector,serviceTime:mean,,,0.007208972779638
Exponential-capacity-3246-20210301-21:50:11-11292,attr,Aerocom.aircraft[0].linkSelector,serviceTime:mean,,,
Exponential-capacity-3246-20210301-21:50:11-11292,attr,Aerocom.aircraft[0].linkSelector,serviceTime:mean,source,computeServiceTime,
Exponential-capacity-3246-20210301-21:50:11-11292,scalar,Aerocom.aircraft[0].linkSelector,queueLength:mean,,,30.243894915429
Exponential-capacity-3246-20210301-21:50:11-11292,attr,Aerocom.aircraft[0].linkSelector,queueLength:mean,,,
Exponential-capacity-3246-20210301-21:50:11-11292,attr,Aerocom.aircraft[0].linkSelector,queueLength:mean,source,computeQueueLength,
Exponential-capacity-3246-20210301-21:50:11-11292,scalar,Aerocom.aircraft[0].dataLink[0],sentPackets:count,,,720
Exponential-capacity-3246-20210301-21:50:11-11292,attr,Aerocom.aircraft[0].dataLink[0],sentPackets:count,source,computeSentPackets,
Exponential-capacity-3246-20210301-21:50:11-11292,scalar,Aerocom.aircraft[0].dataLink[0],actualCapacity:mean,,,9222.2910547397
Exponential-capacity-3246-20210301-21:50:11-11292,attr,Aerocom.aircraft[0].dataLink[0],actualCapacity:mean,,,
Exponential-capacity-3246-20210301-21:50:11-11292,attr,Aerocom.aircraft[0].dataLink[0],actualCapacity:mean,source,computeActualCapacity,
Exponential-capacity-3246-20210301-21:50:11-11292,scalar,Aerocom.aircraft[0].dataLink[1],sentPackets:count,,,1119
Exponential-capacity-3246-20210301-21:50:11-11292,attr,Aerocom.aircraft[0].dataLink[1],sentPackets:count,source,computeSentPackets,
Exponential-capacity-3246-20210301-21:50:11-11292,scalar,Aerocom.aircraft[0].dataLink[1],actualCapacity:mean,,,9450.575328084
Exponential-capacity-3246-20210301-21:50:11-11292,attr,Aerocom.aircraft[0].dataLink[1],actualCapacity:mean,,,
Exponential-capacity-3246-20210301-21:50:11-11292,attr,Aerocom.aircraft[0].dataLink[1],actualCapacity:mean,source,computeActualCapacity,
Exponential-capacity-3246-20210301-21:50:11-11292,scalar,Aerocom.aircraft[0].dataLink[2],sentPackets:count,,,1200
Exponential-capacity-3246-20210301-21:50:11-11292,attr,Aerocom.aircraft[0].dataLink[2],sentPackets:count,source,computeSentPackets,
Exponential-capacity-3246-20210301-21:50:11-11292,scalar,Aerocom.aircraft[0].dataLink[2],actualCapacity:mean,,,9447.5465994962
Exponential-capacity-3246-20210301-21:50:11-11292,attr,Aerocom.aircraft[0].dataLink[2],actualCapacity:mean,,,
Exponential-capacity-3246-20210301-21:50:11-11292,attr,Aerocom.aircraft[0].dataLink[2],actualCapacity:mean,source,computeActualCapacity,
Exponential-capacity-3246-20210301-21:50:11-11292,scalar,Aerocom.aircraft[0].dataLink[3],sentPackets:count,,,912
Exponential-capacity-3246-20210301-21:50:11-11292,attr,Aerocom.aircraft[0].dataLink[3],sentPackets:count,source,computeSentPackets,
Exponential-capacity-3246-20210301-21:50:11-11292,scalar,Aerocom.aircraft[0].dataLink[3],actualCapacity:mean,,,9400.5297935103
Exponential-capacity-3246-20210301-21:50:11-11292,attr,Aerocom.aircraft[0].dataLink[3],actualCapacity:mean,,,
Exponential-capacity-3246-20210301-21:50:11-11292,attr,Aerocom.aircraft[0].dataLink[3],actualCapacity:mean,source,computeActualCapacity,
Exponential-capacity-3246-20210301-21:50:11-11292,scalar,Aerocom.aircraft[0].dataLink[4],sentPackets:count,,,980
Exponential-capacity-3246-20210301-21:50:11-11292,attr,Aerocom.aircraft[0].dataLink[4],sentPackets:count,source,computeSentPackets,
Exponential-capacity-3246-20210301-21:50:11-11292,scalar,Aerocom.aircraft[0].dataLink[4],actualCapacity:mean,,,9397.6103526735
Exponential-capacity-3246-20210301-21:50:11-11292,attr,Aerocom.aircraft[0].dataLink[4],actualCapacity:mean,,,
Exponential-capacity-3246-20210301-21:50:11-11292,attr,Aerocom.aircraft[0].dataLink[4],actualCapacity:mean,source,computeActualCapacity,
Exponential-capacity-3246-20210301-21:50:11-11292,scalar,Aerocom.aircraft[0].dataLink[5],sentPackets:count,,,1211
Exponential-capacity-3246-20210301-21:50:11-11292,attr,Aerocom.aircraft[0].dataLink[5],sentPackets:count,source,computeSentPackets,
Exponential-capacity-3246-20210301-21:50:11-11292,scalar,Aerocom.aircraft[0].dataLink[5],actualCapacity:mean,,,9432.7686529795
Exponential-capacity-3246-20210301-21:50:11-11292,attr,Aerocom.aircraft[0].dataLink[5],actualCapacity:mean,,,
Exponential-capacity-3246-20210301-21:50:11-11292,attr,Aerocom.aircraft[0].dataLink[5],actualCapacity:mean,source,computeActualCapacity,
Exponential-capacity-3246-20210301-21:50:11-11292,scalar,Aerocom.aircraft[0].dataLink[6],sentPackets:count,,,1058
Exponential-capacity-3246-20210301-21:50:11-11292,attr,Aerocom.aircraft[0].dataLink[6],sentPackets:count,source,computeSentPackets,
Exponential-capacity-3246-20210301-21:50:11-11292,scalar,Aerocom.aircraft[0].dataLink[6],actualCapacity:mean,,,9340.0435019032
Exponential-capacity-3246-20210301-21:50:11-11292,attr,Aerocom.aircraft[0].dataLink[6],actualCapacity:mean,,,
Exponential-capacity-3246-20210301-21:50:11-11292,attr,Aerocom.aircraft[0].dataLink[6],actualCapacity:mean,source,computeActualCapacity,
Exponential-capacity-3246-20210301-21:50:11-11292,scalar,Aerocom.aircraft[0].dataLink[7],sentPackets:count,,,1366
Exponential-capacity-3246-20210301-21:50:11-11292,attr,Aerocom.aircraft[0].dataLink[7],sentPackets:count,source,computeSentPackets,
Exponential-capacity-3246-20210301-21:50:11-11292,scalar,Aerocom.aircraft[0].dataLink[7],actualCapacity:mean,,,9471.9599441081
Exponential-capacity-3246-20210301-21:50:11-11292,attr,Aerocom.aircraft[0].dataLink[7],actualCapacity:mean,,,
Exponential-capacity-3246-20210301-21:50:11-11292,attr,Aerocom.aircraft[0].dataLink[7],actualCapacity:mean,source,computeActualCapacity,
Exponential-capacity-3246-20210301-21:50:11-11292,scalar,Aerocom.aircraft[0].dataLink[8],sentPackets:count,,,640
Exponential-capacity-3246-20210301-21:50:11-11292,attr,Aerocom.aircraft[0].dataLink[8],sentPackets:count,source,computeSentPackets,
Exponential-capacity-3246-20210301-21:50:11-11292,scalar,Aerocom.aircraft[0].dataLink[8],actualCapacity:mean,,,9306.3734265734
Exponential-capacity-3246-20210301-21:50:11-11292,attr,Aerocom.aircraft[0].dataLink[8],actualCapacity:mean,,,
Exponential-capacity-3246-20210301-21:50:11-11292,attr,Aerocom.aircraft[0].dataLink[8],actualCapacity:mean,source,computeActualCapacity,
Exponential-capacity-3246-20210301-21:50:11-11292,scalar,Aerocom.aircraft[0].dataLink[9],sentPackets:count,,,1368
Exponential-capacity-3246-20210301-21:50:11-11292,attr,Aerocom.aircraft[0].dataLink[9],sentPackets:count,source,computeSentPackets,
Exponential-capacity-3246-20210301-21:50:11-11292,scalar,Aerocom.aircraft[0].dataLink[9],actualCapacity:mean,,,9468.7509310987
Exponential-capacity-3246-20210301-21:50:11-11292,attr,Aerocom.aircraft[0].dataLink[9],actualCapacity:mean,,,
Exponential-capacity-3246-20210301-21:50:11-11292,attr,Aerocom.aircraft[0].dataLink[9],actualCapacity:mean,source,computeActualCapacity,
Exponential-capacity-3246-20210301-21:50:11-11292,scalar,Aerocom.aircraft[0].dataLink[10],sentPackets:count,,,584
Exponential-capacity-3246-20210301-21:50:11-11292,attr,Aerocom.aircraft[0].dataLink[10],sentPackets:count,source,computeSentPackets,
Exponential-capacity-3246-20210301-21:50:11-11292,scalar,Aerocom.aircraft[0].dataLink[10],actualCapacity:mean,,,9251.392228739
Exponential-capacity-3246-20210301-21:50:11-11292,attr,Aerocom.aircraft[0].dataLink[10],actualCapacity:mean,,,
Exponential-capacity-3246-20210301-21:50:11-11292,attr,Aerocom.aircraft[0].dataLink[10],actualCapacity:mean,source,computeActualCapacity,
Exponential-capacity-3246-20210301-21:50:11-11292,scalar,Aerocom.aircraft[0].dataLink[11],sentPackets:count,,,828
Exponential-capacity-3246-20210301-21:50:11-11292,attr,Aerocom.aircraft[0].dataLink[11],sentPackets:count,source,computeSentPackets,
Exponential-capacity-3246-20210301-21:50:11-11292,scalar,Aerocom.aircraft[0].dataLink[11],actualCapacity:mean,,,9342.6217391304
Exponential-capacity-3246-20210301-21:50:11-11292,attr,Aerocom.aircraft[0].dataLink[11],actualCapacity:mean,,,
Exponential-capacity-3246-20210301-21:50:11-11292,attr,Aerocom.aircraft[0].dataLink[11],actualCapacity:mean,source,computeActualCapacity,
Exponential-capacity-3246-20210301-21:50:11-11292,scalar,Aerocom.aircraft[0].dataLink[12],sentPackets:count,,,1161
Exponential-capacity-3246-20210301-21:50:11-11292,attr,Aerocom.aircraft[0].dataLink[12],sentPackets:count,source,computeSentPackets,
Exponential-capacity-3246-20210301-21:50:11-11292,scalar,Aerocom.aircraft[0].dataLink[12],actualCapacity:mean,,,9413.4590673575
Exponential-capacity-3246-20210301-21:50:11-11292,attr,Aerocom.aircraft[0].dataLink[12],actualCapacity:mean,,,
Exponential-capacity-3246-20210301-21:50:11-11292,attr,Aerocom.aircraft[0].dataLink[12],actualCapacity:mean,source,computeActualCapacity,
Exponential-capacity-3246-20210301-21:50:11-11292,scalar,Aerocom.aircraft[0].dataLink[13],sentPackets:count,,,1897
Exponential-capacity-3246-20210301-21:50:11-11292,attr,Aerocom.aircraft[0].dataLink[13],sentPackets:count,source,computeSentPackets,
Exponential-capacity-3246-20210301-21:50:11-11292,scalar,Aerocom.aircraft[0].dataLink[13],actualCapacity:mean,,,9526.7838745801
Exponential-capacity-3246-20210301-21:50:11-11292,attr,Aerocom.aircraft[0].dataLink[13],actualCapacity:mean,,,
Exponential-capacity-3246-20210301-21:50:11-11292,attr,Aerocom.aircraft[0].dataLink[13],actualCapacity:mean,source,computeActualCapacity,
Exponential-capacity-3246-20210301-21:50:11-11292,scalar,Aerocom.aircraft[0].dataLink[14],sentPackets:count,,,2833
Exponential-capacity-3246-20210301-21:50:11-11292,attr,Aerocom.aircraft[0].dataLink[14],sentPackets:count,source,computeSentPackets,
Exponential-capacity-3246-20210301-21:50:11-11292,scalar,Aerocom.aircraft[0].dataLink[14],actualCapacity:mean,,,9571.8936877076
Exponential-capacity-3246-20210301-21:50:11-11292,attr,Aerocom.aircraft[0].dataLink[14],actualCapacity:mean,,,
Exponential-capacity-3246-20210301-21:50:11-11292,attr,Aerocom.aircraft[0].dataLink[14],actualCapacity:mean,source,computeActualCapacity,
Exponential-capacity-3246-20210301-21:50:11-11292,scalar,Aerocom.aircraft[0].dataLink[15],sentPackets:count,,,1574
Exponential-capacity-3246-20210301-21:50:11-11292,attr,Aerocom.aircraft[0].dataLink[15],sentPackets:count,source,computeSentPackets,
Exponential-capacity-3246-20210301-21:50:11-11292,scalar,Aerocom.aircraft[0].dataLink[15],actualCapacity:mean,,,9506.854893617
Exponential-capacity-3246-20210301-21:50:11-11292,attr,Aerocom.aircraft[0].dataLink[15],actualCapacity:mean,,,
Exponential-capacity-3246-20210301-21:50:11-11292,attr,Aerocom.aircraft[0].dataLink[15],actualCapacity:mean,source,computeActualCapacity,
Exponential-capacity-3246-20210301-21:50:11-11292,scalar,Aerocom.controlTower,receivedPackets:count,,,19451
Exponential-capacity-3246-20210301-21:50:11-11292,attr,Aerocom.controlTower,receivedPackets:count,source,computeReceivedPackets,
Exponential-capacity-3247-20210301-21:50:11-11292,scalar,Aerocom.aircraft[0].linkSelector,responseTime:mean,,,0.55206349081035
Exponential-capacity-3247-20210301-21:50:11-11292,attr,Aerocom.aircraft[0].linkSelector,responseTime:mean,,,
Exponential-capacity-3247-20210301-21:50:11-11292,attr,Aerocom.aircraft[0].linkSelector,responseTime:mean,source,computeResponseTime,
Exponential-capacity-3247-20210301-21:50:11-11292,scalar,Aerocom.aircraft[0].linkSelector,meanMalus:sum,,,13236
Exponential-capacity-3247-20210301-21:50:11-11292,attr,Aerocom.aircraft[0].linkSelector,meanMalus:sum,,,
Exponential-capacity-3247-20210301-21:50:11-11292,attr,Aerocom.aircraft[0].linkSelector,meanMalus:sum,source,computeMeanMalus,
Exponential-capacity-3247-20210301-21:50:11-11292,scalar,Aerocom.aircraft[0].linkSelector,waitingTime:mean,,,0.54485252267775
Exponential-capacity-3247-20210301-21:50:11-11292,attr,Aerocom.aircraft[0].linkSelector,waitingTime:mean,,,
Exponential-capacity-3247-20210301-21:50:11-11292,attr,Aerocom.aircraft[0].linkSelector,waitingTime:mean,source,computeWaitingTime,
Exponential-capacity-3247-20210301-21:50:11-11292,scalar,Aerocom.aircraft[0].linkSelector,serviceTime:mean,,,0.0071830962746478
Exponential-capacity-3247-20210301-21:50:11-11292,attr,Aerocom.aircraft[0].linkSelector,serviceTime:mean,,,
Exponential-capacity-3247-20210301-21:50:11-11292,attr,Aerocom.aircraft[0].linkSelector,serviceTime:mean,source,computeServiceTime,
Exponential-capacity-3247-20210301-21:50:11-11292,scalar,Aerocom.aircraft[0].linkSelector,queueLength:mean,,,26.726500537277
Exponential-capacity-3247-20210301-21:50:11-11292,attr,Aerocom.aircraft[0].linkSelector,queueLength:mean,,,
Exponential-capacity-3247-20210301-21:50:11-11292,attr,Aerocom.aircraft[0].linkSelector,queueLength:mean,source,computeQueueLength,
Exponential-capacity-3247-20210301-21:50:11-11292,scalar,Aerocom.aircraft[0].dataLink[0],sentPackets:count,,,799
Exponential-capacity-3247-20210301-21:50:11-11292,attr,Aerocom.aircraft[0].dataLink[0],sentPackets:count,source,computeSentPackets,
Exponential-capacity-3247-20210301-21:50:11-11292,scalar,Aerocom.aircraft[0].dataLink[0],actualCapacity:mean,,,9299.3984819734
Exponential-capacity-3247-20210301-21:50:11-11292,attr,Aerocom.aircraft[0].dataLink[0],actualCapacity:mean,,,
Exponential-capacity-3247-20210301-21:50:11-11292,attr,Aerocom.aircraft[0].dataLink[0],actualCapacity:mean,source,computeActualCapacity,
Exponential-capacity-3247-20210301-21:50:11-11292,scalar,Aerocom.aircraft[0].dataLink[1],sentPackets:count,,,1262
Exponential-capacity-3247-20210301-21:50:11-11292,attr,Aerocom.aircraft[0].dataLink[1],sentPackets:count,source,computeSentPackets,
Exponential-capacity-3247-20210301-21:50:11-11292,scalar,Aerocom.aircraft[0].dataLink[1],actualCapacity:mean,,,9406.2900390625
Exponential-capacity-3247-20210301-21:50:11-11292,attr,Aerocom.aircraft[0].dataLink[1],actualCapacity:mean,,,
Exponential-capacity-3247-20210301-21:50:11-11292,attr,Aerocom.aircraft[0].dataLink[1],actualCapacity:mean,source,computeActualCapacity,
Exponential-capacity-3247-20210301-21:50:11-11292,scalar,Aerocom.aircraft[0].dataLink[2],sentPackets:count,,,808
Exponential-capacity-3247-20210301-21:50:11-11292,attr,Aerocom.aircraft[0].dataLink[2],sentPackets:count,source,computeSentPackets,
Exponential-capacity-3247-20210301-21:50:11-11292,scalar,Aerocom.aircraft[0].dataLink[2],actualCapacity:mean,,,9409.2470144563
Exponential-capacity-3247-20210301-21:50:11-11292,attr,Aerocom.aircraft[0].dataLink[2],actualCapacity:mean,,,
Exponential-capacity-3247-20210301-21:50:11-11292,attr,Aerocom.aircraft[0].dataLink[2],actualCapacity:mean,source,computeActualCapacity,
Exponential-capacity-3247-20210301-21:50:11-11292,scalar,Aerocom.aircraft[0].dataLink[3],sentPackets:count,,,1287
Exponential-capacity-3247-20210301-21:50:11-11292,attr,Aerocom.aircraft[0].dataLink[3],sentPackets:count,source,computeSentPackets,
Exponential-capacity-3247-20210301-21:50:11-11292,scalar,Aerocom.aircraft[0].dataLink[3],actualCapacity:mean,,,9532.2953995157
Exponential-capacity-3247-20210301-21:50:11-11292,attr,Aerocom.aircraft[0].dataLink[3],actualCapacity:mean,,,
Exponential-capacity-3247-20210301-21:50:11-11292,attr,Aerocom.aircraft[0].dataLink[3],actualCapacity:mean,source,computeActualCapacity,
Exponential-capacity-3247-20210301-21:50:11-11292,scalar,Aerocom.aircraft[0].dataLink[4],sentPackets:count,,,1729
Exponential-capacity-3247-20210301-21:50:11-11292,attr,Aerocom.aircraft[0].dataLink[4],sentPackets:count,source,computeSentPackets,
Exponential-capacity-3247-20210301-21:50:11-11292,scalar,Aerocom.aircraft[0].dataLink[4],actualCapacity:mean,,,9574.0810810811
Exponential-capacity-3247-20210301-21:50:11-11292,attr,Aerocom.aircraft[0].dataLink[4],actualCapacity:mean,,,
Exponential-capacity-3247-20210301-21:50:11-11292,attr,Aerocom.aircraft[0].dataLink[4],actualCapacity:mean,source,computeActualCapacity,
Exponential-capacity-3247-20210301-21:50:11-11292,scalar,Aerocom.aircraft[0].dataLink[5],sentPackets:count,,,1644
Exponential-capacity-3247-20210301-21:50:11-11292,attr,Aerocom.aircraft[0].dataLink[5],sentPackets:count,source,computeSentPackets,
Exponential-capacity-3247-20210301-21:50:11-11292,scalar,Aerocom.aircraft[0].dataLink[5],actualCapacity:mean,,,9527.0111294312
Exponential-capacity-3247-20210301-21:50:11-11292,attr,Aerocom.aircraft[0].dataLink[5],actualCapacity:mean,,,
Exponential-capacity-3247-20210301-21:50:11-11292,attr,Aerocom.aircraft[0].dataLink[5],actualCapacity:mean,source,computeActualCapacity,
Exponential-capacity-3247-20210301-21:50:11-11292,scalar,Aerocom.aircraft[0].dataLink[6],sentPackets:count,,,1388
Exponential-capacity-3247-20210301-21:50:11-11292,attr,Aerocom.aircraft[0].dataLink[6],sentPackets:count,source,computeSentPackets,
Exponential-capacity-3247-20210301-21:50:11-11292,scalar,Aerocom.aircraft[0].dataLink[6],actualCapacity:mean,,,9524.8293357934
Exponential-capacity-3247-20210301-21:50:11-11292,attr,Aerocom.aircraft[0].dataLink[6],actualCapacity:mean,,,
Exponential-capacity-3247-20210301-21:50:11-11292,attr,Aerocom.aircraft[0].dataLink[6],actualCapacity:mean,source,computeActualCapacity,
Exponential-capacity-3247-20210301-21:50:11-11292,scalar,Aerocom.aircraft[0].dataLink[7],sentPackets:count,,,1360
Exponential-capacity-3247-20210301-21:50:11-11292,attr,Aerocom.aircraft[0].dataLink[7],sentPackets:count,source,computeSentPackets,
Exponential-capacity-3247-20210301-21:50:11-11292,scalar,Aerocom.aircraft[0].dataLink[7],actualCapacity:mean,,,9510.3521455224
Exponential-capacity-3247-20210301-21:50:11-11292,attr,Aerocom.aircraft[0].dataLink[7],actualCapacity:mean,,,
Exponential-capacity-3247-20210301-21:50:11-11292,attr,Aerocom.aircraft[0].dataLink[7],actualCapacity:mean,source,computeActualCapacity,
Exponential-capacity-3247-20210301-21:50:11-11292,scalar,Aerocom.aircraft[0].dataLink[8],sentPackets:count,,,1281
Exponential-capacity-3247-20210301-21:50:11-11292,attr,Aerocom.aircraft[0].dataLink[8],sentPackets:count,source,computeSentPackets,
Exponential-capacity-3247-20210301-21:50:11-11292,scalar,Aerocom.aircraft[0].dataLink[8],actualCapacity:mean,,,9459.0740920097
Exponential-capacity-3247-20210301-21:50:11-11292,attr,Aerocom.aircraft[0].dataLink[8],actualCapacity:mean,,,
Exponential-capacity-3247-20210301-21:50:11-11292,attr,Aerocom.aircraft[0].dataLink[8],actualCapacity:mean,source,computeActualCapacity,
Exponential-capacity-3247-20210301-21:50:11-11292,scalar,Aerocom.aircraft[0].dataLink[9],sentPackets:count,,,1554
Exponential-capacity-3247-20210301-21:50:11-11292,attr,Aerocom.aircraft[0].dataLink[9],sentPackets:count,source,computeSentPackets,
Exponential-capacity-3247-20210301-21:50:11-11292,scalar,Aerocom.aircraft[0].dataLink[9],actualCapacity:mean,,,9474.0918060918
Exponential-capacity-3247-20210301-21:50:11-11292,attr,Aerocom.aircraft[0].dataLink[9],actualCapacity:mean,,,
Exponential-capacity-3247-20210301-21:50:11-11292,attr,Aerocom.aircraft[0].dataLink[9],actualCapacity:mean,source,computeActualCapacity,
Exponential-capacity-3247-20210301-21:50:11-11292,scalar,Aerocom.aircraft[0].dataLink[10],sentPackets:count,,,441
Exponential-capacity-3247-20210301-21:50:11-11292,attr,Aerocom.aircraft[0].dataLink[10],sentPackets:count,source,computeSentPackets,
Exponential-capacity-3247-20210301-21:50:11-11292,scalar,Aerocom.aircraft[0].dataLink[10],actualCapacity:mean,,,9246.6814814815
Exponential-capacity-3247-20210301-21:50:11-11292,attr,Aerocom.aircraft[0].dataLink[10],actualCapacity:mean,,,
Exponential-capacity-3247-20210301-21:50:11-11292,attr,Aerocom.aircraft[0].dataLink[10],actualCapacity:mean,source,computeActualCapacity,
Exponential-capacity-3247-20210301-21:50:11-11292,scalar,Aerocom.aircraft[0].dataLink[11],sentPackets:count,,,853
Exponential-capacity-3247-20210301-21:50:11-11292,attr,Aerocom.aircraft[0].dataLink[11],sentPackets:count,source,computeSentPackets,
Exponential-capacity-3247-20210301-21:50:11-11292,scalar,Aerocom.aircraft[0].dataLink[11],actualCapacity:mean,,,9401.4736842105
Exponential-capacity-3247-20210301-21:50:11-11292,attr,Aerocom.aircraft[0].dataLink[11],actualCapacity:mean,,,
Exponential-capacity-3247-20210301-21:50:11-11292,attr,Aerocom.aircraft[0].dataLink[11],actualCapacity:mean,source,computeActualCapacity,
Exponential-capacity-3247-20210301-21:50:11-11292,scalar,Aerocom.aircraft[0].dataLink[12],sentPackets:count,,,902
Exponential-capacity-3247-20210301-21:50:11-11292,attr,Aerocom.aircraft[0].dataLink[12],sentPackets:count,source,computeSentPackets,
Exponential-capacity-3247-20210301-21:50:11-11292,scalar,Aerocom.aircraft[0].dataLink[12],actualCapacity:mean,,,9353.2699167658
Exponential-capacity-3247-20210301-21:50:11-11292,attr,Aerocom.aircraft[0].dataLink[12],actualCapacity:mean,,,
Exponential-capacity-3247-20210301-21:50:11-11292,attr,Aerocom.aircraft[0].dataLink[12],actualCapacity:mean,source,computeActualCapacity,
Exponential-capacity-3247-20210301-21:50:11-11292,scalar,Aerocom.aircraft[0].dataLink[13],sentPackets:count,,,883
Exponential-capacity-3247-20210301-21:50:11-11292,attr,Aerocom.aircraft[0].dataLink[13],sentPackets:count,source,computeSentPackets,
Exponential-capacity-3247-20210301-21:50:11-11292,scalar,Aerocom.aircraft[0].dataLink[13],actualCapacity:mean,,,9331.0577617329
Exponential-capacity-3247-20210301-21:50:11-11292,attr,Aerocom.aircraft[0].dataLink[13],actualCapacity:mean,,,
Exponential-capacity-3247-20210301-21:50:11-11292,attr,Aerocom.aircraft[0].dataLink[13],actualCapacity:mean,source,computeActualCapacity,
Exponential-capacity-3247-20210301-21:50:11-11292,scalar,Aerocom.aircraft[0].dataLink[14],sentPackets:count,,,1588
Exponential-capacity-3247-20210301-21:50:11-11292,attr,Aerocom.aircraft[0].dataLink[14],sentPackets:count,source,computeSentPackets,
Exponential-capacity-3247-20210301-21:50:11-11292,scalar,Aerocom.aircraft[0].dataLink[14],actualCapacity:mean,,,9534.1961115807
Exponential-capacity-3247-20210301-21:50:11-11292,attr,Aerocom.aircraft[0].dataLink[14],actualCapacity:mean,,,
Exponential-capacity-3247-20210301-21:50:11-11292,attr,Aerocom.aircraft[0].dataLink[14],actualCapacity:mean,source,computeActualCapacity,
Exponential-capacity-3247-20210301-21:50:11-11292,scalar,Aerocom.aircraft[0].dataLink[15],sentPackets:count,,,1763
Exponential-capacity-3247-20210301-21:50:11-11292,attr,Aerocom.aircraft[0].dataLink[15],sentPackets:count,source,computeSentPackets,
Exponential-capacity-3247-20210301-21:50:11-11292,scalar,Aerocom.aircraft[0].dataLink[15],actualCapacity:mean,,,9571.1422396857
Exponential-capacity-3247-20210301-21:50:11-11292,attr,Aerocom.aircraft[0].dataLink[15],actualCapacity:mean,,,
Exponential-capacity-3247-20210301-21:50:11-11292,attr,Aerocom.aircraft[0].dataLink[15],actualCapacity:mean,source,computeActualCapacity,
Exponential-capacity-3247-20210301-21:50:11-11292,scalar,Aerocom.controlTower,receivedPackets:count,,,19542
Exponential-capacity-3247-20210301-21:50:11-11292,attr,Aerocom.controlTower,receivedPackets:count,source,computeReceivedPackets,
Exponential-capacity-3248-20210301-21:50:09-11297,scalar,Aerocom.aircraft[0].linkSelector,responseTime:mean,,,0.62061414298376
Exponential-capacity-3248-20210301-21:50:09-11297,attr,Aerocom.aircraft[0].linkSelector,responseTime:mean,,,
Exponential-capacity-3248-20210301-21:50:09-11297,attr,Aerocom.aircraft[0].linkSelector,responseTime:mean,source,computeResponseTime,
Exponential-capacity-3248-20210301-21:50:09-11297,scalar,Aerocom.aircraft[0].linkSelector,meanMalus:sum,,,14440
Exponential-capacity-3248-20210301-21:50:09-11297,attr,Aerocom.aircraft[0].linkSelector,meanMalus:sum,,,
Exponential-capacity-3248-20210301-21:50:09-11297,attr,Aerocom.aircraft[0].linkSelector,meanMalus:sum,source,computeMeanMalus,
Exponential-capacity-3248-20210301-21:50:09-11297,scalar,Aerocom.aircraft[0].linkSelector,waitingTime:mean,,,0.61345016942127
Exponential-capacity-3248-20210301-21:50:09-11297,attr,Aerocom.aircraft[0].linkSelector,waitingTime:mean,,,
Exponential-capacity-3248-20210301-21:50:09-11297,attr,Aerocom.aircraft[0].linkSelector,waitingTime:mean,source,computeWaitingTime,
Exponential-capacity-3248-20210301-21:50:09-11297,scalar,Aerocom.aircraft[0].linkSelector,serviceTime:mean,,,0.0071952791925914
Exponential-capacity-3248-20210301-21:50:09-11297,attr,Aerocom.aircraft[0].linkSelector,serviceTime:mean,,,
Exponential-capacity-3248-20210301-21:50:09-11297,attr,Aerocom.aircraft[0].linkSelector,serviceTime:mean,source,computeServiceTime,
Exponential-capacity-3248-20210301-21:50:09-11297,scalar,Aerocom.aircraft[0].linkSelector,queueLength:mean,,,30.603161568466
Exponential-capacity-3248-20210301-21:50:09-11297,attr,Aerocom.aircraft[0].linkSelector,queueLength:mean,,,
Exponential-capacity-3248-20210301-21:50:09-11297,attr,Aerocom.aircraft[0].linkSelector,queueLength:mean,source,computeQueueLength,
Exponential-capacity-3248-20210301-21:50:09-11297,scalar,Aerocom.aircraft[0].dataLink[0],sentPackets:count,,,1449
Exponential-capacity-3248-20210301-21:50:09-11297,attr,Aerocom.aircraft[0].dataLink[0],sentPackets:count,source,computeSentPackets,
Exponential-capacity-3248-20210301-21:50:09-11297,scalar,Aerocom.aircraft[0].dataLink[0],actualCapacity:mean,,,9454.0022301517
Exponential-capacity-3248-20210301-21:50:09-11297,attr,Aerocom.aircraft[0].dataLink[0],actualCapacity:mean,,,
Exponential-capacity-3248-20210301-21:50:09-11297,attr,Aerocom.aircraft[0].dataLink[0],actualCapacity:mean,source,computeActualCapacity,
Exponential-capacity-3248-20210301-21:50:09-11297,scalar,Aerocom.aircraft[0].dataLink[1],sentPackets:count,,,482
Exponential-capacity-3248-20210301-21:50:09-11297,attr,Aerocom.aircraft[0].dataLink[1],sentPackets:count,source,computeSentPackets,
Exponential-capacity-3248-20210301-21:50:09-11297,scalar,Aerocom.aircraft[0].dataLink[1],actualCapacity:mean,,,9271.9706115965
Exponential-capacity-3248-20210301-21:50:09-11297,attr,Aerocom.aircraft[0].dataLink[1],actualCapacity:mean,,,
Exponential-capacity-3248-20210301-21:50:09-11297,attr,Aerocom.aircraft[0].dataLink[1],actualCapacity:mean,source,computeActualCapacity,
Exponential-capacity-3248-20210301-21:50:09-11297,scalar,Aerocom.aircraft[0].dataLink[2],sentPackets:count,,,1357
Exponential-capacity-3248-20210301-21:50:09-11297,attr,Aerocom.aircraft[0].dataLink[2],sentPackets:count,source,computeSentPackets,
Exponential-capacity-3248-20210301-21:50:09-11297,scalar,Aerocom.aircraft[0].dataLink[2],actualCapacity:mean,,,9479.2700421941
Exponential-capacity-3248-20210301-21:50:09-11297,attr,Aerocom.aircraft[0].dataLink[2],actualCapacity:mean,,,
Exponential-capacity-3248-20210301-21:50:09-11297,attr,Aerocom.aircraft[0].dataLink[2],actualCapacity:mean,source,computeActualCapacity,
Exponential-capacity-3248-20210301-21:50:09-11297,scalar,Aerocom.aircraft[0].dataLink[3],sentPackets:count,,,895
Exponential-capacity-3248-20210301-21:50:09-11297,attr,Aerocom.aircraft[0].dataLink[3],sentPackets:count,source,computeSentPackets,
Exponential-capacity-3248-20210301-21:50:09-11297,scalar,Aerocom.aircraft[0].dataLink[3],actualCapacity:mean,,,9367.4749403341
Exponential-capacity-3248-20210301-21:50:09-11297,attr,Aerocom.aircraft[0].dataLink[3],actualCapacity:mean,,,
Exponential-capacity-3248-20210301-21:50:09-11297,attr,Aerocom.aircraft[0].dataLink[3],actualCapacity:mean,source,computeActualCapacity,
Exponential-capacity-3248-20210301-21:50:09-11297,scalar,Aerocom.aircraft[0].dataLink[4],sentPackets:count,,,636
Exponential-capacity-3248-20210301-21:50:09-11297,attr,Aerocom.aircraft[0].dataLink[4],sentPackets:count,source,computeSentPackets,
Exponential-capacity-3248-20210301-21:50:09-11297,scalar,Aerocom.aircraft[0].dataLink[4],actualCapacity:mean,,,9295.914084507
Exponential-capacity-3248-20210301-21:50:09-11297,attr,Aerocom.aircraft[0].dataLink[4],actualCapacity:mean,,,
Exponential-capacity-3248-20210301-21:50:09-11297,attr,Aerocom.aircraft[0].dataLink[4],actualCapacity:mean,source,computeActualCapacity,
Exponential-capacity-3248-20210301-21:50:09-11297,scalar,Aerocom.aircraft[0].dataLink[5],sentPackets:count,,,969
Exponential-capacity-3248-20210301-21:50:09-11297,attr,Aerocom.aircraft[0].dataLink[5],sentPackets:count,source,computeSentPackets,
Exponential-capacity-3248-20210301-21:50:09-11297,scalar,Aerocom.aircraft[0].dataLink[5],actualCapacity:mean,,,9368.0149168101
Exponential-capacity-3248-20210301-21:50:09-11297,attr,Aerocom.aircraft[0].dataLink[5],actualCapacity:mean,,,
Exponential-capacity-3248-20210301-21:50:09-11297,attr,Aerocom.aircraft[0].dataLink[5],actualCapacity:mean,source,computeActualCapacity,
Exponential-capacity-3248-20210301-21:50:09-11297,scalar,Aerocom.aircraft[0].dataLink[6],sentPackets:count,,,900
Exponential-capacity-3248-20210301-21:50:09-11297,attr,Aerocom.aircraft[0].dataLink[6],sentPackets:count,source,computeSentPackets,
Exponential-capacity-3248-20210301-21:50:09-11297,scalar,Aerocom.aircraft[0].dataLink[6],actualCapacity:mean,,,9335.6177170036
Exponential-capacity-3248-20210301-21:50:09-11297,attr,Aerocom.aircraft[0].dataLink[6],actualCapacity:mean,,,
Exponential-capacity-3248-20210301-21:50:09-11297,attr,Aerocom.aircraft[0].dataLink[6],actualCapacity:mean,source,computeActualCapacity,
Exponential-capacity-3248-20210301-21:50:09-11297,scalar,Aerocom.aircraft[0].dataLink[7],sentPackets:count,,,2147
Exponential-capacity-3248-20210301-21:50:09-11297,attr,Aerocom.aircraft[0].dataLink[7],sentPackets:count,source,computeSentPackets,
Exponential-capacity-3248-20210301-21:50:09-11297,scalar,Aerocom.aircraft[0].dataLink[7],actualCapacity:mean,,,9563.7871540827
Exponential-capacity-3248-20210301-21:50:09-11297,attr,Aerocom.aircraft[0].dataLink[7],actualCapacity:mean,,,
Exponential-capacity-3248-20210301-21:50:09-11297,attr,Aerocom.aircraft[0].dataLink[7],actualCapacity:mean,source,computeActualCapacity,
Exponential-capacity-3248-20210301-21:50:09-11297,scalar,Aerocom.aircraft[0].dataLink[8],sentPackets:count,,,1750
Exponential-capacity-3248-20210301-21:50:09-11297,attr,Aerocom.aircraft[0].dataLink[8],sentPackets:count,source,computeSentPackets,
Exponential-capacity-3248-20210301-21:50:09-11297,scalar,Aerocom.aircraft[0].dataLink[8],actualCapacity:mean,,,9531.8508702532
Exponential-capacity-3248-20210301-21:50:09-11297,attr,Aerocom.aircraft[0].dataLink[8],actualCapacity:mean,,,
Exponential-capacity-3248-20210301-21:50:09-11297,attr,Aerocom.aircraft[0].dataLink[8],actualCapacity:mean,source,computeActualCapacity,
Exponential-capacity-3248-20210301-21:50:09-11297,scalar,Aerocom.aircraft[0].dataLink[9],sentPackets:count,,,1043
Exponential-capacity-3248-20210301-21:50:09-11297,attr,Aerocom.aircraft[0].dataLink[9],sentPackets:count,source,computeSentPackets,
Exponential-capacity-3248-20210301-21:50:09-11297,scalar,Aerocom.aircraft[0].dataLink[9],actualCapacity:mean,,,9395.2132675439
Exponential-capacity-3248-20210301-21:50:09-11297,attr,Aerocom.aircraft[0].dataLink[9],actualCapacity:mean,,,
Exponential-capacity-3248-20210301-21:50:09-11297,attr,Aerocom.aircraft[0].dataLink[9],actualCapacity:mean,source,computeActualCapacity,
Exponential-capacity-3248-20210301-21:50:09-11297,scalar,Aerocom.aircraft[0].dataLink[10],sentPackets:count,,,1873
Exponential-capacity-3248-20210301-21:50:09-11297,attr,Aerocom.aircraft[0].dataLink[10],sentPackets:count,source,computeSentPackets,
Exponential-capacity-3248-20210301-21:50:09-11297,scalar,Aerocom.aircraft[0].dataLink[10],actualCapacity:mean,,,9479.3679849341
Exponential-capacity-3248-20210301-21:50:09-11297,attr,Aerocom.aircraft[0].dataLink[10],actualCapacity:mean,,,
Exponential-capacity-3248-20210301-21:50:09-11297,attr,Aerocom.aircraft[0].dataLink[10],actualCapacity:mean,source,computeActualCapacity,
Exponential-capacity-3248-20210301-21:50:09-11297,scalar,Aerocom.aircraft[0].dataLink[11],sentPackets:count,,,1553
Exponential-capacity-3248-20210301-21:50:09-11297,attr,Aerocom.aircraft[0].dataLink[11],sentPackets:count,source,computeSentPackets,
Exponential-capacity-3248-20210301-21:50:09-11297,scalar,Aerocom.aircraft[0].dataLink[11],actualCapacity:mean,,,9448.8065896448
Exponential-capacity-3248-20210301-21:50:09-11297,attr,Aerocom.aircraft[0].dataLink[11],actualCapacity:mean,,,
Exponential-capacity-3248-20210301-21:50:09-11297,attr,Aerocom.aircraft[0].dataLink[11],actualCapacity:mean,source,computeActualCapacity,
Exponential-capacity-3248-20210301-21:50:09-11297,scalar,Aerocom.aircraft[0].dataLink[12],sentPackets:count,,,692
Exponential-capacity-3248-20210301-21:50:09-11297,attr,Aerocom.aircraft[0].dataLink[12],sentPackets:count,source,computeSentPackets,
Exponential-capacity-3248-20210301-21:50:09-11297,scalar,Aerocom.aircraft[0].dataLink[12],actualCapacity:mean,,,9376.6813858696
Exponential-capacity-3248-20210301-21:50:09-11297,attr,Aerocom.aircraft[0].dataLink[12],actualCapacity:mean,,,
Exponential-capacity-3248-20210301-21:50:09-11297,attr,Aerocom.aircraft[0].dataLink[12],actualCapacity:mean,source,computeActualCapacity,
Exponential-capacity-3248-20210301-21:50:09-11297,scalar,Aerocom.aircraft[0].dataLink[13],sentPackets:count,,,1377
Exponential-capacity-3248-20210301-21:50:09-11297,attr,Aerocom.aircraft[0].dataLink[13],sentPackets:count,source,computeSentPackets,
Exponential-capacity-3248-20210301-21:50:09-11297,scalar,Aerocom.aircraft[0].dataLink[13],actualCapacity:mean,,,9487.6431881372
Exponential-capacity-3248-20210301-21:50:09-11297,attr,Aerocom.aircraft[0].dataLink[13],actualCapacity:mean,,,
Exponential-capacity-3248-20210301-21:50:09-11297,attr,Aerocom.aircraft[0].dataLink[13],actualCapacity:mean,source,computeActualCapacity,
Exponential-capacity-3248-20210301-21:50:09-11297,scalar,Aerocom.aircraft[0].dataLink[14],sentPackets:count,,,863
Exponential-capacity-3248-20210301-21:50:09-11297,attr,Aerocom.aircraft[0].dataLink[14],sentPackets:count,source,computeSentPackets,
Exponential-capacity-3248-20210301-21:50:09-11297,scalar,Aerocom.aircraft[0].dataLink[14],actualCapacity:mean,,,9371.7787934186
Exponential-capacity-3248-20210301-21:50:09-11297,attr,Aerocom.aircraft[0].dataLink[14],actualCapacity:mean,,,
Exponential-capacity-3248-20210301-21:50:09-11297,attr,Aerocom.aircraft[0].dataLink[14],actualCapacity:mean,source,computeActualCapacity,
Exponential-capacity-3248-20210301-21:50:09-11297,scalar,Aerocom.aircraft[0].dataLink[15],sentPackets:count,,,1499
Exponential-capacity-3248-20210301-21:50:09-11297,attr,Aerocom.aircraft[0].dataLink[15],sentPackets:count,source,computeSentPackets,
Exponential-capacity-3248-20210301-21:50:09-11297,scalar,Aerocom.aircraft[0].dataLink[15],actualCapacity:mean,,,9461.1778361805
Exponential-capacity-3248-20210301-21:50:09-11297,attr,Aerocom.aircraft[0].dataLink[15],actualCapacity:mean,,,
Exponential-capacity-3248-20210301-21:50:09-11297,attr,Aerocom.aircraft[0].dataLink[15],actualCapacity:mean,source,computeActualCapacity,
Exponential-capacity-3248-20210301-21:50:09-11297,scalar,Aerocom.controlTower,receivedPackets:count,,,19485
Exponential-capacity-3248-20210301-21:50:09-11297,attr,Aerocom.controlTower,receivedPackets:count,source,computeReceivedPackets,
Exponential-capacity-3249-20210301-21:50:10-11297,scalar,Aerocom.aircraft[0].linkSelector,responseTime:mean,,,0.57754377293169
Exponential-capacity-3249-20210301-21:50:10-11297,attr,Aerocom.aircraft[0].linkSelector,responseTime:mean,,,
Exponential-capacity-3249-20210301-21:50:10-11297,attr,Aerocom.aircraft[0].linkSelector,responseTime:mean,source,computeResponseTime,
Exponential-capacity-3249-20210301-21:50:10-11297,scalar,Aerocom.aircraft[0].linkSelector,meanMalus:sum,,,13318
Exponential-capacity-3249-20210301-21:50:10-11297,attr,Aerocom.aircraft[0].linkSelector,meanMalus:sum,,,
Exponential-capacity-3249-20210301-21:50:10-11297,attr,Aerocom.aircraft[0].linkSelector,meanMalus:sum,source,computeMeanMalus,
Exponential-capacity-3249-20210301-21:50:10-11297,scalar,Aerocom.aircraft[0].linkSelector,waitingTime:mean,,,0.57035786013091
Exponential-capacity-3249-20210301-21:50:10-11297,attr,Aerocom.aircraft[0].linkSelector,waitingTime:mean,,,
Exponential-capacity-3249-20210301-21:50:10-11297,attr,Aerocom.aircraft[0].linkSelector,waitingTime:mean,source,computeWaitingTime,
Exponential-capacity-3249-20210301-21:50:10-11297,scalar,Aerocom.aircraft[0].linkSelector,serviceTime:mean,,,0.0071859128007997
Exponential-capacity-3249-20210301-21:50:10-11297,attr,Aerocom.aircraft[0].linkSelector,serviceTime:mean,,,
Exponential-capacity-3249-20210301-21:50:10-11297,attr,Aerocom.aircraft[0].linkSelector,serviceTime:mean,source,computeServiceTime,
Exponential-capacity-3249-20210301-21:50:10-11297,scalar,Aerocom.aircraft[0].linkSelector,queueLength:mean,,,28.422583316084
Exponential-capacity-3249-20210301-21:50:10-11297,attr,Aerocom.aircraft[0].linkSelector,queueLength:mean,,,
Exponential-capacity-3249-20210301-21:50:10-11297,attr,Aerocom.aircraft[0].linkSelector,queueLength:mean,source,computeQueueLength,
Exponential-capacity-3249-20210301-21:50:10-11297,scalar,Aerocom.aircraft[0].dataLink[0],sentPackets:count,,,699
Exponential-capacity-3249-20210301-21:50:10-11297,attr,Aerocom.aircraft[0].dataLink[0],sentPackets:count,source,computeSentPackets,
Exponential-capacity-3249-20210301-21:50:10-11297,scalar,Aerocom.aircraft[0].dataLink[0],actualCapacity:mean,,,9280.6484480432
Exponential-capacity-3249-20210301-21:50:10-11297,attr,Aerocom.aircraft[0].dataLink[0],actualCapacity:mean,,,
Exponential-capacity-3249-20210301-21:50:10-11297,attr,Aerocom.aircraft[0].dataLink[0],actualCapacity:mean,source,computeActualCapacity,
Exponential-capacity-3249-20210301-21:50:10-11297,scalar,Aerocom.aircraft[0].dataLink[1],sentPackets:count,,,1174
Exponential-capacity-3249-20210301-21:50:10-11297,attr,Aerocom.aircraft[0].dataLink[1],sentPackets:count,source,computeSentPackets,
Exponential-capacity-3249-20210301-21:50:10-11297,scalar,Aerocom.aircraft[0].dataLink[1],actualCapacity:mean,,,9489.5402650357
Exponential-capacity-3249-20210301-21:50:10-11297,attr,Aerocom.aircraft[0].dataLink[1],actualCapacity:mean,,,
Exponential-capacity-3249-20210301-21:50:10-11297,attr,Aerocom.aircraft[0].dataLink[1],actualCapacity:mean,source,computeActualCapacity,
Exponential-capacity-3249-20210301-21:50:10-11297,scalar,Aerocom.aircraft[0].dataLink[2],sentPackets:count,,,791
Exponential-capacity-3249-20210301-21:50:10-11297,attr,Aerocom.aircraft[0].dataLink[2],sentPackets:count,source,computeSentPackets,
Exponential-capacity-3249-20210301-21:50:10-11297,scalar,Aerocom.aircraft[0].dataLink[2],actualCapacity:mean,,,9366.1403174603
Exponential-capacity-3249-20210301-21:50:10-11297,attr,Aerocom.aircraft[0].dataLink[2],actualCapacity:mean,,,
Exponential-capacity-3249-20210301-21:50:10-11297,attr,Aerocom.aircraft[0].dataLink[2],actualCapacity:mean,source,computeActualCapacity,
Exponential-capacity-3249-20210301-21:50:10-11297,scalar,Aerocom.aircraft[0].dataLink[3],sentPackets:count,,,798
Exponential-capacity-3249-20210301-21:50:10-11297,attr,Aerocom.aircraft[0].dataLink[3],sentPackets:count,source,computeSentPackets,
Exponential-capacity-3249-20210301-21:50:10-11297,scalar,Aerocom.aircraft[0].dataLink[3],actualCapacity:mean,,,9342.0614702155
Exponential-capacity-3249-20210301-21:50:10-11297,attr,Aerocom.aircraft[0].dataLink[3],actualCapacity:mean,,,
Exponential-capacity-3249-20210301-21:50:10-11297,attr,Aerocom.aircraft[0].dataLink[3],actualCapacity:mean,source,computeActualCapacity,
Exponential-capacity-3249-20210301-21:50:10-11297,scalar,Aerocom.aircraft[0].dataLink[4],sentPackets:count,,,881
Exponential-capacity-3249-20210301-21:50:10-11297,attr,Aerocom.aircraft[0].dataLink[4],sentPackets:count,source,computeSentPackets,
Exponential-capacity-3249-20210301-21:50:10-11297,scalar,Aerocom.aircraft[0].dataLink[4],actualCapacity:mean,,,9363.6168168168
Exponential-capacity-3249-20210301-21:50:10-11297,attr,Aerocom.aircraft[0].dataLink[4],actualCapacity:mean,,,
Exponential-capacity-3249-20210301-21:50:10-11297,attr,Aerocom.aircraft[0].dataLink[4],actualCapacity:mean,source,computeActualCapacity,
Exponential-capacity-3249-20210301-21:50:10-11297,scalar,Aerocom.aircraft[0].dataLink[5],sentPackets:count,,,1161
Exponential-capacity-3249-20210301-21:50:10-11297,attr,Aerocom.aircraft[0].dataLink[5],sentPackets:count,source,computeSentPackets,
Exponential-capacity-3249-20210301-21:50:10-11297,scalar,Aerocom.aircraft[0].dataLink[5],actualCapacity:mean,,,9436.7550283651
Exponential-capacity-3249-20210301-21:50:10-11297,attr,Aerocom.aircraft[0].dataLink[5],actualCapacity:mean,,,
Exponential-capacity-3249-20210301-21:50:10-11297,attr,Aerocom.aircraft[0].dataLink[5],actualCapacity:mean,source,computeActualCapacity,
Exponential-capacity-3249-20210301-21:50:10-11297,scalar,Aerocom.aircraft[0].dataLink[6],sentPackets:count,,,1949
Exponential-capacity-3249-20210301-21:50:10-11297,attr,Aerocom.aircraft[0].dataLink[6],sentPackets:count,source,computeSentPackets,
Exponential-capacity-3249-20210301-21:50:10-11297,scalar,Aerocom.aircraft[0].dataLink[6],actualCapacity:mean,,,9584.8574040219
Exponential-capacity-3249-20210301-21:50:10-11297,attr,Aerocom.aircraft[0].dataLink[6],actualCapacity:mean,,,
Exponential-capacity-3249-20210301-21:50:10-11297,attr,Aerocom.aircraft[0].dataLink[6],actualCapacity:mean,source,computeActualCapacity,
Exponential-capacity-3249-20210301-21:50:10-11297,scalar,Aerocom.aircraft[0].dataLink[7],sentPackets:count,,,1189
Exponential-capacity-3249-20210301-21:50:10-11297,attr,Aerocom.aircraft[0].dataLink[7],sentPackets:count,source,computeSentPackets,
Exponential-capacity-3249-20210301-21:50:10-11297,scalar,Aerocom.aircraft[0].dataLink[7],actualCapacity:mean,,,9472.2540733198
Exponential-capacity-3249-20210301-21:50:10-11297,attr,Aerocom.aircraft[0].dataLink[7],actualCapacity:mean,,,
Exponential-capacity-3249-20210301-21:50:10-11297,attr,Aerocom.aircraft[0].dataLink[7],actualCapacity:mean,source,computeActualCapacity,
Exponential-capacity-3249-20210301-21:50:10-11297,scalar,Aerocom.aircraft[0].dataLink[8],sentPackets:count,,,1424
Exponential-capacity-3249-20210301-21:50:10-11297,attr,Aerocom.aircraft[0].dataLink[8],sentPackets:count,source,computeSentPackets,
Exponential-capacity-3249-20210301-21:50:10-11297,scalar,Aerocom.aircraft[0].dataLink[8],actualCapacity:mean,,,9542.9995458674
Exponential-capacity-3249-20210301-21:50:10-11297,attr,Aerocom.aircraft[0].dataLink[8],actualCapacity:mean,,,
Exponential-capacity-3249-20210301-21:50:10-11297,attr,Aerocom.aircraft[0].dataLink[8],actualCapacity:mean,source,computeActualCapacity,
Exponential-capacity-3249-20210301-21:50:10-11297,scalar,Aerocom.aircraft[0].dataLink[9],sentPackets:count,,,1266
Exponential-capacity-3249-20210301-21:50:10-11297,attr,Aerocom.aircraft[0].dataLink[9],sentPackets:count,source,computeSentPackets,
Exponential-capacity-3249-20210301-21:50:10-11297,scalar,Aerocom.aircraft[0].dataLink[9],actualCapacity:mean,,,9479.7255859375
Exponential-capacity-3249-20210301-21:50:10-11297,attr,Aerocom.aircraft[0].dataLink[9],actualCapacity:mean,,,
Exponential-capacity-3249-20210301-21:50:10-11297,attr,Aerocom.aircraft[0].dataLink[9],actualCapacity:mean,source,computeActualCapacity,
Exponential-capacity-3249-20210301-21:50:10-11297,scalar,Aerocom.aircraft[0].dataLink[10],sentPackets:count,,,1413
Exponential-capacity-3249-20210301-21:50:10-11297,attr,Aerocom.aircraft[0].dataLink[10],sentPackets:count,source,computeSentPackets,
Exponential-capacity-3249-20210301-21:50:10-11297,scalar,Aerocom.aircraft[0].dataLink[10],actualCapacity:mean,,,9479.6547945205
Exponential-capacity-3249-20210301-21:50:10-11297,attr,Aerocom.aircraft[0].dataLink[10],actualCapacity:mean,,,
Exponential-capacity-3249-20210301-21:50:10-11297,attr,Aerocom.aircraft[0].dataLink[10],actualCapacity:mean,source,computeActualCapacity,
Exponential-capacity-3249-20210301-21:50:10-11297,scalar,Aerocom.aircraft[0].dataLink[11],sentPackets:count,,,948
Exponential-capacity-3249-20210301-21:50:10-11297,attr,Aerocom.aircraft[0].dataLink[11],sentPackets:count,source,computeSentPackets,
Exponential-capacity-3249-20210301-21:50:10-11297,scalar,Aerocom.aircraft[0].dataLink[11],actualCapacity:mean,,,9373.8062463852
Exponential-capacity-3249-20210301-21:50:10-11297,attr,Aerocom.aircraft[0].dataLink[11],actualCapacity:mean,,,
Exponential-capacity-3249-20210301-21:50:10-11297,attr,Aerocom.aircraft[0].dataLink[11],actualCapacity:mean,source,computeActualCapacity,
Exponential-capacity-3249-20210301-21:50:10-11297,scalar,Aerocom.aircraft[0].dataLink[12],sentPackets:count,,,944
Exponential-capacity-3249-20210301-21:50:10-11297,attr,Aerocom.aircraft[0].dataLink[12],sentPackets:count,source,computeSentPackets,
Exponential-capacity-3249-20210301-21:50:10-11297,scalar,Aerocom.aircraft[0].dataLink[12],actualCapacity:mean,,,9345.5228455755
Exponential-capacity-3249-20210301-21:50:10-11297,attr,Aerocom.aircraft[0].dataLink[12],actualCapacity:mean,,,
Exponential-capacity-3249-20210301-21:50:10-11297,attr,Aerocom.aircraft[0].dataLink[12],actualCapacity:mean,source,computeActualCapacity,
Exponential-capacity-3249-20210301-21:50:10-11297,scalar,Aerocom.aircraft[0].dataLink[13],sentPackets:count,,,1011
Exponential-capacity-3249-20210301-21:50:10-11297,attr,Aerocom.aircraft[0].dataLink[13],sentPackets:count,source,computeSentPackets,
Exponential-capacity-3249-20210301-21:50:10-11297,scalar,Aerocom.aircraft[0].dataLink[13],actualCapacity:mean,,,9379.0927374302
Exponential-capacity-3249-20210301-21:50:10-11297,attr,Aerocom.aircraft[0].dataLink[13],actualCapacity:mean,,,
Exponential-capacity-3249-20210301-21:50:10-11297,attr,Aerocom.aircraft[0].dataLink[13],actualCapacity:mean,source,computeActualCapacity,
Exponential-capacity-3249-20210301-21:50:10-11297,scalar,Aerocom.aircraft[0].dataLink[14],sentPackets:count,,,2295
Exponential-capacity-3249-20210301-21:50:10-11297,attr,Aerocom.aircraft[0].dataLink[14],sentPackets:count,source,computeSentPackets,
Exponential-capacity-3249-20210301-21:50:10-11297,scalar,Aerocom.aircraft[0].dataLink[14],actualCapacity:mean,,,9609.4996749025
Exponential-capacity-3249-20210301-21:50:10-11297,attr,Aerocom.aircraft[0].dataLink[14],actualCapacity:mean,,,
Exponential-capacity-3249-20210301-21:50:10-11297,attr,Aerocom.aircraft[0].dataLink[14],actualCapacity:mean,source,computeActualCapacity,
Exponential-capacity-3249-20210301-21:50:10-11297,scalar,Aerocom.aircraft[0].dataLink[15],sentPackets:count,,,1381
Exponential-capacity-3249-20210301-21:50:10-11297,attr,Aerocom.aircraft[0].dataLink[15],sentPackets:count,source,computeSentPackets,
Exponential-capacity-3249-20210301-21:50:10-11297,scalar,Aerocom.aircraft[0].dataLink[15],actualCapacity:mean,,,9518.0783858998
Exponential-capacity-3249-20210301-21:50:10-11297,attr,Aerocom.aircraft[0].dataLink[15],actualCapacity:mean,,,
Exponential-capacity-3249-20210301-21:50:10-11297,attr,Aerocom.aircraft[0].dataLink[15],actualCapacity:mean,source,computeActualCapacity,
Exponential-capacity-3249-20210301-21:50:10-11297,scalar,Aerocom.controlTower,receivedPackets:count,,,19324
Exponential-capacity-3249-20210301-21:50:10-11297,attr,Aerocom.controlTower,receivedPackets:count,source,computeReceivedPackets,
Exponential-capacity-3205-20210301-21:50:09-11267,scalar,Aerocom.aircraft[0].linkSelector,responseTime:mean,,,0.57786393594778
Exponential-capacity-3205-20210301-21:50:09-11267,attr,Aerocom.aircraft[0].linkSelector,responseTime:mean,,,
Exponential-capacity-3205-20210301-21:50:09-11267,attr,Aerocom.aircraft[0].linkSelector,responseTime:mean,source,computeResponseTime,
Exponential-capacity-3205-20210301-21:50:09-11267,scalar,Aerocom.aircraft[0].linkSelector,meanMalus:sum,,,13870
Exponential-capacity-3205-20210301-21:50:09-11267,attr,Aerocom.aircraft[0].linkSelector,meanMalus:sum,,,
Exponential-capacity-3205-20210301-21:50:09-11267,attr,Aerocom.aircraft[0].linkSelector,meanMalus:sum,source,computeMeanMalus,
Exponential-capacity-3205-20210301-21:50:09-11267,scalar,Aerocom.aircraft[0].linkSelector,waitingTime:mean,,,0.57070386967156
Exponential-capacity-3205-20210301-21:50:09-11267,attr,Aerocom.aircraft[0].linkSelector,waitingTime:mean,,,
Exponential-capacity-3205-20210301-21:50:09-11267,attr,Aerocom.aircraft[0].linkSelector,waitingTime:mean,source,computeWaitingTime,
Exponential-capacity-3205-20210301-21:50:09-11267,scalar,Aerocom.aircraft[0].linkSelector,serviceTime:mean,,,0.0071847554755109
Exponential-capacity-3205-20210301-21:50:09-11267,attr,Aerocom.aircraft[0].linkSelector,serviceTime:mean,,,
Exponential-capacity-3205-20210301-21:50:09-11267,attr,Aerocom.aircraft[0].linkSelector,serviceTime:mean,source,computeServiceTime,
Exponential-capacity-3205-20210301-21:50:09-11267,scalar,Aerocom.aircraft[0].linkSelector,queueLength:mean,,,28.990910024651
Exponential-capacity-3205-20210301-21:50:09-11267,attr,Aerocom.aircraft[0].linkSelector,queueLength:mean,,,
Exponential-capacity-3205-20210301-21:50:09-11267,attr,Aerocom.aircraft[0].linkSelector,queueLength:mean,source,computeQueueLength,
Exponential-capacity-3205-20210301-21:50:09-11267,scalar,Aerocom.aircraft[0].dataLink[0],sentPackets:count,,,1050
Exponential-capacity-3205-20210301-21:50:09-11267,attr,Aerocom.aircraft[0].dataLink[0],sentPackets:count,source,computeSentPackets,
Exponential-capacity-3205-20210301-21:50:09-11267,scalar,Aerocom.aircraft[0].dataLink[0],actualCapacity:mean,,,9402.8400435256
Exponential-capacity-3205-20210301-21:50:09-11267,attr,Aerocom.aircraft[0].dataLink[0],actualCapacity:mean,,,
Exponential-capacity-3205-20210301-21:50:09-11267,attr,Aerocom.aircraft[0].dataLink[0],actualCapacity:mean,source,computeActualCapacity,
Exponential-capacity-3205-20210301-21:50:09-11267,scalar,Aerocom.aircraft[0].dataLink[1],sentPackets:count,,,413
Exponential-capacity-3205-20210301-21:50:09-11267,attr,Aerocom.aircraft[0].dataLink[1],sentPackets:count,source,computeSentPackets,
Exponential-capacity-3205-20210301-21:50:09-11267,scalar,Aerocom.aircraft[0].dataLink[1],actualCapacity:mean,,,9195.9233333333
Exponential-capacity-3205-20210301-21:50:09-11267,attr,Aerocom.aircraft[0].dataLink[1],actualCapacity:mean,,,
Exponential-capacity-3205-20210301-21:50:09-11267,attr,Aerocom.aircraft[0].dataLink[1],actualCapacity:mean,source,computeActualCapacity,
Exponential-capacity-3205-20210301-21:50:09-11267,scalar,Aerocom.aircraft[0].dataLink[2],sentPackets:count,,,1578
Exponential-capacity-3205-20210301-21:50:09-11267,attr,Aerocom.aircraft[0].dataLink[2],sentPackets:count,source,computeSentPackets,
Exponential-capacity-3205-20210301-21:50:09-11267,scalar,Aerocom.aircraft[0].dataLink[2],actualCapacity:mean,,,9489.465027554
Exponential-capacity-3205-20210301-21:50:09-11267,attr,Aerocom.aircraft[0].dataLink[2],actualCapacity:mean,,,
Exponential-capacity-3205-20210301-21:50:09-11267,attr,Aerocom.aircraft[0].dataLink[2],actualCapacity:mean,source,computeActualCapacity,
Exponential-capacity-3205-20210301-21:50:09-11267,scalar,Aerocom.aircraft[0].dataLink[3],sentPackets:count,,,2030
Exponential-capacity-3205-20210301-21:50:09-11267,attr,Aerocom.aircraft[0].dataLink[3],sentPackets:count,source,computeSentPackets,
Exponential-capacity-3205-20210301-21:50:09-11267,scalar,Aerocom.aircraft[0].dataLink[3],actualCapacity:mean,,,9585.6892373485
Exponential-capacity-3205-20210301-21:50:09-11267,attr,Aerocom.aircraft[0].dataLink[3],actualCapacity:mean,,,
Exponential-capacity-3205-20210301-21:50:09-11267,attr,Aerocom.aircraft[0].dataLink[3],actualCapacity:mean,source,computeActualCapacity,
Exponential-capacity-3205-20210301-21:50:09-11267,scalar,Aerocom.aircraft[0].dataLink[4],sentPackets:count,,,1070
Exponential-capacity-3205-20210301-21:50:09-11267,attr,Aerocom.aircraft[0].dataLink[4],sentPackets:count,source,computeSentPackets,
Exponential-capacity-3205-20210301-21:50:09-11267,scalar,Aerocom.aircraft[0].dataLink[4],actualCapacity:mean,,,9405.9050701187
Exponential-capacity-3205-20210301-21:50:09-11267,attr,Aerocom.aircraft[0].dataLink[4],actualCapacity:mean,,,
Exponential-capacity-3205-20210301-21:50:09-11267,attr,Aerocom.aircraft[0].dataLink[4],actualCapacity:mean,source,computeActualCapacity,
Exponential-capacity-3205-20210301-21:50:09-11267,scalar,Aerocom.aircraft[0].dataLink[5],sentPackets:count,,,1530
Exponential-capacity-3205-20210301-21:50:09-11267,attr,Aerocom.aircraft[0].dataLink[5],sentPackets:count,source,computeSentPackets,
Exponential-capacity-3205-20210301-21:50:09-11267,scalar,Aerocom.aircraft[0].dataLink[5],actualCapacity:mean,,,9518.2661465106
Exponential-capacity-3205-20210301-21:50:09-11267,attr,Aerocom.aircraft[0].dataLink[5],actualCapacity:mean,,,
Exponential-capacity-3205-20210301-21:50:09-11267,attr,Aerocom.aircraft[0].dataLink[5],actualCapacity:mean,source,computeActualCapacity,
Exponential-capacity-3205-20210301-21:50:09-11267,scalar,Aerocom.aircraft[0].dataLink[6],sentPackets:count,,,1027
Exponential-capacity-3205-20210301-21:50:09-11267,attr,Aerocom.aircraft[0].dataLink[6],sentPackets:count,source,computeSentPackets,
Exponential-capacity-3205-20210301-21:50:09-11267,scalar,Aerocom.aircraft[0].dataLink[6],actualCapacity:mean,,,9410.658550083
Exponential-capacity-3205-20210301-21:50:09-11267,attr,Aerocom.aircraft[0].dataLink[6],actualCapacity:mean,,,
Exponential-capacity-3205-20210301-21:50:09-11267,attr,Aerocom.aircraft[0].dataLink[6],actualCapacity:mean,source,computeActualCapacity,
Exponential-capacity-3205-20210301-21:50:09-11267,scalar,Aerocom.aircraft[0].dataLink[7],sentPackets:count,,,1543
Exponential-capacity-3205-20210301-21:50:09-11267,attr,Aerocom.aircraft[0].dataLink[7],sentPackets:count,source,computeSentPackets,
Exponential-capacity-3205-20210301-21:50:09-11267,scalar,Aerocom.aircraft[0].dataLink[7],actualCapacity:mean,,,9511.5682895304
Exponential-capacity-3205-20210301-21:50:09-11267,attr,Aerocom.aircraft[0].dataLink[7],actualCapacity:mean,,,
Exponential-capacity-3205-20210301-21:50:09-11267,attr,Aerocom.aircraft[0].dataLink[7],actualCapacity:mean,source,computeActualCapacity,
Exponential-capacity-3205-20210301-21:50:09-11267,scalar,Aerocom.aircraft[0].dataLink[8],sentPackets:count,,,1241
Exponential-capacity-3205-20210301-21:50:09-11267,attr,Aerocom.aircraft[0].dataLink[8],sentPackets:count,source,computeSentPackets,
Exponential-capacity-3205-20210301-21:50:09-11267,scalar,Aerocom.aircraft[0].dataLink[8],actualCapacity:mean,,,9472.8488888889
Exponential-capacity-3205-20210301-21:50:09-11267,attr,Aerocom.aircraft[0].dataLink[8],actualCapacity:mean,,,
Exponential-capacity-3205-20210301-21:50:09-11267,attr,Aerocom.aircraft[0].dataLink[8],actualCapacity:mean,source,computeActualCapacity,
Exponential-capacity-3205-20210301-21:50:09-11267,scalar,Aerocom.aircraft[0].dataLink[9],sentPackets:count,,,749
Exponential-capacity-3205-20210301-21:50:09-11267,attr,Aerocom.aircraft[0].dataLink[9],sentPackets:count,source,computeSentPackets,
Exponential-capacity-3205-20210301-21:50:09-11267,scalar,Aerocom.aircraft[0].dataLink[9],actualCapacity:mean,,,9321.0516339869
Exponential-capacity-3205-20210301-21:50:09-11267,attr,Aerocom.aircraft[0].dataLink[9],actualCapacity:mean,,,
Exponential-capacity-3205-20210301-21:50:09-11267,attr,Aerocom.aircraft[0].dataLink[9],actualCapacity:mean,source,computeActualCapacity,
Exponential-capacity-3205-20210301-21:50:09-11267,scalar,Aerocom.aircraft[0].dataLink[10],sentPackets:count,,,1673
Exponential-capacity-3205-20210301-21:50:09-11267,attr,Aerocom.aircraft[0].dataLink[10],sentPackets:count,source,computeSentPackets,
Exponential-capacity-3205-20210301-21:50:09-11267,scalar,Aerocom.aircraft[0].dataLink[10],actualCapacity:mean,,,9540.4276396249
Exponential-capacity-3205-20210301-21:50:09-11267,attr,Aerocom.aircraft[0].dataLink[10],actualCapacity:mean,,,
Exponential-capacity-3205-20210301-21:50:09-11267,attr,Aerocom.aircraft[0].dataLink[10],actualCapacity:mean,source,computeActualCapacity,
Exponential-capacity-3205-20210301-21:50:09-11267,scalar,Aerocom.aircraft[0].dataLink[11],sentPackets:count,,,745
Exponential-capacity-3205-20210301-21:50:09-11267,attr,Aerocom.aircraft[0].dataLink[11],sentPackets:count,source,computeSentPackets,
Exponential-capacity-3205-20210301-21:50:09-11267,scalar,Aerocom.aircraft[0].dataLink[11],actualCapacity:mean,,,9340.1448230668
Exponential-capacity-3205-20210301-21:50:09-11267,attr,Aerocom.aircraft[0].dataLink[11],actualCapacity:mean,,,
Exponential-capacity-3205-20210301-21:50:09-11267,attr,Aerocom.aircraft[0].dataLink[11],actualCapacity:mean,source,computeActualCapacity,
Exponential-capacity-3205-20210301-21:50:09-11267,scalar,Aerocom.aircraft[0].dataLink[12],sentPackets:count,,,1072
Exponential-capacity-3205-20210301-21:50:09-11267,attr,Aerocom.aircraft[0].dataLink[12],sentPackets:count,source,computeSentPackets,
Exponential-capacity-3205-20210301-21:50:09-11267,scalar,Aerocom.aircraft[0].dataLink[12],actualCapacity:mean,,,9449.4721772015
Exponential-capacity-3205-20210301-21:50:09-11267,attr,Aerocom.aircraft[0].dataLink[12],actualCapacity:mean,,,
Exponential-capacity-3205-20210301-21:50:09-11267,attr,Aerocom.aircraft[0].dataLink[12],actualCapacity:mean,source,computeActualCapacity,
Exponential-capacity-3205-20210301-21:50:09-11267,scalar,Aerocom.aircraft[0].dataLink[13],sentPackets:count,,,1690
Exponential-capacity-3205-20210301-21:50:09-11267,attr,Aerocom.aircraft[0].dataLink[13],sentPackets:count,source,computeSentPackets,
Exponential-capacity-3205-20210301-21:50:09-11267,scalar,Aerocom.aircraft[0].dataLink[13],actualCapacity:mean,,,9502.8735818477
Exponential-capacity-3205-20210301-21:50:09-11267,attr,Aerocom.aircraft[0].dataLink[13],actualCapacity:mean,,,
Exponential-capacity-3205-20210301-21:50:09-11267,attr,Aerocom.aircraft[0].dataLink[13],actualCapacity:mean,source,computeActualCapacity,
Exponential-capacity-3205-20210301-21:50:09-11267,scalar,Aerocom.aircraft[0].dataLink[14],sentPackets:count,,,1175
Exponential-capacity-3205-20210301-21:50:09-11267,attr,Aerocom.aircraft[0].dataLink[14],sentPackets:count,source,computeSentPackets,
Exponential-capacity-3205-20210301-21:50:09-11267,scalar,Aerocom.aircraft[0].dataLink[14],actualCapacity:mean,,,9396.0516624041
Exponential-capacity-3205-20210301-21:50:09-11267,attr,Aerocom.aircraft[0].dataLink[14],actualCapacity:mean,,,
Exponential-capacity-3205-20210301-21:50:09-11267,attr,Aerocom.aircraft[0].dataLink[14],actualCapacity:mean,source,computeActualCapacity,
Exponential-capacity-3205-20210301-21:50:09-11267,scalar,Aerocom.aircraft[0].dataLink[15],sentPackets:count,,,886
Exponential-capacity-3205-20210301-21:50:09-11267,attr,Aerocom.aircraft[0].dataLink[15],sentPackets:count,source,computeSentPackets,
Exponential-capacity-3205-20210301-21:50:09-11267,scalar,Aerocom.aircraft[0].dataLink[15],actualCapacity:mean,,,9335.7302158273
Exponential-capacity-3205-20210301-21:50:09-11267,attr,Aerocom.aircraft[0].dataLink[15],actualCapacity:mean,,,
Exponential-capacity-3205-20210301-21:50:09-11267,attr,Aerocom.aircraft[0].dataLink[15],actualCapacity:mean,source,computeActualCapacity,
Exponential-capacity-3205-20210301-21:50:09-11267,scalar,Aerocom.controlTower,receivedPackets:count,,,19472
Exponential-capacity-3205-20210301-21:50:09-11267,attr,Aerocom.controlTower,receivedPackets:count,source,computeReceivedPackets,
Exponential-capacity-3250-20210301-21:50:10-11297,scalar,Aerocom.aircraft[0].linkSelector,responseTime:mean,,,0.57387044249988
Exponential-capacity-3250-20210301-21:50:10-11297,attr,Aerocom.aircraft[0].linkSelector,responseTime:mean,,,
Exponential-capacity-3250-20210301-21:50:10-11297,attr,Aerocom.aircraft[0].linkSelector,responseTime:mean,source,computeResponseTime,
Exponential-capacity-3250-20210301-21:50:10-11297,scalar,Aerocom.aircraft[0].linkSelector,meanMalus:sum,,,14006
Exponential-capacity-3250-20210301-21:50:10-11297,attr,Aerocom.aircraft[0].linkSelector,meanMalus:sum,,,
Exponential-capacity-3250-20210301-21:50:10-11297,attr,Aerocom.aircraft[0].linkSelector,meanMalus:sum,source,computeMeanMalus,
Exponential-capacity-3250-20210301-21:50:10-11297,scalar,Aerocom.aircraft[0].linkSelector,waitingTime:mean,,,0.56667445763174
Exponential-capacity-3250-20210301-21:50:10-11297,attr,Aerocom.aircraft[0].linkSelector,waitingTime:mean,,,
Exponential-capacity-3250-20210301-21:50:10-11297,attr,Aerocom.aircraft[0].linkSelector,waitingTime:mean,source,computeWaitingTime,
Exponential-capacity-3250-20210301-21:50:10-11297,scalar,Aerocom.aircraft[0].linkSelector,serviceTime:mean,,,0.0071959848681744
Exponential-capacity-3250-20210301-21:50:10-11297,attr,Aerocom.aircraft[0].linkSelector,serviceTime:mean,,,
Exponential-capacity-3250-20210301-21:50:10-11297,attr,Aerocom.aircraft[0].linkSelector,serviceTime:mean,source,computeServiceTime,
Exponential-capacity-3250-20210301-21:50:10-11297,scalar,Aerocom.aircraft[0].linkSelector,queueLength:mean,,,28.024498198662
Exponential-capacity-3250-20210301-21:50:10-11297,attr,Aerocom.aircraft[0].linkSelector,queueLength:mean,,,
Exponential-capacity-3250-20210301-21:50:10-11297,attr,Aerocom.aircraft[0].linkSelector,queueLength:mean,source,computeQueueLength,
Exponential-capacity-3250-20210301-21:50:10-11297,scalar,Aerocom.aircraft[0].dataLink[0],sentPackets:count,,,2132
Exponential-capacity-3250-20210301-21:50:10-11297,attr,Aerocom.aircraft[0].dataLink[0],sentPackets:count,source,computeSentPackets,
Exponential-capacity-3250-20210301-21:50:10-11297,scalar,Aerocom.aircraft[0].dataLink[0],actualCapacity:mean,,,9632.505829904
Exponential-capacity-3250-20210301-21:50:10-11297,attr,Aerocom.aircraft[0].dataLink[0],actualCapacity:mean,,,
Exponential-capacity-3250-20210301-21:50:10-11297,attr,Aerocom.aircraft[0].dataLink[0],actualCapacity:mean,source,computeActualCapacity,
Exponential-capacity-3250-20210301-21:50:10-11297,scalar,Aerocom.aircraft[0].dataLink[1],sentPackets:count,,,1032
Exponential-capacity-3250-20210301-21:50:10-11297,attr,Aerocom.aircraft[0].dataLink[1],sentPackets:count,source,computeSentPackets,
Exponential-capacity-3250-20210301-21:50:10-11297,scalar,Aerocom.aircraft[0].dataLink[1],actualCapacity:mean,,,9423.7168044077
Exponential-capacity-3250-20210301-21:50:10-11297,attr,Aerocom.aircraft[0].dataLink[1],actualCapacity:mean,,,
Exponential-capacity-3250-20210301-21:50:10-11297,attr,Aerocom.aircraft[0].dataLink[1],actualCapacity:mean,source,computeActualCapacity,
Exponential-capacity-3250-20210301-21:50:10-11297,scalar,Aerocom.aircraft[0].dataLink[2],sentPackets:count,,,1400
Exponential-capacity-3250-20210301-21:50:10-11297,attr,Aerocom.aircraft[0].dataLink[2],sentPackets:count,source,computeSentPackets,
Exponential-capacity-3250-20210301-21:50:10-11297,scalar,Aerocom.aircraft[0].dataLink[2],actualCapacity:mean,,,9466.5883432767
Exponential-capacity-3250-20210301-21:50:10-11297,attr,Aerocom.aircraft[0].dataLink[2],actualCapacity:mean,,,
Exponential-capacity-3250-20210301-21:50:10-11297,attr,Aerocom.aircraft[0].dataLink[2],actualCapacity:mean,source,computeActualCapacity,
Exponential-capacity-3250-20210301-21:50:10-11297,scalar,Aerocom.aircraft[0].dataLink[3],sentPackets:count,,,558
Exponential-capacity-3250-20210301-21:50:10-11297,attr,Aerocom.aircraft[0].dataLink[3],sentPackets:count,source,computeSentPackets,
Exponential-capacity-3250-20210301-21:50:10-11297,scalar,Aerocom.aircraft[0].dataLink[3],actualCapacity:mean,,,9277.8743455497
Exponential-capacity-3250-20210301-21:50:10-11297,attr,Aerocom.aircraft[0].dataLink[3],actualCapacity:mean,,,
Exponential-capacity-3250-20210301-21:50:10-11297,attr,Aerocom.aircraft[0].dataLink[3],actualCapacity:mean,source,computeActualCapacity,
Exponential-capacity-3250-20210301-21:50:10-11297,scalar,Aerocom.aircraft[0].dataLink[4],sentPackets:count,,,918
Exponential-capacity-3250-20210301-21:50:10-11297,attr,Aerocom.aircraft[0].dataLink[4],sentPackets:count,source,computeSentPackets,
Exponential-capacity-3250-20210301-21:50:10-11297,scalar,Aerocom.aircraft[0].dataLink[4],actualCapacity:mean,,,9383.9141681364
Exponential-capacity-3250-20210301-21:50:10-11297,attr,Aerocom.aircraft[0].dataLink[4],actualCapacity:mean,,,
Exponential-capacity-3250-20210301-21:50:10-11297,attr,Aerocom.aircraft[0].dataLink[4],actualCapacity:mean,source,computeActualCapacity,
Exponential-capacity-3250-20210301-21:50:10-11297,scalar,Aerocom.aircraft[0].dataLink[5],sentPackets:count,,,1387
Exponential-capacity-3250-20210301-21:50:10-11297,attr,Aerocom.aircraft[0].dataLink[5],sentPackets:count,source,computeSentPackets,
Exponential-capacity-3250-20210301-21:50:10-11297,scalar,Aerocom.aircraft[0].dataLink[5],actualCapacity:mean,,,9415.4762563393
Exponential-capacity-3250-20210301-21:50:10-11297,attr,Aerocom.aircraft[0].dataLink[5],actualCapacity:mean,,,
Exponential-capacity-3250-20210301-21:50:10-11297,attr,Aerocom.aircraft[0].dataLink[5],actualCapacity:mean,source,computeActualCapacity,
Exponential-capacity-3250-20210301-21:50:10-11297,scalar,Aerocom.aircraft[0].dataLink[6],sentPackets:count,,,1411
Exponential-capacity-3250-20210301-21:50:10-11297,attr,Aerocom.aircraft[0].dataLink[6],sentPackets:count,source,computeSentPackets,
Exponential-capacity-3250-20210301-21:50:10-11297,scalar,Aerocom.aircraft[0].dataLink[6],actualCapacity:mean,,,9492.4442404773
Exponential-capacity-3250-20210301-21:50:10-11297,attr,Aerocom.aircraft[0].dataLink[6],actualCapacity:mean,,,
Exponential-capacity-3250-20210301-21:50:10-11297,attr,Aerocom.aircraft[0].dataLink[6],actualCapacity:mean,source,computeActualCapacity,
Exponential-capacity-3250-20210301-21:50:10-11297,scalar,Aerocom.aircraft[0].dataLink[7],sentPackets:count,,,1534
Exponential-capacity-3250-20210301-21:50:10-11297,attr,Aerocom.aircraft[0].dataLink[7],sentPackets:count,source,computeSentPackets,
Exponential-capacity-3250-20210301-21:50:10-11297,scalar,Aerocom.aircraft[0].dataLink[7],actualCapacity:mean,,,9518.0635538262
Exponential-capacity-3250-20210301-21:50:10-11297,attr,Aerocom.aircraft[0].dataLink[7],actualCapacity:mean,,,
Exponential-capacity-3250-20210301-21:50:10-11297,attr,Aerocom.aircraft[0].dataLink[7],actualCapacity:mean,source,computeActualCapacity,
Exponential-capacity-3250-20210301-21:50:10-11297,scalar,Aerocom.aircraft[0].dataLink[8],sentPackets:count,,,1246
Exponential-capacity-3250-20210301-21:50:10-11297,attr,Aerocom.aircraft[0].dataLink[8],sentPackets:count,source,computeSentPackets,
Exponential-capacity-3250-20210301-21:50:10-11297,scalar,Aerocom.aircraft[0].dataLink[8],actualCapacity:mean,,,9481.6615688209
Exponential-capacity-3250-20210301-21:50:10-11297,attr,Aerocom.aircraft[0].dataLink[8],actualCapacity:mean,,,
Exponential-capacity-3250-20210301-21:50:10-11297,attr,Aerocom.aircraft[0].dataLink[8],actualCapacity:mean,source,computeActualCapacity,
Exponential-capacity-3250-20210301-21:50:10-11297,scalar,Aerocom.aircraft[0].dataLink[9],sentPackets:count,,,1030
Exponential-capacity-3250-20210301-21:50:10-11297,attr,Aerocom.aircraft[0].dataLink[9],sentPackets:count,source,computeSentPackets,
Exponential-capacity-3250-20210301-21:50:10-11297,scalar,Aerocom.aircraft[0].dataLink[9],actualCapacity:mean,,,9383.4997248211
Exponential-capacity-3250-20210301-21:50:10-11297,attr,Aerocom.aircraft[0].dataLink[9],actualCapacity:mean,,,
Exponential-capacity-3250-20210301-21:50:10-11297,attr,Aerocom.aircraft[0].dataLink[9],actualCapacity:mean,source,computeActualCapacity,
Exponential-capacity-3250-20210301-21:50:10-11297,scalar,Aerocom.aircraft[0].dataLink[10],sentPackets:count,,,1247
Exponential-capacity-3250-20210301-21:50:10-11297,attr,Aerocom.aircraft[0].dataLink[10],sentPackets:count,source,computeSentPackets,
Exponential-capacity-3250-20210301-21:50:10-11297,scalar,Aerocom.aircraft[0].dataLink[10],actualCapacity:mean,,,9446.7812807882
Exponential-capacity-3250-20210301-21:50:10-11297,attr,Aerocom.aircraft[0].dataLink[10],actualCapacity:mean,,,
Exponential-capacity-3250-20210301-21:50:10-11297,attr,Aerocom.aircraft[0].dataLink[10],actualCapacity:mean,source,computeActualCapacity,
Exponential-capacity-3250-20210301-21:50:10-11297,scalar,Aerocom.aircraft[0].dataLink[11],sentPackets:count,,,921
Exponential-capacity-3250-20210301-21:50:10-11297,attr,Aerocom.aircraft[0].dataLink[11],sentPackets:count,source,computeSentPackets,
Exponential-capacity-3250-20210301-21:50:10-11297,scalar,Aerocom.aircraft[0].dataLink[11],actualCapacity:mean,,,9355.7129411765
Exponential-capacity-3250-20210301-21:50:10-11297,attr,Aerocom.aircraft[0].dataLink[11],actualCapacity:mean,,,
Exponential-capacity-3250-20210301-21:50:10-11297,attr,Aerocom.aircraft[0].dataLink[11],actualCapacity:mean,source,computeActualCapacity,
Exponential-capacity-3250-20210301-21:50:10-11297,scalar,Aerocom.aircraft[0].dataLink[12],sentPackets:count,,,1570
Exponential-capacity-3250-20210301-21:50:10-11297,attr,Aerocom.aircraft[0].dataLink[12],sentPackets:count,source,computeSentPackets,
Exponential-capacity-3250-20210301-21:50:10-11297,scalar,Aerocom.aircraft[0].dataLink[12],actualCapacity:mean,,,9519.2793556592
Exponential-capacity-3250-20210301-21:50:10-11297,attr,Aerocom.aircraft[0].dataLink[12],actualCapacity:mean,,,
Exponential-capacity-3250-20210301-21:50:10-11297,attr,Aerocom.aircraft[0].dataLink[12],actualCapacity:mean,source,computeActualCapacity,
Exponential-capacity-3250-20210301-21:50:10-11297,scalar,Aerocom.aircraft[0].dataLink[13],sentPackets:count,,,993
Exponential-capacity-3250-20210301-21:50:10-11297,attr,Aerocom.aircraft[0].dataLink[13],sentPackets:count,source,computeSentPackets,
Exponential-capacity-3250-20210301-21:50:10-11297,scalar,Aerocom.aircraft[0].dataLink[13],actualCapacity:mean,,,9439.013559322
Exponential-capacity-3250-20210301-21:50:10-11297,attr,Aerocom.aircraft[0].dataLink[13],actualCapacity:mean,,,
Exponential-capacity-3250-20210301-21:50:10-11297,attr,Aerocom.aircraft[0].dataLink[13],actualCapacity:mean,source,computeActualCapacity,
Exponential-capacity-3250-20210301-21:50:10-11297,scalar,Aerocom.aircraft[0].dataLink[14],sentPackets:count,,,1451
Exponential-capacity-3250-20210301-21:50:10-11297,attr,Aerocom.aircraft[0].dataLink[14],sentPackets:count,source,computeSentPackets,
Exponential-capacity-3250-20210301-21:50:10-11297,scalar,Aerocom.aircraft[0].dataLink[14],actualCapacity:mean,,,9479.9642378185
Exponential-capacity-3250-20210301-21:50:10-11297,attr,Aerocom.aircraft[0].dataLink[14],actualCapacity:mean,,,
Exponential-capacity-3250-20210301-21:50:10-11297,attr,Aerocom.aircraft[0].dataLink[14],actualCapacity:mean,source,computeActualCapacity,
Exponential-capacity-3250-20210301-21:50:10-11297,scalar,Aerocom.aircraft[0].dataLink[15],sentPackets:count,,,600
Exponential-capacity-3250-20210301-21:50:10-11297,attr,Aerocom.aircraft[0].dataLink[15],sentPackets:count,source,computeSentPackets,
Exponential-capacity-3250-20210301-21:50:10-11297,scalar,Aerocom.aircraft[0].dataLink[15],actualCapacity:mean,,,9309.3478576616
Exponential-capacity-3250-20210301-21:50:10-11297,attr,Aerocom.aircraft[0].dataLink[15],actualCapacity:mean,,,
Exponential-capacity-3250-20210301-21:50:10-11297,attr,Aerocom.aircraft[0].dataLink[15],actualCapacity:mean,source,computeActualCapacity,
Exponential-capacity-3250-20210301-21:50:10-11297,scalar,Aerocom.controlTower,receivedPackets:count,,,19430
Exponential-capacity-3250-20210301-21:50:10-11297,attr,Aerocom.controlTower,receivedPackets:count,source,computeReceivedPackets,
Exponential-capacity-3251-20210301-21:50:10-11297,scalar,Aerocom.aircraft[0].linkSelector,responseTime:mean,,,0.57092642563081
Exponential-capacity-3251-20210301-21:50:10-11297,attr,Aerocom.aircraft[0].linkSelector,responseTime:mean,,,
Exponential-capacity-3251-20210301-21:50:10-11297,attr,Aerocom.aircraft[0].linkSelector,responseTime:mean,source,computeResponseTime,
Exponential-capacity-3251-20210301-21:50:10-11297,scalar,Aerocom.aircraft[0].linkSelector,meanMalus:sum,,,13010
Exponential-capacity-3251-20210301-21:50:10-11297,attr,Aerocom.aircraft[0].linkSelector,meanMalus:sum,,,
Exponential-capacity-3251-20210301-21:50:10-11297,attr,Aerocom.aircraft[0].linkSelector,meanMalus:sum,source,computeMeanMalus,
Exponential-capacity-3251-20210301-21:50:10-11297,scalar,Aerocom.aircraft[0].linkSelector,waitingTime:mean,,,0.56372134249834
Exponential-capacity-3251-20210301-21:50:10-11297,attr,Aerocom.aircraft[0].linkSelector,waitingTime:mean,,,
Exponential-capacity-3251-20210301-21:50:10-11297,attr,Aerocom.aircraft[0].linkSelector,waitingTime:mean,source,computeWaitingTime,
Exponential-capacity-3251-20210301-21:50:10-11297,scalar,Aerocom.aircraft[0].linkSelector,serviceTime:mean,,,0.0071949957899286
Exponential-capacity-3251-20210301-21:50:10-11297,attr,Aerocom.aircraft[0].linkSelector,serviceTime:mean,,,
Exponential-capacity-3251-20210301-21:50:10-11297,attr,Aerocom.aircraft[0].linkSelector,serviceTime:mean,source,computeServiceTime,
Exponential-capacity-3251-20210301-21:50:10-11297,scalar,Aerocom.aircraft[0].linkSelector,queueLength:mean,,,27.854623058727
Exponential-capacity-3251-20210301-21:50:10-11297,attr,Aerocom.aircraft[0].linkSelector,queueLength:mean,,,
Exponential-capacity-3251-20210301-21:50:10-11297,attr,Aerocom.aircraft[0].linkSelector,queueLength:mean,source,computeQueueLength,
Exponential-capacity-3251-20210301-21:50:10-11297,scalar,Aerocom.aircraft[0].dataLink[0],sentPackets:count,,,2083
Exponential-capacity-3251-20210301-21:50:10-11297,attr,Aerocom.aircraft[0].dataLink[0],sentPackets:count,source,computeSentPackets,
Exponential-capacity-3251-20210301-21:50:10-11297,scalar,Aerocom.aircraft[0].dataLink[0],actualCapacity:mean,,,9578.7291156938
Exponential-capacity-3251-20210301-21:50:10-11297,attr,Aerocom.aircraft[0].dataLink[0],actualCapacity:mean,,,
Exponential-capacity-3251-20210301-21:50:10-11297,attr,Aerocom.aircraft[0].dataLink[0],actualCapacity:mean,source,computeActualCapacity,
Exponential-capacity-3251-20210301-21:50:10-11297,scalar,Aerocom.aircraft[0].dataLink[1],sentPackets:count,,,1010
Exponential-capacity-3251-20210301-21:50:10-11297,attr,Aerocom.aircraft[0].dataLink[1],sentPackets:count,source,computeSentPackets,
Exponential-capacity-3251-20210301-21:50:10-11297,scalar,Aerocom.aircraft[0].dataLink[1],actualCapacity:mean,,,9416.0688304421
Exponential-capacity-3251-20210301-21:50:10-11297,attr,Aerocom.aircraft[0].dataLink[1],actualCapacity:mean,,,
Exponential-capacity-3251-20210301-21:50:10-11297,attr,Aerocom.aircraft[0].dataLink[1],actualCapacity:mean,source,computeActualCapacity,
Exponential-capacity-3251-20210301-21:50:10-11297,scalar,Aerocom.aircraft[0].dataLink[2],sentPackets:count,,,643
Exponential-capacity-3251-20210301-21:50:10-11297,attr,Aerocom.aircraft[0].dataLink[2],sentPackets:count,source,computeSentPackets,
Exponential-capacity-3251-20210301-21:50:10-11297,scalar,Aerocom.aircraft[0].dataLink[2],actualCapacity:mean,,,9321.3513703443
Exponential-capacity-3251-20210301-21:50:10-11297,attr,Aerocom.aircraft[0].dataLink[2],actualCapacity:mean,,,
Exponential-capacity-3251-20210301-21:50:10-11297,attr,Aerocom.aircraft[0].dataLink[2],actualCapacity:mean,source,computeActualCapacity,
Exponential-capacity-3251-20210301-21:50:10-11297,scalar,Aerocom.aircraft[0].dataLink[3],sentPackets:count,,,1315
Exponential-capacity-3251-20210301-21:50:10-11297,attr,Aerocom.aircraft[0].dataLink[3],sentPackets:count,source,computeSentPackets,
Exponential-capacity-3251-20210301-21:50:10-11297,scalar,Aerocom.aircraft[0].dataLink[3],actualCapacity:mean,,,9467.3393708294
Exponential-capacity-3251-20210301-21:50:10-11297,attr,Aerocom.aircraft[0].dataLink[3],actualCapacity:mean,,,
Exponential-capacity-3251-20210301-21:50:10-11297,attr,Aerocom.aircraft[0].dataLink[3],actualCapacity:mean,source,computeActualCapacity,
Exponential-capacity-3251-20210301-21:50:10-11297,scalar,Aerocom.aircraft[0].dataLink[4],sentPackets:count,,,1080
Exponential-capacity-3251-20210301-21:50:10-11297,attr,Aerocom.aircraft[0].dataLink[4],sentPackets:count,source,computeSentPackets,
Exponential-capacity-3251-20210301-21:50:10-11297,scalar,Aerocom.aircraft[0].dataLink[4],actualCapacity:mean,,,9423.6716899892
Exponential-capacity-3251-20210301-21:50:10-11297,attr,Aerocom.aircraft[0].dataLink[4],actualCapacity:mean,,,
Exponential-capacity-3251-20210301-21:50:10-11297,attr,Aerocom.aircraft[0].dataLink[4],actualCapacity:mean,source,computeActualCapacity,
Exponential-capacity-3251-20210301-21:50:10-11297,scalar,Aerocom.aircraft[0].dataLink[5],sentPackets:count,,,1057
Exponential-capacity-3251-20210301-21:50:10-11297,attr,Aerocom.aircraft[0].dataLink[5],sentPackets:count,source,computeSentPackets,
Exponential-capacity-3251-20210301-21:50:10-11297,scalar,Aerocom.aircraft[0].dataLink[5],actualCapacity:mean,,,9388.939673913
Exponential-capacity-3251-20210301-21:50:10-11297,attr,Aerocom.aircraft[0].dataLink[5],actualCapacity:mean,,,
Exponential-capacity-3251-20210301-21:50:10-11297,attr,Aerocom.aircraft[0].dataLink[5],actualCapacity:mean,source,computeActualCapacity,
Exponential-capacity-3251-20210301-21:50:10-11297,scalar,Aerocom.aircraft[0].dataLink[6],sentPackets:count,,,1227
Exponential-capacity-3251-20210301-21:50:10-11297,attr,Aerocom.aircraft[0].dataLink[6],sentPackets:count,source,computeSentPackets,
Exponential-capacity-3251-20210301-21:50:10-11297,scalar,Aerocom.aircraft[0].dataLink[6],actualCapacity:mean,,,9406.2080838323
Exponential-capacity-3251-20210301-21:50:10-11297,attr,Aerocom.aircraft[0].dataLink[6],actualCapacity:mean,,,
Exponential-capacity-3251-20210301-21:50:10-11297,attr,Aerocom.aircraft[0].dataLink[6],actualCapacity:mean,source,computeActualCapacity,
Exponential-capacity-3251-20210301-21:50:10-11297,scalar,Aerocom.aircraft[0].dataLink[7],sentPackets:count,,,1009
Exponential-capacity-3251-20210301-21:50:10-11297,attr,Aerocom.aircraft[0].dataLink[7],sentPackets:count,source,computeSentPackets,
Exponential-capacity-3251-20210301-21:50:10-11297,scalar,Aerocom.aircraft[0].dataLink[7],actualCapacity:mean,,,9362.6536530954
Exponential-capacity-3251-20210301-21:50:10-11297,attr,Aerocom.aircraft[0].dataLink[7],actualCapacity:mean,,,
Exponential-capacity-3251-20210301-21:50:10-11297,attr,Aerocom.aircraft[0].dataLink[7],actualCapacity:mean,source,computeActualCapacity,
Exponential-capacity-3251-20210301-21:50:10-11297,scalar,Aerocom.aircraft[0].dataLink[8],sentPackets:count,,,1254
Exponential-capacity-3251-20210301-21:50:10-11297,attr,Aerocom.aircraft[0].dataLink[8],sentPackets:count,source,computeSentPackets,
Exponential-capacity-3251-20210301-21:50:10-11297,scalar,Aerocom.aircraft[0].dataLink[8],actualCapacity:mean,,,9491.0334316618
Exponential-capacity-3251-20210301-21:50:10-11297,attr,Aerocom.aircraft[0].dataLink[8],actualCapacity:mean,,,
Exponential-capacity-3251-20210301-21:50:10-11297,attr,Aerocom.aircraft[0].dataLink[8],actualCapacity:mean,source,computeActualCapacity,
Exponential-capacity-3251-20210301-21:50:10-11297,scalar,Aerocom.aircraft[0].dataLink[9],sentPackets:count,,,896
Exponential-capacity-3251-20210301-21:50:10-11297,attr,Aerocom.aircraft[0].dataLink[9],sentPackets:count,source,computeSentPackets,
Exponential-capacity-3251-20210301-21:50:10-11297,scalar,Aerocom.aircraft[0].dataLink[9],actualCapacity:mean,,,9373.5307830245
Exponential-capacity-3251-20210301-21:50:10-11297,attr,Aerocom.aircraft[0].dataLink[9],actualCapacity:mean,,,
Exponential-capacity-3251-20210301-21:50:10-11297,attr,Aerocom.aircraft[0].dataLink[9],actualCapacity:mean,source,computeActualCapacity,
Exponential-capacity-3251-20210301-21:50:10-11297,scalar,Aerocom.aircraft[0].dataLink[10],sentPackets:count,,,951
Exponential-capacity-3251-20210301-21:50:10-11297,attr,Aerocom.aircraft[0].dataLink[10],sentPackets:count,source,computeSentPackets,
Exponential-capacity-3251-20210301-21:50:10-11297,scalar,Aerocom.aircraft[0].dataLink[10],actualCapacity:mean,,,9325.1001727116
Exponential-capacity-3251-20210301-21:50:10-11297,attr,Aerocom.aircraft[0].dataLink[10],actualCapacity:mean,,,
Exponential-capacity-3251-20210301-21:50:10-11297,attr,Aerocom.aircraft[0].dataLink[10],actualCapacity:mean,source,computeActualCapacity,
Exponential-capacity-3251-20210301-21:50:10-11297,scalar,Aerocom.aircraft[0].dataLink[11],sentPackets:count,,,790
Exponential-capacity-3251-20210301-21:50:10-11297,attr,Aerocom.aircraft[0].dataLink[11],sentPackets:count,source,computeSentPackets,
Exponential-capacity-3251-20210301-21:50:10-11297,scalar,Aerocom.aircraft[0].dataLink[11],actualCapacity:mean,,,9353.6548448385
Exponential-capacity-3251-20210301-21:50:10-11297,attr,Aerocom.aircraft[0].dataLink[11],actualCapacity:mean,,,
Exponential-capacity-3251-20210301-21:50:10-11297,attr,Aerocom.aircraft[0].dataLink[11],actualCapacity:mean,source,computeActualCapacity,
Exponential-capacity-3251-20210301-21:50:10-11297,scalar,Aerocom.aircraft[0].dataLink[12],sentPackets:count,,,2088
Exponential-capacity-3251-20210301-21:50:10-11297,attr,Aerocom.aircraft[0].dataLink[12],sentPackets:count,source,computeSentPackets,
Exponential-capacity-3251-20210301-21:50:10-11297,scalar,Aerocom.aircraft[0].dataLink[12],actualCapacity:mean,,,9583.8289703316
Exponential-capacity-3251-20210301-21:50:10-11297,attr,Aerocom.aircraft[0].dataLink[12],actualCapacity:mean,,,
Exponential-capacity-3251-20210301-21:50:10-11297,attr,Aerocom.aircraft[0].dataLink[12],actualCapacity:mean,source,computeActualCapacity,
Exponential-capacity-3251-20210301-21:50:10-11297,scalar,Aerocom.aircraft[0].dataLink[13],sentPackets:count,,,1371
Exponential-capacity-3251-20210301-21:50:10-11297,attr,Aerocom.aircraft[0].dataLink[13],sentPackets:count,source,computeSentPackets,
Exponential-capacity-3251-20210301-21:50:10-11297,scalar,Aerocom.aircraft[0].dataLink[13],actualCapacity:mean,,,9458.7311977716
Exponential-capacity-3251-20210301-21:50:10-11297,attr,Aerocom.aircraft[0].dataLink[13],actualCapacity:mean,,,
Exponential-capacity-3251-20210301-21:50:10-11297,attr,Aerocom.aircraft[0].dataLink[13],actualCapacity:mean,source,computeActualCapacity,
Exponential-capacity-3251-20210301-21:50:10-11297,scalar,Aerocom.aircraft[0].dataLink[14],sentPackets:count,,,1694
Exponential-capacity-3251-20210301-21:50:10-11297,attr,Aerocom.aircraft[0].dataLink[14],sentPackets:count,source,computeSentPackets,
Exponential-capacity-3251-20210301-21:50:10-11297,scalar,Aerocom.aircraft[0].dataLink[14],actualCapacity:mean,,,9539.8551251009
Exponential-capacity-3251-20210301-21:50:10-11297,attr,Aerocom.aircraft[0].dataLink[14],actualCapacity:mean,,,
Exponential-capacity-3251-20210301-21:50:10-11297,attr,Aerocom.aircraft[0].dataLink[14],actualCapacity:mean,source,computeActualCapacity,
Exponential-capacity-3251-20210301-21:50:10-11297,scalar,Aerocom.aircraft[0].dataLink[15],sentPackets:count,,,977
Exponential-capacity-3251-20210301-21:50:10-11297,attr,Aerocom.aircraft[0].dataLink[15],sentPackets:count,source,computeSentPackets,
Exponential-capacity-3251-20210301-21:50:10-11297,scalar,Aerocom.aircraft[0].dataLink[15],actualCapacity:mean,,,9416.3447098976
Exponential-capacity-3251-20210301-21:50:10-11297,attr,Aerocom.aircraft[0].dataLink[15],actualCapacity:mean,,,
Exponential-capacity-3251-20210301-21:50:10-11297,attr,Aerocom.aircraft[0].dataLink[15],actualCapacity:mean,source,computeActualCapacity,
Exponential-capacity-3251-20210301-21:50:10-11297,scalar,Aerocom.controlTower,receivedPackets:count,,,19445
Exponential-capacity-3251-20210301-21:50:10-11297,attr,Aerocom.controlTower,receivedPackets:count,source,computeReceivedPackets,
Exponential-capacity-3252-20210301-21:50:10-11297,scalar,Aerocom.aircraft[0].linkSelector,responseTime:mean,,,0.57192973149248
Exponential-capacity-3252-20210301-21:50:10-11297,attr,Aerocom.aircraft[0].linkSelector,responseTime:mean,,,
Exponential-capacity-3252-20210301-21:50:10-11297,attr,Aerocom.aircraft[0].linkSelector,responseTime:mean,source,computeResponseTime,
Exponential-capacity-3252-20210301-21:50:10-11297,scalar,Aerocom.aircraft[0].linkSelector,meanMalus:sum,,,13480
Exponential-capacity-3252-20210301-21:50:10-11297,attr,Aerocom.aircraft[0].linkSelector,meanMalus:sum,,,
Exponential-capacity-3252-20210301-21:50:10-11297,attr,Aerocom.aircraft[0].linkSelector,meanMalus:sum,source,computeMeanMalus,
Exponential-capacity-3252-20210301-21:50:10-11297,scalar,Aerocom.aircraft[0].linkSelector,waitingTime:mean,,,0.56469793198542
Exponential-capacity-3252-20210301-21:50:10-11297,attr,Aerocom.aircraft[0].linkSelector,waitingTime:mean,,,
Exponential-capacity-3252-20210301-21:50:10-11297,attr,Aerocom.aircraft[0].linkSelector,waitingTime:mean,source,computeWaitingTime,
Exponential-capacity-3252-20210301-21:50:10-11297,scalar,Aerocom.aircraft[0].linkSelector,serviceTime:mean,,,0.0071910129815098
Exponential-capacity-3252-20210301-21:50:10-11297,attr,Aerocom.aircraft[0].linkSelector,serviceTime:mean,,,
Exponential-capacity-3252-20210301-21:50:10-11297,attr,Aerocom.aircraft[0].linkSelector,serviceTime:mean,source,computeServiceTime,
Exponential-capacity-3252-20210301-21:50:10-11297,scalar,Aerocom.aircraft[0].linkSelector,queueLength:mean,,,28.042630752873
Exponential-capacity-3252-20210301-21:50:10-11297,attr,Aerocom.aircraft[0].linkSelector,queueLength:mean,,,
Exponential-capacity-3252-20210301-21:50:10-11297,attr,Aerocom.aircraft[0].linkSelector,queueLength:mean,source,computeQueueLength,
Exponential-capacity-3252-20210301-21:50:10-11297,scalar,Aerocom.aircraft[0].dataLink[0],sentPackets:count,,,800
Exponential-capacity-3252-20210301-21:50:10-11297,attr,Aerocom.aircraft[0].dataLink[0],sentPackets:count,source,computeSentPackets,
Exponential-capacity-3252-20210301-21:50:10-11297,scalar,Aerocom.aircraft[0].dataLink[0],actualCapacity:mean,,,9362.916296766
Exponential-capacity-3252-20210301-21:50:10-11297,attr,Aerocom.aircraft[0].dataLink[0],actualCapacity:mean,,,
Exponential-capacity-3252-20210301-21:50:10-11297,attr,Aerocom.aircraft[0].dataLink[0],actualCapacity:mean,source,computeActualCapacity,
Exponential-capacity-3252-20210301-21:50:10-11297,scalar,Aerocom.aircraft[0].dataLink[1],sentPackets:count,,,1070
Exponential-capacity-3252-20210301-21:50:10-11297,attr,Aerocom.aircraft[0].dataLink[1],sentPackets:count,source,computeSentPackets,
Exponential-capacity-3252-20210301-21:50:10-11297,scalar,Aerocom.aircraft[0].dataLink[1],actualCapacity:mean,,,9458.3095623987
Exponential-capacity-3252-20210301-21:50:10-11297,attr,Aerocom.aircraft[0].dataLink[1],actualCapacity:mean,,,
Exponential-capacity-3252-20210301-21:50:10-11297,attr,Aerocom.aircraft[0].dataLink[1],actualCapacity:mean,source,computeActualCapacity,
Exponential-capacity-3252-20210301-21:50:10-11297,scalar,Aerocom.aircraft[0].dataLink[2],sentPackets:count,,,876
Exponential-capacity-3252-20210301-21:50:10-11297,attr,Aerocom.aircraft[0].dataLink[2],sentPackets:count,source,computeSentPackets,
Exponential-capacity-3252-20210301-21:50:10-11297,scalar,Aerocom.aircraft[0].dataLink[2],actualCapacity:mean,,,9372.6909638554
Exponential-capacity-3252-20210301-21:50:10-11297,attr,Aerocom.aircraft[0].dataLink[2],actualCapacity:mean,,,
Exponential-capacity-3252-20210301-21:50:10-11297,attr,Aerocom.aircraft[0].dataLink[2],actualCapacity:mean,source,computeActualCapacity,
Exponential-capacity-3252-20210301-21:50:10-11297,scalar,Aerocom.aircraft[0].dataLink[3],sentPackets:count,,,587
Exponential-capacity-3252-20210301-21:50:10-11297,attr,Aerocom.aircraft[0].dataLink[3],sentPackets:count,source,computeSentPackets,
Exponential-capacity-3252-20210301-21:50:10-11297,scalar,Aerocom.aircraft[0].dataLink[3],actualCapacity:mean,,,9311.5007320644
Exponential-capacity-3252-20210301-21:50:10-11297,attr,Aerocom.aircraft[0].dataLink[3],actualCapacity:mean,,,
Exponential-capacity-3252-20210301-21:50:10-11297,attr,Aerocom.aircraft[0].dataLink[3],actualCapacity:mean,source,computeActualCapacity,
Exponential-capacity-3252-20210301-21:50:10-11297,scalar,Aerocom.aircraft[0].dataLink[4],sentPackets:count,,,1989
Exponential-capacity-3252-20210301-21:50:10-11297,attr,Aerocom.aircraft[0].dataLink[4],sentPackets:count,source,computeSentPackets,
Exponential-capacity-3252-20210301-21:50:10-11297,scalar,Aerocom.aircraft[0].dataLink[4],actualCapacity:mean,,,9526.7295347999
Exponential-capacity-3252-20210301-21:50:10-11297,attr,Aerocom.aircraft[0].dataLink[4],actualCapacity:mean,,,
Exponential-capacity-3252-20210301-21:50:10-11297,attr,Aerocom.aircraft[0].dataLink[4],actualCapacity:mean,source,computeActualCapacity,
Exponential-capacity-3252-20210301-21:50:10-11297,scalar,Aerocom.aircraft[0].dataLink[5],sentPackets:count,,,1442
Exponential-capacity-3252-20210301-21:50:10-11297,attr,Aerocom.aircraft[0].dataLink[5],sentPackets:count,source,computeSentPackets,
Exponential-capacity-3252-20210301-21:50:10-11297,scalar,Aerocom.aircraft[0].dataLink[5],actualCapacity:mean,,,9462.8793879388
Exponential-capacity-3252-20210301-21:50:10-11297,attr,Aerocom.aircraft[0].dataLink[5],actualCapacity:mean,,,
Exponential-capacity-3252-20210301-21:50:10-11297,attr,Aerocom.aircraft[0].dataLink[5],actualCapacity:mean,source,computeActualCapacity,
Exponential-capacity-3252-20210301-21:50:10-11297,scalar,Aerocom.aircraft[0].dataLink[6],sentPackets:count,,,1193
Exponential-capacity-3252-20210301-21:50:10-11297,attr,Aerocom.aircraft[0].dataLink[6],sentPackets:count,source,computeSentPackets,
Exponential-capacity-3252-20210301-21:50:10-11297,scalar,Aerocom.aircraft[0].dataLink[6],actualCapacity:mean,,,9433.2463253928
Exponential-capacity-3252-20210301-21:50:10-11297,attr,Aerocom.aircraft[0].dataLink[6],actualCapacity:mean,,,
Exponential-capacity-3252-20210301-21:50:10-11297,attr,Aerocom.aircraft[0].dataLink[6],actualCapacity:mean,source,computeActualCapacity,
Exponential-capacity-3252-20210301-21:50:10-11297,scalar,Aerocom.aircraft[0].dataLink[7],sentPackets:count,,,1551
Exponential-capacity-3252-20210301-21:50:10-11297,attr,Aerocom.aircraft[0].dataLink[7],sentPackets:count,source,computeSentPackets,
Exponential-capacity-3252-20210301-21:50:10-11297,scalar,Aerocom.aircraft[0].dataLink[7],actualCapacity:mean,,,9469.7420736932
Exponential-capacity-3252-20210301-21:50:10-11297,attr,Aerocom.aircraft[0].dataLink[7],actualCapacity:mean,,,
Exponential-capacity-3252-20210301-21:50:10-11297,attr,Aerocom.aircraft[0].dataLink[7],actualCapacity:mean,source,computeActualCapacity,
Exponential-capacity-3252-20210301-21:50:10-11297,scalar,Aerocom.aircraft[0].dataLink[8],sentPackets:count,,,1698
Exponential-capacity-3252-20210301-21:50:10-11297,attr,Aerocom.aircraft[0].dataLink[8],sentPackets:count,source,computeSentPackets,
Exponential-capacity-3252-20210301-21:50:10-11297,scalar,Aerocom.aircraft[0].dataLink[8],actualCapacity:mean,,,9498.0376365844
Exponential-capacity-3252-20210301-21:50:10-11297,attr,Aerocom.aircraft[0].dataLink[8],actualCapacity:mean,,,
Exponential-capacity-3252-20210301-21:50:10-11297,attr,Aerocom.aircraft[0].dataLink[8],actualCapacity:mean,source,computeActualCapacity,
Exponential-capacity-3252-20210301-21:50:10-11297,scalar,Aerocom.aircraft[0].dataLink[9],sentPackets:count,,,500
Exponential-capacity-3252-20210301-21:50:10-11297,attr,Aerocom.aircraft[0].dataLink[9],sentPackets:count,source,computeSentPackets,
Exponential-capacity-3252-20210301-21:50:10-11297,scalar,Aerocom.aircraft[0].dataLink[9],actualCapacity:mean,,,9238.737704918
Exponential-capacity-3252-20210301-21:50:10-11297,attr,Aerocom.aircraft[0].dataLink[9],actualCapacity:mean,,,
Exponential-capacity-3252-20210301-21:50:10-11297,attr,Aerocom.aircraft[0].dataLink[9],actualCapacity:mean,source,computeActualCapacity,
Exponential-capacity-3252-20210301-21:50:10-11297,scalar,Aerocom.aircraft[0].dataLink[10],sentPackets:count,,,1098
Exponential-capacity-3252-20210301-21:50:10-11297,attr,Aerocom.aircraft[0].dataLink[10],sentPackets:count,source,computeSentPackets,
Exponential-capacity-3252-20210301-21:50:10-11297,scalar,Aerocom.aircraft[0].dataLink[10],actualCapacity:mean,,,9473.6507177033
Exponential-capacity-3252-20210301-21:50:10-11297,attr,Aerocom.aircraft[0].dataLink[10],actualCapacity:mean,,,
Exponential-capacity-3252-20210301-21:50:10-11297,attr,Aerocom.aircraft[0].dataLink[10],actualCapacity:mean,source,computeActualCapacity,
Exponential-capacity-3252-20210301-21:50:10-11297,scalar,Aerocom.aircraft[0].dataLink[11],sentPackets:count,,,1699
Exponential-capacity-3252-20210301-21:50:10-11297,attr,Aerocom.aircraft[0].dataLink[11],sentPackets:count,source,computeSentPackets,
Exponential-capacity-3252-20210301-21:50:10-11297,scalar,Aerocom.aircraft[0].dataLink[11],actualCapacity:mean,,,9489.9507468712
Exponential-capacity-3252-20210301-21:50:10-11297,attr,Aerocom.aircraft[0].dataLink[11],actualCapacity:mean,,,
Exponential-capacity-3252-20210301-21:50:10-11297,attr,Aerocom.aircraft[0].dataLink[11],actualCapacity:mean,source,computeActualCapacity,
Exponential-capacity-3252-20210301-21:50:10-11297,scalar,Aerocom.aircraft[0].dataLink[12],sentPackets:count,,,1640
Exponential-capacity-3252-20210301-21:50:10-11297,attr,Aerocom.aircraft[0].dataLink[12],sentPackets:count,source,computeSentPackets,
Exponential-capacity-3252-20210301-21:50:10-11297,scalar,Aerocom.aircraft[0].dataLink[12],actualCapacity:mean,,,9554.5490277203
Exponential-capacity-3252-20210301-21:50:10-11297,attr,Aerocom.aircraft[0].dataLink[12],actualCapacity:mean,,,
Exponential-capacity-3252-20210301-21:50:10-11297,attr,Aerocom.aircraft[0].dataLink[12],actualCapacity:mean,source,computeActualCapacity,
Exponential-capacity-3252-20210301-21:50:10-11297,scalar,Aerocom.aircraft[0].dataLink[13],sentPackets:count,,,1191
Exponential-capacity-3252-20210301-21:50:10-11297,attr,Aerocom.aircraft[0].dataLink[13],sentPackets:count,source,computeSentPackets,
Exponential-capacity-3252-20210301-21:50:10-11297,scalar,Aerocom.aircraft[0].dataLink[13],actualCapacity:mean,,,9457.8410931174
Exponential-capacity-3252-20210301-21:50:10-11297,attr,Aerocom.aircraft[0].dataLink[13],actualCapacity:mean,,,
Exponential-capacity-3252-20210301-21:50:10-11297,attr,Aerocom.aircraft[0].dataLink[13],actualCapacity:mean,source,computeActualCapacity,
Exponential-capacity-3252-20210301-21:50:10-11297,scalar,Aerocom.aircraft[0].dataLink[14],sentPackets:count,,,1100
Exponential-capacity-3252-20210301-21:50:10-11297,attr,Aerocom.aircraft[0].dataLink[14],sentPackets:count,source,computeSentPackets,
Exponential-capacity-3252-20210301-21:50:10-11297,scalar,Aerocom.aircraft[0].dataLink[14],actualCapacity:mean,,,9438.508492569
Exponential-capacity-3252-20210301-21:50:10-11297,attr,Aerocom.aircraft[0].dataLink[14],actualCapacity:mean,,,
Exponential-capacity-3252-20210301-21:50:10-11297,attr,Aerocom.aircraft[0].dataLink[14],actualCapacity:mean,source,computeActualCapacity,
Exponential-capacity-3252-20210301-21:50:10-11297,scalar,Aerocom.aircraft[0].dataLink[15],sentPackets:count,,,1315
Exponential-capacity-3252-20210301-21:50:10-11297,attr,Aerocom.aircraft[0].dataLink[15],sentPackets:count,source,computeSentPackets,
Exponential-capacity-3252-20210301-21:50:10-11297,scalar,Aerocom.aircraft[0].dataLink[15],actualCapacity:mean,,,9487.9933460076
Exponential-capacity-3252-20210301-21:50:10-11297,attr,Aerocom.aircraft[0].dataLink[15],actualCapacity:mean,,,
Exponential-capacity-3252-20210301-21:50:10-11297,attr,Aerocom.aircraft[0].dataLink[15],actualCapacity:mean,source,computeActualCapacity,
Exponential-capacity-3252-20210301-21:50:10-11297,scalar,Aerocom.controlTower,receivedPackets:count,,,19749
Exponential-capacity-3252-20210301-21:50:10-11297,attr,Aerocom.controlTower,receivedPackets:count,source,computeReceivedPackets,
Exponential-capacity-3253-20210301-21:50:11-11297,scalar,Aerocom.aircraft[0].linkSelector,responseTime:mean,,,0.533460439345
Exponential-capacity-3253-20210301-21:50:11-11297,attr,Aerocom.aircraft[0].linkSelector,responseTime:mean,,,
Exponential-capacity-3253-20210301-21:50:11-11297,attr,Aerocom.aircraft[0].linkSelector,responseTime:mean,source,computeResponseTime,
Exponential-capacity-3253-20210301-21:50:11-11297,scalar,Aerocom.aircraft[0].linkSelector,meanMalus:sum,,,12214
Exponential-capacity-3253-20210301-21:50:11-11297,attr,Aerocom.aircraft[0].linkSelector,meanMalus:sum,,,
Exponential-capacity-3253-20210301-21:50:11-11297,attr,Aerocom.aircraft[0].linkSelector,meanMalus:sum,source,computeMeanMalus,
Exponential-capacity-3253-20210301-21:50:11-11297,scalar,Aerocom.aircraft[0].linkSelector,waitingTime:mean,,,0.52624585737192
Exponential-capacity-3253-20210301-21:50:11-11297,attr,Aerocom.aircraft[0].linkSelector,waitingTime:mean,,,
Exponential-capacity-3253-20210301-21:50:11-11297,attr,Aerocom.aircraft[0].linkSelector,waitingTime:mean,source,computeWaitingTime,
Exponential-capacity-3253-20210301-21:50:11-11297,scalar,Aerocom.aircraft[0].linkSelector,serviceTime:mean,,,0.0072091425391738
Exponential-capacity-3253-20210301-21:50:11-11297,attr,Aerocom.aircraft[0].linkSelector,serviceTime:mean,,,
Exponential-capacity-3253-20210301-21:50:11-11297,attr,Aerocom.aircraft[0].linkSelector,serviceTime:mean,source,computeServiceTime,
Exponential-capacity-3253-20210301-21:50:11-11297,scalar,Aerocom.aircraft[0].linkSelector,queueLength:mean,,,26.022500639223
Exponential-capacity-3253-20210301-21:50:11-11297,attr,Aerocom.aircraft[0].linkSelector,queueLength:mean,,,
Exponential-capacity-3253-20210301-21:50:11-11297,attr,Aerocom.aircraft[0].linkSelector,queueLength:mean,source,computeQueueLength,
Exponential-capacity-3253-20210301-21:50:11-11297,scalar,Aerocom.aircraft[0].dataLink[0],sentPackets:count,,,1251
Exponential-capacity-3253-20210301-21:50:11-11297,attr,Aerocom.aircraft[0].dataLink[0],sentPackets:count,source,computeSentPackets,
Exponential-capacity-3253-20210301-21:50:11-11297,scalar,Aerocom.aircraft[0].dataLink[0],actualCapacity:mean,,,9486.3127147766
Exponential-capacity-3253-20210301-21:50:11-11297,attr,Aerocom.aircraft[0].dataLink[0],actualCapacity:mean,,,
Exponential-capacity-3253-20210301-21:50:11-11297,attr,Aerocom.aircraft[0].dataLink[0],actualCapacity:mean,source,computeActualCapacity,
Exponential-capacity-3253-20210301-21:50:11-11297,scalar,Aerocom.aircraft[0].dataLink[1],sentPackets:count,,,1296
Exponential-capacity-3253-20210301-21:50:11-11297,attr,Aerocom.aircraft[0].dataLink[1],sentPackets:count,source,computeSentPackets,
Exponential-capacity-3253-20210301-21:50:11-11297,scalar,Aerocom.aircraft[0].dataLink[1],actualCapacity:mean,,,9414.4111431316
Exponential-capacity-3253-20210301-21:50:11-11297,attr,Aerocom.aircraft[0].dataLink[1],actualCapacity:mean,,,
Exponential-capacity-3253-20210301-21:50:11-11297,attr,Aerocom.aircraft[0].dataLink[1],actualCapacity:mean,source,computeActualCapacity,
Exponential-capacity-3253-20210301-21:50:11-11297,scalar,Aerocom.aircraft[0].dataLink[2],sentPackets:count,,,1590
Exponential-capacity-3253-20210301-21:50:11-11297,attr,Aerocom.aircraft[0].dataLink[2],sentPackets:count,source,computeSentPackets,
Exponential-capacity-3253-20210301-21:50:11-11297,scalar,Aerocom.aircraft[0].dataLink[2],actualCapacity:mean,,,9514.9738065061
Exponential-capacity-3253-20210301-21:50:11-11297,attr,Aerocom.aircraft[0].dataLink[2],actualCapacity:mean,,,
Exponential-capacity-3253-20210301-21:50:11-11297,attr,Aerocom.aircraft[0].dataLink[2],actualCapacity:mean,source,computeActualCapacity,
Exponential-capacity-3253-20210301-21:50:11-11297,scalar,Aerocom.aircraft[0].dataLink[3],sentPackets:count,,,1021
Exponential-capacity-3253-20210301-21:50:11-11297,attr,Aerocom.aircraft[0].dataLink[3],sentPackets:count,source,computeSentPackets,
Exponential-capacity-3253-20210301-21:50:11-11297,scalar,Aerocom.aircraft[0].dataLink[3],actualCapacity:mean,,,9377.6803097345
Exponential-capacity-3253-20210301-21:50:11-11297,attr,Aerocom.aircraft[0].dataLink[3],actualCapacity:mean,,,
Exponential-capacity-3253-20210301-21:50:11-11297,attr,Aerocom.aircraft[0].dataLink[3],actualCapacity:mean,source,computeActualCapacity,
Exponential-capacity-3253-20210301-21:50:11-11297,scalar,Aerocom.aircraft[0].dataLink[4],sentPackets:count,,,1369
Exponential-capacity-3253-20210301-21:50:11-11297,attr,Aerocom.aircraft[0].dataLink[4],sentPackets:count,source,computeSentPackets,
Exponential-capacity-3253-20210301-21:50:11-11297,scalar,Aerocom.aircraft[0].dataLink[4],actualCapacity:mean,,,9477.7328990228
Exponential-capacity-3253-20210301-21:50:11-11297,attr,Aerocom.aircraft[0].dataLink[4],actualCapacity:mean,,,
Exponential-capacity-3253-20210301-21:50:11-11297,attr,Aerocom.aircraft[0].dataLink[4],actualCapacity:mean,source,computeActualCapacity,
Exponential-capacity-3253-20210301-21:50:11-11297,scalar,Aerocom.aircraft[0].dataLink[5],sentPackets:count,,,1243
Exponential-capacity-3253-20210301-21:50:11-11297,attr,Aerocom.aircraft[0].dataLink[5],sentPackets:count,source,computeSentPackets,
Exponential-capacity-3253-20210301-21:50:11-11297,scalar,Aerocom.aircraft[0].dataLink[5],actualCapacity:mean,,,9445.7191848907
Exponential-capacity-3253-20210301-21:50:11-11297,attr,Aerocom.aircraft[0].dataLink[5],actualCapacity:mean,,,
Exponential-capacity-3253-20210301-21:50:11-11297,attr,Aerocom.aircraft[0].dataLink[5],actualCapacity:mean,source,computeActualCapacity,
Exponential-capacity-3253-20210301-21:50:11-11297,scalar,Aerocom.aircraft[0].dataLink[6],sentPackets:count,,,746
Exponential-capacity-3253-20210301-21:50:11-11297,attr,Aerocom.aircraft[0].dataLink[6],sentPackets:count,source,computeSentPackets,
Exponential-capacity-3253-20210301-21:50:11-11297,scalar,Aerocom.aircraft[0].dataLink[6],actualCapacity:mean,,,9390.9536250816
Exponential-capacity-3253-20210301-21:50:11-11297,attr,Aerocom.aircraft[0].dataLink[6],actualCapacity:mean,,,
Exponential-capacity-3253-20210301-21:50:11-11297,attr,Aerocom.aircraft[0].dataLink[6],actualCapacity:mean,source,computeActualCapacity,
Exponential-capacity-3253-20210301-21:50:11-11297,scalar,Aerocom.aircraft[0].dataLink[7],sentPackets:count,,,1268
Exponential-capacity-3253-20210301-21:50:11-11297,attr,Aerocom.aircraft[0].dataLink[7],sentPackets:count,source,computeSentPackets,
Exponential-capacity-3253-20210301-21:50:11-11297,scalar,Aerocom.aircraft[0].dataLink[7],actualCapacity:mean,,,9413.5654936461
Exponential-capacity-3253-20210301-21:50:11-11297,attr,Aerocom.aircraft[0].dataLink[7],actualCapacity:mean,,,
Exponential-capacity-3253-20210301-21:50:11-11297,attr,Aerocom.aircraft[0].dataLink[7],actualCapacity:mean,source,computeActualCapacity,
Exponential-capacity-3253-20210301-21:50:11-11297,scalar,Aerocom.aircraft[0].dataLink[8],sentPackets:count,,,1446
Exponential-capacity-3253-20210301-21:50:11-11297,attr,Aerocom.aircraft[0].dataLink[8],sentPackets:count,source,computeSentPackets,
Exponential-capacity-3253-20210301-21:50:11-11297,scalar,Aerocom.aircraft[0].dataLink[8],actualCapacity:mean,,,9485.1467684022
Exponential-capacity-3253-20210301-21:50:11-11297,attr,Aerocom.aircraft[0].dataLink[8],actualCapacity:mean,,,
Exponential-capacity-3253-20210301-21:50:11-11297,attr,Aerocom.aircraft[0].dataLink[8],actualCapacity:mean,source,computeActualCapacity,
Exponential-capacity-3253-20210301-21:50:11-11297,scalar,Aerocom.aircraft[0].dataLink[9],sentPackets:count,,,1595
Exponential-capacity-3253-20210301-21:50:11-11297,attr,Aerocom.aircraft[0].dataLink[9],sentPackets:count,source,computeSentPackets,
Exponential-capacity-3253-20210301-21:50:11-11297,scalar,Aerocom.aircraft[0].dataLink[9],actualCapacity:mean,,,9532.0075821398
Exponential-capacity-3253-20210301-21:50:11-11297,attr,Aerocom.aircraft[0].dataLink[9],actualCapacity:mean,,,
Exponential-capacity-3253-20210301-21:50:11-11297,attr,Aerocom.aircraft[0].dataLink[9],actualCapacity:mean,source,computeActualCapacity,
Exponential-capacity-3253-20210301-21:50:11-11297,scalar,Aerocom.aircraft[0].dataLink[10],sentPackets:count,,,1229
Exponential-capacity-3253-20210301-21:50:11-11297,attr,Aerocom.aircraft[0].dataLink[10],sentPackets:count,source,computeSentPackets,
Exponential-capacity-3253-20210301-21:50:11-11297,scalar,Aerocom.aircraft[0].dataLink[10],actualCapacity:mean,,,9402.2953187251
Exponential-capacity-3253-20210301-21:50:11-11297,attr,Aerocom.aircraft[0].dataLink[10],actualCapacity:mean,,,
Exponential-capacity-3253-20210301-21:50:11-11297,attr,Aerocom.aircraft[0].dataLink[10],actualCapacity:mean,source,computeActualCapacity,
Exponential-capacity-3253-20210301-21:50:11-11297,scalar,Aerocom.aircraft[0].dataLink[11],sentPackets:count,,,777
Exponential-capacity-3253-20210301-21:50:11-11297,attr,Aerocom.aircraft[0].dataLink[11],sentPackets:count,source,computeSentPackets,
Exponential-capacity-3253-20210301-21:50:11-11297,scalar,Aerocom.aircraft[0].dataLink[11],actualCapacity:mean,,,9312.2998078155
Exponential-capacity-3253-20210301-21:50:11-11297,attr,Aerocom.aircraft[0].dataLink[11],actualCapacity:mean,,,
Exponential-capacity-3253-20210301-21:50:11-11297,attr,Aerocom.aircraft[0].dataLink[11],actualCapacity:mean,source,computeActualCapacity,
Exponential-capacity-3253-20210301-21:50:11-11297,scalar,Aerocom.aircraft[0].dataLink[12],sentPackets:count,,,1806
Exponential-capacity-3253-20210301-21:50:11-11297,attr,Aerocom.aircraft[0].dataLink[12],sentPackets:count,source,computeSentPackets,
Exponential-capacity-3253-20210301-21:50:11-11297,scalar,Aerocom.aircraft[0].dataLink[12],actualCapacity:mean,,,9514.7557959815
Exponential-capacity-3253-20210301-21:50:11-11297,attr,Aerocom.aircraft[0].dataLink[12],actualCapacity:mean,,,
Exponential-capacity-3253-20210301-21:50:11-11297,attr,Aerocom.aircraft[0].dataLink[12],actualCapacity:mean,source,computeActualCapacity,
Exponential-capacity-3253-20210301-21:50:11-11297,scalar,Aerocom.aircraft[0].dataLink[13],sentPackets:count,,,1034
Exponential-capacity-3253-20210301-21:50:11-11297,attr,Aerocom.aircraft[0].dataLink[13],sentPackets:count,source,computeSentPackets,
Exponential-capacity-3253-20210301-21:50:11-11297,scalar,Aerocom.aircraft[0].dataLink[13],actualCapacity:mean,,,9396.6727272727
Exponential-capacity-3253-20210301-21:50:11-11297,attr,Aerocom.aircraft[0].dataLink[13],actualCapacity:mean,,,
Exponential-capacity-3253-20210301-21:50:11-11297,attr,Aerocom.aircraft[0].dataLink[13],actualCapacity:mean,source,computeActualCapacity,
Exponential-capacity-3253-20210301-21:50:11-11297,scalar,Aerocom.aircraft[0].dataLink[14],sentPackets:count,,,1092
Exponential-capacity-3253-20210301-21:50:11-11297,attr,Aerocom.aircraft[0].dataLink[14],sentPackets:count,source,computeSentPackets,
Exponential-capacity-3253-20210301-21:50:11-11297,scalar,Aerocom.aircraft[0].dataLink[14],actualCapacity:mean,,,9447.5333333333
Exponential-capacity-3253-20210301-21:50:11-11297,attr,Aerocom.aircraft[0].dataLink[14],actualCapacity:mean,,,
Exponential-capacity-3253-20210301-21:50:11-11297,attr,Aerocom.aircraft[0].dataLink[14],actualCapacity:mean,source,computeActualCapacity,
Exponential-capacity-3253-20210301-21:50:11-11297,scalar,Aerocom.aircraft[0].dataLink[15],sentPackets:count,,,791
Exponential-capacity-3253-20210301-21:50:11-11297,attr,Aerocom.aircraft[0].dataLink[15],sentPackets:count,source,computeSentPackets,
Exponential-capacity-3253-20210301-21:50:11-11297,scalar,Aerocom.aircraft[0].dataLink[15],actualCapacity:mean,,,9302.3280254777
Exponential-capacity-3253-20210301-21:50:11-11297,attr,Aerocom.aircraft[0].dataLink[15],actualCapacity:mean,,,
Exponential-capacity-3253-20210301-21:50:11-11297,attr,Aerocom.aircraft[0].dataLink[15],actualCapacity:mean,source,computeActualCapacity,
Exponential-capacity-3253-20210301-21:50:11-11297,scalar,Aerocom.controlTower,receivedPackets:count,,,19554
Exponential-capacity-3253-20210301-21:50:11-11297,attr,Aerocom.controlTower,receivedPackets:count,source,computeReceivedPackets,
Exponential-capacity-3254-20210301-21:50:11-11297,scalar,Aerocom.aircraft[0].linkSelector,responseTime:mean,,,0.57131376622779
Exponential-capacity-3254-20210301-21:50:11-11297,attr,Aerocom.aircraft[0].linkSelector,responseTime:mean,,,
Exponential-capacity-3254-20210301-21:50:11-11297,attr,Aerocom.aircraft[0].linkSelector,responseTime:mean,source,computeResponseTime,
Exponential-capacity-3254-20210301-21:50:11-11297,scalar,Aerocom.aircraft[0].linkSelector,meanMalus:sum,,,12306
Exponential-capacity-3254-20210301-21:50:11-11297,attr,Aerocom.aircraft[0].linkSelector,meanMalus:sum,,,
Exponential-capacity-3254-20210301-21:50:11-11297,attr,Aerocom.aircraft[0].linkSelector,meanMalus:sum,source,computeMeanMalus,
Exponential-capacity-3254-20210301-21:50:11-11297,scalar,Aerocom.aircraft[0].linkSelector,waitingTime:mean,,,0.56412419148628
Exponential-capacity-3254-20210301-21:50:11-11297,attr,Aerocom.aircraft[0].linkSelector,waitingTime:mean,,,
Exponential-capacity-3254-20210301-21:50:11-11297,attr,Aerocom.aircraft[0].linkSelector,waitingTime:mean,source,computeWaitingTime,
Exponential-capacity-3254-20210301-21:50:11-11297,scalar,Aerocom.aircraft[0].linkSelector,serviceTime:mean,,,0.0072090718670056
Exponential-capacity-3254-20210301-21:50:11-11297,attr,Aerocom.aircraft[0].linkSelector,serviceTime:mean,,,
Exponential-capacity-3254-20210301-21:50:11-11297,attr,Aerocom.aircraft[0].linkSelector,serviceTime:mean,source,computeServiceTime,
Exponential-capacity-3254-20210301-21:50:11-11297,scalar,Aerocom.aircraft[0].linkSelector,queueLength:mean,,,27.941231006953
Exponential-capacity-3254-20210301-21:50:11-11297,attr,Aerocom.aircraft[0].linkSelector,queueLength:mean,,,
Exponential-capacity-3254-20210301-21:50:11-11297,attr,Aerocom.aircraft[0].linkSelector,queueLength:mean,source,computeQueueLength,
Exponential-capacity-3254-20210301-21:50:11-11297,scalar,Aerocom.aircraft[0].dataLink[0],sentPackets:count,,,1100
Exponential-capacity-3254-20210301-21:50:11-11297,attr,Aerocom.aircraft[0].dataLink[0],sentPackets:count,source,computeSentPackets,
Exponential-capacity-3254-20210301-21:50:11-11297,scalar,Aerocom.aircraft[0].dataLink[0],actualCapacity:mean,,,9408.296
Exponential-capacity-3254-20210301-21:50:11-11297,attr,Aerocom.aircraft[0].dataLink[0],actualCapacity:mean,,,
Exponential-capacity-3254-20210301-21:50:11-11297,attr,Aerocom.aircraft[0].dataLink[0],actualCapacity:mean,source,computeActualCapacity,
Exponential-capacity-3254-20210301-21:50:11-11297,scalar,Aerocom.aircraft[0].dataLink[1],sentPackets:count,,,1526
Exponential-capacity-3254-20210301-21:50:11-11297,attr,Aerocom.aircraft[0].dataLink[1],sentPackets:count,source,computeSentPackets,
Exponential-capacity-3254-20210301-21:50:11-11297,scalar,Aerocom.aircraft[0].dataLink[1],actualCapacity:mean,,,9537.3565556036
Exponential-capacity-3254-20210301-21:50:11-11297,attr,Aerocom.aircraft[0].dataLink[1],actualCapacity:mean,,,
Exponential-capacity-3254-20210301-21:50:11-11297,attr,Aerocom.aircraft[0].dataLink[1],actualCapacity:mean,source,computeActualCapacity,
Exponential-capacity-3254-20210301-21:50:11-11297,scalar,Aerocom.aircraft[0].dataLink[2],sentPackets:count,,,1281
Exponential-capacity-3254-20210301-21:50:11-11297,attr,Aerocom.aircraft[0].dataLink[2],sentPackets:count,source,computeSentPackets,
Exponential-capacity-3254-20210301-21:50:11-11297,scalar,Aerocom.aircraft[0].dataLink[2],actualCapacity:mean,,,9443.6100872939
Exponential-capacity-3254-20210301-21:50:11-11297,attr,Aerocom.aircraft[0].dataLink[2],actualCapacity:mean,,,
Exponential-capacity-3254-20210301-21:50:11-11297,attr,Aerocom.aircraft[0].dataLink[2],actualCapacity:mean,source,computeActualCapacity,
Exponential-capacity-3254-20210301-21:50:11-11297,scalar,Aerocom.aircraft[0].dataLink[3],sentPackets:count,,,1176
Exponential-capacity-3254-20210301-21:50:11-11297,attr,Aerocom.aircraft[0].dataLink[3],sentPackets:count,source,computeSentPackets,
Exponential-capacity-3254-20210301-21:50:11-11297,scalar,Aerocom.aircraft[0].dataLink[3],actualCapacity:mean,,,9407.8992842536
Exponential-capacity-3254-20210301-21:50:11-11297,attr,Aerocom.aircraft[0].dataLink[3],actualCapacity:mean,,,
Exponential-capacity-3254-20210301-21:50:11-11297,attr,Aerocom.aircraft[0].dataLink[3],actualCapacity:mean,source,computeActualCapacity,
Exponential-capacity-3254-20210301-21:50:11-11297,scalar,Aerocom.aircraft[0].dataLink[4],sentPackets:count,,,717
Exponential-capacity-3254-20210301-21:50:11-11297,attr,Aerocom.aircraft[0].dataLink[4],sentPackets:count,source,computeSentPackets,
Exponential-capacity-3254-20210301-21:50:11-11297,scalar,Aerocom.aircraft[0].dataLink[4],actualCapacity:mean,,,9246.1489645959
Exponential-capacity-3254-20210301-21:50:11-11297,attr,Aerocom.aircraft[0].dataLink[4],actualCapacity:mean,,,
Exponential-capacity-3254-20210301-21:50:11-11297,attr,Aerocom.aircraft[0].dataLink[4],actualCapacity:mean,source,computeActualCapacity,
Exponential-capacity-3254-20210301-21:50:11-11297,scalar,Aerocom.aircraft[0].dataLink[5],sentPackets:count,,,1173
Exponential-capacity-3254-20210301-21:50:11-11297,attr,Aerocom.aircraft[0].dataLink[5],sentPackets:count,source,computeSentPackets,
Exponential-capacity-3254-20210301-21:50:11-11297,scalar,Aerocom.aircraft[0].dataLink[5],actualCapacity:mean,,,9435.9082521784
Exponential-capacity-3254-20210301-21:50:11-11297,attr,Aerocom.aircraft[0].dataLink[5],actualCapacity:mean,,,
Exponential-capacity-3254-20210301-21:50:11-11297,attr,Aerocom.aircraft[0].dataLink[5],actualCapacity:mean,source,computeActualCapacity,
Exponential-capacity-3254-20210301-21:50:11-11297,scalar,Aerocom.aircraft[0].dataLink[6],sentPackets:count,,,1950
Exponential-capacity-3254-20210301-21:50:11-11297,attr,Aerocom.aircraft[0].dataLink[6],sentPackets:count,source,computeSentPackets,
Exponential-capacity-3254-20210301-21:50:11-11297,scalar,Aerocom.aircraft[0].dataLink[6],actualCapacity:mean,,,9562.6404822799
Exponential-capacity-3254-20210301-21:50:11-11297,attr,Aerocom.aircraft[0].dataLink[6],actualCapacity:mean,,,
Exponential-capacity-3254-20210301-21:50:11-11297,attr,Aerocom.aircraft[0].dataLink[6],actualCapacity:mean,source,computeActualCapacity,
Exponential-capacity-3254-20210301-21:50:11-11297,scalar,Aerocom.aircraft[0].dataLink[7],sentPackets:count,,,919
Exponential-capacity-3254-20210301-21:50:11-11297,attr,Aerocom.aircraft[0].dataLink[7],sentPackets:count,source,computeSentPackets,
Exponential-capacity-3254-20210301-21:50:11-11297,scalar,Aerocom.aircraft[0].dataLink[7],actualCapacity:mean,,,9331.2222222222
Exponential-capacity-3254-20210301-21:50:11-11297,attr,Aerocom.aircraft[0].dataLink[7],actualCapacity:mean,,,
Exponential-capacity-3254-20210301-21:50:11-11297,attr,Aerocom.aircraft[0].dataLink[7],actualCapacity:mean,source,computeActualCapacity,
Exponential-capacity-3254-20210301-21:50:11-11297,scalar,Aerocom.aircraft[0].dataLink[8],sentPackets:count,,,1271
Exponential-capacity-3254-20210301-21:50:11-11297,attr,Aerocom.aircraft[0].dataLink[8],sentPackets:count,source,computeSentPackets,
Exponential-capacity-3254-20210301-21:50:11-11297,scalar,Aerocom.aircraft[0].dataLink[8],actualCapacity:mean,,,9439.6180048662
Exponential-capacity-3254-20210301-21:50:11-11297,attr,Aerocom.aircraft[0].dataLink[8],actualCapacity:mean,,,
Exponential-capacity-3254-20210301-21:50:11-11297,attr,Aerocom.aircraft[0].dataLink[8],actualCapacity:mean,source,computeActualCapacity,
Exponential-capacity-3254-20210301-21:50:11-11297,scalar,Aerocom.aircraft[0].dataLink[9],sentPackets:count,,,1038
Exponential-capacity-3254-20210301-21:50:11-11297,attr,Aerocom.aircraft[0].dataLink[9],sentPackets:count,source,computeSentPackets,
Exponential-capacity-3254-20210301-21:50:11-11297,scalar,Aerocom.aircraft[0].dataLink[9],actualCapacity:mean,,,9366.9444749863
Exponential-capacity-3254-20210301-21:50:11-11297,attr,Aerocom.aircraft[0].dataLink[9],actualCapacity:mean,,,
Exponential-capacity-3254-20210301-21:50:11-11297,attr,Aerocom.aircraft[0].dataLink[9],actualCapacity:mean,source,computeActualCapacity,
Exponential-capacity-3254-20210301-21:50:11-11297,scalar,Aerocom.aircraft[0].dataLink[10],sentPackets:count,,,986
Exponential-capacity-3254-20210301-21:50:11-11297,attr,Aerocom.aircraft[0].dataLink[10],sentPackets:count,source,computeSentPackets,
Exponential-capacity-3254-20210301-21:50:11-11297,scalar,Aerocom.aircraft[0].dataLink[10],actualCapacity:mean,,,9352.1483578709
Exponential-capacity-3254-20210301-21:50:11-11297,attr,Aerocom.aircraft[0].dataLink[10],actualCapacity:mean,,,
Exponential-capacity-3254-20210301-21:50:11-11297,attr,Aerocom.aircraft[0].dataLink[10],actualCapacity:mean,source,computeActualCapacity,
Exponential-capacity-3254-20210301-21:50:11-11297,scalar,Aerocom.aircraft[0].dataLink[11],sentPackets:count,,,1421
Exponential-capacity-3254-20210301-21:50:11-11297,attr,Aerocom.aircraft[0].dataLink[11],sentPackets:count,source,computeSentPackets,
Exponential-capacity-3254-20210301-21:50:11-11297,scalar,Aerocom.aircraft[0].dataLink[11],actualCapacity:mean,,,9480.1151927438
Exponential-capacity-3254-20210301-21:50:11-11297,attr,Aerocom.aircraft[0].dataLink[11],actualCapacity:mean,,,
Exponential-capacity-3254-20210301-21:50:11-11297,attr,Aerocom.aircraft[0].dataLink[11],actualCapacity:mean,source,computeActualCapacity,
Exponential-capacity-3254-20210301-21:50:11-11297,scalar,Aerocom.aircraft[0].dataLink[12],sentPackets:count,,,951
Exponential-capacity-3254-20210301-21:50:11-11297,attr,Aerocom.aircraft[0].dataLink[12],sentPackets:count,source,computeSentPackets,
Exponential-capacity-3254-20210301-21:50:11-11297,scalar,Aerocom.aircraft[0].dataLink[12],actualCapacity:mean,,,9330.019630485
Exponential-capacity-3254-20210301-21:50:11-11297,attr,Aerocom.aircraft[0].dataLink[12],actualCapacity:mean,,,
Exponential-capacity-3254-20210301-21:50:11-11297,attr,Aerocom.aircraft[0].dataLink[12],actualCapacity:mean,source,computeActualCapacity,
Exponential-capacity-3254-20210301-21:50:11-11297,scalar,Aerocom.aircraft[0].dataLink[13],sentPackets:count,,,441
Exponential-capacity-3254-20210301-21:50:11-11297,attr,Aerocom.aircraft[0].dataLink[13],sentPackets:count,source,computeSentPackets,
Exponential-capacity-3254-20210301-21:50:11-11297,scalar,Aerocom.aircraft[0].dataLink[13],actualCapacity:mean,,,9225.6160787531
Exponential-capacity-3254-20210301-21:50:11-11297,attr,Aerocom.aircraft[0].dataLink[13],actualCapacity:mean,,,
Exponential-capacity-3254-20210301-21:50:11-11297,attr,Aerocom.aircraft[0].dataLink[13],actualCapacity:mean,source,computeActualCapacity,
Exponential-capacity-3254-20210301-21:50:11-11297,scalar,Aerocom.aircraft[0].dataLink[14],sentPackets:count,,,1194
Exponential-capacity-3254-20210301-21:50:11-11297,attr,Aerocom.aircraft[0].dataLink[14],sentPackets:count,source,computeSentPackets,
Exponential-capacity-3254-20210301-21:50:11-11297,scalar,Aerocom.aircraft[0].dataLink[14],actualCapacity:mean,,,9373.5588235294
Exponential-capacity-3254-20210301-21:50:11-11297,attr,Aerocom.aircraft[0].dataLink[14],actualCapacity:mean,,,
Exponential-capacity-3254-20210301-21:50:11-11297,attr,Aerocom.aircraft[0].dataLink[14],actualCapacity:mean,source,computeActualCapacity,
Exponential-capacity-3254-20210301-21:50:11-11297,scalar,Aerocom.aircraft[0].dataLink[15],sentPackets:count,,,2270
Exponential-capacity-3254-20210301-21:50:11-11297,attr,Aerocom.aircraft[0].dataLink[15],sentPackets:count,source,computeSentPackets,
Exponential-capacity-3254-20210301-21:50:11-11297,scalar,Aerocom.aircraft[0].dataLink[15],actualCapacity:mean,,,9552.6396986571
Exponential-capacity-3254-20210301-21:50:11-11297,attr,Aerocom.aircraft[0].dataLink[15],actualCapacity:mean,,,
Exponential-capacity-3254-20210301-21:50:11-11297,attr,Aerocom.aircraft[0].dataLink[15],actualCapacity:mean,source,computeActualCapacity,
Exponential-capacity-3254-20210301-21:50:11-11297,scalar,Aerocom.controlTower,receivedPackets:count,,,19414
Exponential-capacity-3254-20210301-21:50:11-11297,attr,Aerocom.controlTower,receivedPackets:count,source,computeReceivedPackets,
Exponential-capacity-3255-20210301-21:50:11-11297,scalar,Aerocom.aircraft[0].linkSelector,responseTime:mean,,,0.56124263293085
Exponential-capacity-3255-20210301-21:50:11-11297,attr,Aerocom.aircraft[0].linkSelector,responseTime:mean,,,
Exponential-capacity-3255-20210301-21:50:11-11297,attr,Aerocom.aircraft[0].linkSelector,responseTime:mean,source,computeResponseTime,
Exponential-capacity-3255-20210301-21:50:11-11297,scalar,Aerocom.aircraft[0].linkSelector,meanMalus:sum,,,12964
Exponential-capacity-3255-20210301-21:50:11-11297,attr,Aerocom.aircraft[0].linkSelector,meanMalus:sum,,,
Exponential-capacity-3255-20210301-21:50:11-11297,attr,Aerocom.aircraft[0].linkSelector,meanMalus:sum,source,computeMeanMalus,
Exponential-capacity-3255-20210301-21:50:11-11297,scalar,Aerocom.aircraft[0].linkSelector,waitingTime:mean,,,0.55405992743074
Exponential-capacity-3255-20210301-21:50:11-11297,attr,Aerocom.aircraft[0].linkSelector,waitingTime:mean,,,
Exponential-capacity-3255-20210301-21:50:11-11297,attr,Aerocom.aircraft[0].linkSelector,waitingTime:mean,source,computeWaitingTime,
Exponential-capacity-3255-20210301-21:50:11-11297,scalar,Aerocom.aircraft[0].linkSelector,serviceTime:mean,,,0.0071827055001289
Exponential-capacity-3255-20210301-21:50:11-11297,attr,Aerocom.aircraft[0].linkSelector,serviceTime:mean,,,
Exponential-capacity-3255-20210301-21:50:11-11297,attr,Aerocom.aircraft[0].linkSelector,serviceTime:mean,source,computeServiceTime,
Exponential-capacity-3255-20210301-21:50:11-11297,scalar,Aerocom.aircraft[0].linkSelector,queueLength:mean,,,27.4075989554
Exponential-capacity-3255-20210301-21:50:11-11297,attr,Aerocom.aircraft[0].linkSelector,queueLength:mean,,,
Exponential-capacity-3255-20210301-21:50:11-11297,attr,Aerocom.aircraft[0].linkSelector,queueLength:mean,source,computeQueueLength,
Exponential-capacity-3255-20210301-21:50:11-11297,scalar,Aerocom.aircraft[0].dataLink[0],sentPackets:count,,,1420
Exponential-capacity-3255-20210301-21:50:11-11297,attr,Aerocom.aircraft[0].dataLink[0],sentPackets:count,source,computeSentPackets,
Exponential-capacity-3255-20210301-21:50:11-11297,scalar,Aerocom.aircraft[0].dataLink[0],actualCapacity:mean,,,9506.5687698593
Exponential-capacity-3255-20210301-21:50:11-11297,attr,Aerocom.aircraft[0].dataLink[0],actualCapacity:mean,,,
Exponential-capacity-3255-20210301-21:50:11-11297,attr,Aerocom.aircraft[0].dataLink[0],actualCapacity:mean,source,computeActualCapacity,
Exponential-capacity-3255-20210301-21:50:11-11297,scalar,Aerocom.aircraft[0].dataLink[1],sentPackets:count,,,1301
Exponential-capacity-3255-20210301-21:50:11-11297,attr,Aerocom.aircraft[0].dataLink[1],sentPackets:count,source,computeSentPackets,
Exponential-capacity-3255-20210301-21:50:11-11297,scalar,Aerocom.aircraft[0].dataLink[1],actualCapacity:mean,,,9510.1961538462
Exponential-capacity-3255-20210301-21:50:11-11297,attr,Aerocom.aircraft[0].dataLink[1],actualCapacity:mean,,,
Exponential-capacity-3255-20210301-21:50:11-11297,attr,Aerocom.aircraft[0].dataLink[1],actualCapacity:mean,source,computeActualCapacity,
Exponential-capacity-3255-20210301-21:50:11-11297,scalar,Aerocom.aircraft[0].dataLink[2],sentPackets:count,,,503
Exponential-capacity-3255-20210301-21:50:11-11297,attr,Aerocom.aircraft[0].dataLink[2],sentPackets:count,source,computeSentPackets,
Exponential-capacity-3255-20210301-21:50:11-11297,scalar,Aerocom.aircraft[0].dataLink[2],actualCapacity:mean,,,9235.6534267913
Exponential-capacity-3255-20210301-21:50:11-11297,attr,Aerocom.aircraft[0].dataLink[2],actualCapacity:mean,,,
Exponential-capacity-3255-20210301-21:50:11-11297,attr,Aerocom.aircraft[0].dataLink[2],actualCapacity:mean,source,computeActualCapacity,
Exponential-capacity-3255-20210301-21:50:11-11297,scalar,Aerocom.aircraft[0].dataLink[3],sentPackets:count,,,1416
Exponential-capacity-3255-20210301-21:50:11-11297,attr,Aerocom.aircraft[0].dataLink[3],sentPackets:count,source,computeSentPackets,
Exponential-capacity-3255-20210301-21:50:11-11297,scalar,Aerocom.aircraft[0].dataLink[3],actualCapacity:mean,,,9510.2212591241
Exponential-capacity-3255-20210301-21:50:11-11297,attr,Aerocom.aircraft[0].dataLink[3],actualCapacity:mean,,,
Exponential-capacity-3255-20210301-21:50:11-11297,attr,Aerocom.aircraft[0].dataLink[3],actualCapacity:mean,source,computeActualCapacity,
Exponential-capacity-3255-20210301-21:50:11-11297,scalar,Aerocom.aircraft[0].dataLink[4],sentPackets:count,,,1058
Exponential-capacity-3255-20210301-21:50:11-11297,attr,Aerocom.aircraft[0].dataLink[4],sentPackets:count,source,computeSentPackets,
Exponential-capacity-3255-20210301-21:50:11-11297,scalar,Aerocom.aircraft[0].dataLink[4],actualCapacity:mean,,,9450.0445894508
Exponential-capacity-3255-20210301-21:50:11-11297,attr,Aerocom.aircraft[0].dataLink[4],actualCapacity:mean,,,
Exponential-capacity-3255-20210301-21:50:11-11297,attr,Aerocom.aircraft[0].dataLink[4],actualCapacity:mean,source,computeActualCapacity,
Exponential-capacity-3255-20210301-21:50:11-11297,scalar,Aerocom.aircraft[0].dataLink[5],sentPackets:count,,,1003
Exponential-capacity-3255-20210301-21:50:11-11297,attr,Aerocom.aircraft[0].dataLink[5],sentPackets:count,source,computeSentPackets,
Exponential-capacity-3255-20210301-21:50:11-11297,scalar,Aerocom.aircraft[0].dataLink[5],actualCapacity:mean,,,9404.3772421525
Exponential-capacity-3255-20210301-21:50:11-11297,attr,Aerocom.aircraft[0].dataLink[5],actualCapacity:mean,,,
Exponential-capacity-3255-20210301-21:50:11-11297,attr,Aerocom.aircraft[0].dataLink[5],actualCapacity:mean,source,computeActualCapacity,
Exponential-capacity-3255-20210301-21:50:11-11297,scalar,Aerocom.aircraft[0].dataLink[6],sentPackets:count,,,1888
Exponential-capacity-3255-20210301-21:50:11-11297,attr,Aerocom.aircraft[0].dataLink[6],sentPackets:count,source,computeSentPackets,
Exponential-capacity-3255-20210301-21:50:11-11297,scalar,Aerocom.aircraft[0].dataLink[6],actualCapacity:mean,,,9480.632996633
Exponential-capacity-3255-20210301-21:50:11-11297,attr,Aerocom.aircraft[0].dataLink[6],actualCapacity:mean,,,
Exponential-capacity-3255-20210301-21:50:11-11297,attr,Aerocom.aircraft[0].dataLink[6],actualCapacity:mean,source,computeActualCapacity,
Exponential-capacity-3255-20210301-21:50:11-11297,scalar,Aerocom.aircraft[0].dataLink[7],sentPackets:count,,,968
Exponential-capacity-3255-20210301-21:50:11-11297,attr,Aerocom.aircraft[0].dataLink[7],sentPackets:count,source,computeSentPackets,
Exponential-capacity-3255-20210301-21:50:11-11297,scalar,Aerocom.aircraft[0].dataLink[7],actualCapacity:mean,,,9373.3262736119
Exponential-capacity-3255-20210301-21:50:11-11297,attr,Aerocom.aircraft[0].dataLink[7],actualCapacity:mean,,,
Exponential-capacity-3255-20210301-21:50:11-11297,attr,Aerocom.aircraft[0].dataLink[7],actualCapacity:mean,source,computeActualCapacity,
Exponential-capacity-3255-20210301-21:50:11-11297,scalar,Aerocom.aircraft[0].dataLink[8],sentPackets:count,,,1496
Exponential-capacity-3255-20210301-21:50:11-11297,attr,Aerocom.aircraft[0].dataLink[8],sentPackets:count,source,computeSentPackets,
Exponential-capacity-3255-20210301-21:50:11-11297,scalar,Aerocom.aircraft[0].dataLink[8],actualCapacity:mean,,,9516.7223198594
Exponential-capacity-3255-20210301-21:50:11-11297,attr,Aerocom.aircraft[0].dataLink[8],actualCapacity:mean,,,
Exponential-capacity-3255-20210301-21:50:11-11297,attr,Aerocom.aircraft[0].dataLink[8],actualCapacity:mean,source,computeActualCapacity,
Exponential-capacity-3255-20210301-21:50:11-11297,scalar,Aerocom.aircraft[0].dataLink[9],sentPackets:count,,,1176
Exponential-capacity-3255-20210301-21:50:11-11297,attr,Aerocom.aircraft[0].dataLink[9],sentPackets:count,source,computeSentPackets,
Exponential-capacity-3255-20210301-21:50:11-11297,scalar,Aerocom.aircraft[0].dataLink[9],actualCapacity:mean,,,9455.3469805527
Exponential-capacity-3255-20210301-21:50:11-11297,attr,Aerocom.aircraft[0].dataLink[9],actualCapacity:mean,,,
Exponential-capacity-3255-20210301-21:50:11-11297,attr,Aerocom.aircraft[0].dataLink[9],actualCapacity:mean,source,computeActualCapacity,
Exponential-capacity-3255-20210301-21:50:11-11297,scalar,Aerocom.aircraft[0].dataLink[10],sentPackets:count,,,1650
Exponential-capacity-3255-20210301-21:50:11-11297,attr,Aerocom.aircraft[0].dataLink[10],sentPackets:count,source,computeSentPackets,
Exponential-capacity-3255-20210301-21:50:11-11297,scalar,Aerocom.aircraft[0].dataLink[10],actualCapacity:mean,,,9550.0147965475
Exponential-capacity-3255-20210301-21:50:11-11297,attr,Aerocom.aircraft[0].dataLink[10],actualCapacity:mean,,,
Exponential-capacity-3255-20210301-21:50:11-11297,attr,Aerocom.aircraft[0].dataLink[10],actualCapacity:mean,source,computeActualCapacity,
Exponential-capacity-3255-20210301-21:50:11-11297,scalar,Aerocom.aircraft[0].dataLink[11],sentPackets:count,,,581
Exponential-capacity-3255-20210301-21:50:11-11297,attr,Aerocom.aircraft[0].dataLink[11],sentPackets:count,source,computeSentPackets,
Exponential-capacity-3255-20210301-21:50:11-11297,scalar,Aerocom.aircraft[0].dataLink[11],actualCapacity:mean,,,9349.8023512123
Exponential-capacity-3255-20210301-21:50:11-11297,attr,Aerocom.aircraft[0].dataLink[11],actualCapacity:mean,,,
Exponential-capacity-3255-20210301-21:50:11-11297,attr,Aerocom.aircraft[0].dataLink[11],actualCapacity:mean,source,computeActualCapacity,
Exponential-capacity-3255-20210301-21:50:11-11297,scalar,Aerocom.aircraft[0].dataLink[12],sentPackets:count,,,1169
Exponential-capacity-3255-20210301-21:50:11-11297,attr,Aerocom.aircraft[0].dataLink[12],sentPackets:count,source,computeSentPackets,
Exponential-capacity-3255-20210301-21:50:11-11297,scalar,Aerocom.aircraft[0].dataLink[12],actualCapacity:mean,,,9438.3723076923
Exponential-capacity-3255-20210301-21:50:11-11297,attr,Aerocom.aircraft[0].dataLink[12],actualCapacity:mean,,,
Exponential-capacity-3255-20210301-21:50:11-11297,attr,Aerocom.aircraft[0].dataLink[12],actualCapacity:mean,source,computeActualCapacity,
Exponential-capacity-3255-20210301-21:50:11-11297,scalar,Aerocom.aircraft[0].dataLink[13],sentPackets:count,,,1022
Exponential-capacity-3255-20210301-21:50:11-11297,attr,Aerocom.aircraft[0].dataLink[13],sentPackets:count,source,computeSentPackets,
Exponential-capacity-3255-20210301-21:50:11-11297,scalar,Aerocom.aircraft[0].dataLink[13],actualCapacity:mean,,,9437.9296008869
Exponential-capacity-3255-20210301-21:50:11-11297,attr,Aerocom.aircraft[0].dataLink[13],actualCapacity:mean,,,
Exponential-capacity-3255-20210301-21:50:11-11297,attr,Aerocom.aircraft[0].dataLink[13],actualCapacity:mean,source,computeActualCapacity,
Exponential-capacity-3255-20210301-21:50:11-11297,scalar,Aerocom.aircraft[0].dataLink[14],sentPackets:count,,,949
Exponential-capacity-3255-20210301-21:50:11-11297,attr,Aerocom.aircraft[0].dataLink[14],sentPackets:count,source,computeSentPackets,
Exponential-capacity-3255-20210301-21:50:11-11297,scalar,Aerocom.aircraft[0].dataLink[14],actualCapacity:mean,,,9411.9416522241
Exponential-capacity-3255-20210301-21:50:11-11297,attr,Aerocom.aircraft[0].dataLink[14],actualCapacity:mean,,,
Exponential-capacity-3255-20210301-21:50:11-11297,attr,Aerocom.aircraft[0].dataLink[14],actualCapacity:mean,source,computeActualCapacity,
Exponential-capacity-3255-20210301-21:50:11-11297,scalar,Aerocom.aircraft[0].dataLink[15],sentPackets:count,,,1929
Exponential-capacity-3255-20210301-21:50:11-11297,attr,Aerocom.aircraft[0].dataLink[15],sentPackets:count,source,computeSentPackets,
Exponential-capacity-3255-20210301-21:50:11-11297,scalar,Aerocom.aircraft[0].dataLink[15],actualCapacity:mean,,,9555.9252026529
Exponential-capacity-3255-20210301-21:50:11-11297,attr,Aerocom.aircraft[0].dataLink[15],actualCapacity:mean,,,
Exponential-capacity-3255-20210301-21:50:11-11297,attr,Aerocom.aircraft[0].dataLink[15],actualCapacity:mean,source,computeActualCapacity,
Exponential-capacity-3255-20210301-21:50:11-11297,scalar,Aerocom.controlTower,receivedPackets:count,,,19529
Exponential-capacity-3255-20210301-21:50:11-11297,attr,Aerocom.controlTower,receivedPackets:count,source,computeReceivedPackets,
Exponential-capacity-3256-20210301-21:50:10-11302,scalar,Aerocom.aircraft[0].linkSelector,responseTime:mean,,,0.60362424948526
Exponential-capacity-3256-20210301-21:50:10-11302,attr,Aerocom.aircraft[0].linkSelector,responseTime:mean,,,
Exponential-capacity-3256-20210301-21:50:10-11302,attr,Aerocom.aircraft[0].linkSelector,responseTime:mean,source,computeResponseTime,
Exponential-capacity-3256-20210301-21:50:10-11302,scalar,Aerocom.aircraft[0].linkSelector,meanMalus:sum,,,14188
Exponential-capacity-3256-20210301-21:50:10-11302,attr,Aerocom.aircraft[0].linkSelector,meanMalus:sum,,,
Exponential-capacity-3256-20210301-21:50:10-11302,attr,Aerocom.aircraft[0].linkSelector,meanMalus:sum,source,computeMeanMalus,
Exponential-capacity-3256-20210301-21:50:10-11302,scalar,Aerocom.aircraft[0].linkSelector,waitingTime:mean,,,0.59643156418594
Exponential-capacity-3256-20210301-21:50:10-11302,attr,Aerocom.aircraft[0].linkSelector,waitingTime:mean,,,
Exponential-capacity-3256-20210301-21:50:10-11302,attr,Aerocom.aircraft[0].linkSelector,waitingTime:mean,source,computeWaitingTime,
Exponential-capacity-3256-20210301-21:50:10-11302,scalar,Aerocom.aircraft[0].linkSelector,serviceTime:mean,,,0.0071926852993401
Exponential-capacity-3256-20210301-21:50:10-11302,attr,Aerocom.aircraft[0].linkSelector,serviceTime:mean,,,
Exponential-capacity-3256-20210301-21:50:10-11302,attr,Aerocom.aircraft[0].linkSelector,serviceTime:mean,source,computeServiceTime,
Exponential-capacity-3256-20210301-21:50:10-11302,scalar,Aerocom.aircraft[0].linkSelector,queueLength:mean,,,30.070771731951
Exponential-capacity-3256-20210301-21:50:10-11302,attr,Aerocom.aircraft[0].linkSelector,queueLength:mean,,,
Exponential-capacity-3256-20210301-21:50:10-11302,attr,Aerocom.aircraft[0].linkSelector,queueLength:mean,source,computeQueueLength,
Exponential-capacity-3256-20210301-21:50:10-11302,scalar,Aerocom.aircraft[0].dataLink[0],sentPackets:count,,,766
Exponential-capacity-3256-20210301-21:50:10-11302,attr,Aerocom.aircraft[0].dataLink[0],sentPackets:count,source,computeSentPackets,
Exponential-capacity-3256-20210301-21:50:10-11302,scalar,Aerocom.aircraft[0].dataLink[0],actualCapacity:mean,,,9332.7192755498
Exponential-capacity-3256-20210301-21:50:10-11302,attr,Aerocom.aircraft[0].dataLink[0],actualCapacity:mean,,,
Exponential-capacity-3256-20210301-21:50:10-11302,attr,Aerocom.aircraft[0].dataLink[0],actualCapacity:mean,source,computeActualCapacity,
Exponential-capacity-3256-20210301-21:50:10-11302,scalar,Aerocom.aircraft[0].dataLink[1],sentPackets:count,,,1871
Exponential-capacity-3256-20210301-21:50:10-11302,attr,Aerocom.aircraft[0].dataLink[1],sentPackets:count,source,computeSentPackets,
Exponential-capacity-3256-20210301-21:50:10-11302,scalar,Aerocom.aircraft[0].dataLink[1],actualCapacity:mean,,,9496.600678733
Exponential-capacity-3256-20210301-21:50:10-11302,attr,Aerocom.aircraft[0].dataLink[1],actualCapacity:mean,,,
Exponential-capacity-3256-20210301-21:50:10-11302,attr,Aerocom.aircraft[0].dataLink[1],actualCapacity:mean,source,computeActualCapacity,
Exponential-capacity-3256-20210301-21:50:10-11302,scalar,Aerocom.aircraft[0].dataLink[2],sentPackets:count,,,1899
Exponential-capacity-3256-20210301-21:50:10-11302,attr,Aerocom.aircraft[0].dataLink[2],sentPackets:count,source,computeSentPackets,
Exponential-capacity-3256-20210301-21:50:10-11302,scalar,Aerocom.aircraft[0].dataLink[2],actualCapacity:mean,,,9540.7778192681
Exponential-capacity-3256-20210301-21:50:10-11302,attr,Aerocom.aircraft[0].dataLink[2],actualCapacity:mean,,,
Exponential-capacity-3256-20210301-21:50:10-11302,attr,Aerocom.aircraft[0].dataLink[2],actualCapacity:mean,source,computeActualCapacity,
Exponential-capacity-3256-20210301-21:50:10-11302,scalar,Aerocom.aircraft[0].dataLink[3],sentPackets:count,,,1817
Exponential-capacity-3256-20210301-21:50:10-11302,attr,Aerocom.aircraft[0].dataLink[3],sentPackets:count,source,computeSentPackets,
Exponential-capacity-3256-20210301-21:50:10-11302,scalar,Aerocom.aircraft[0].dataLink[3],actualCapacity:mean,,,9466.2631781454
Exponential-capacity-3256-20210301-21:50:10-11302,attr,Aerocom.aircraft[0].dataLink[3],actualCapacity:mean,,,
Exponential-capacity-3256-20210301-21:50:10-11302,attr,Aerocom.aircraft[0].dataLink[3],actualCapacity:mean,source,computeActualCapacity,
Exponential-capacity-3256-20210301-21:50:10-11302,scalar,Aerocom.aircraft[0].dataLink[4],sentPackets:count,,,1428
Exponential-capacity-3256-20210301-21:50:10-11302,attr,Aerocom.aircraft[0].dataLink[4],sentPackets:count,source,computeSentPackets,
Exponential-capacity-3256-20210301-21:50:10-11302,scalar,Aerocom.aircraft[0].dataLink[4],actualCapacity:mean,,,9441.5232926278
Exponential-capacity-3256-20210301-21:50:10-11302,attr,Aerocom.aircraft[0].dataLink[4],actualCapacity:mean,,,
Exponential-capacity-3256-20210301-21:50:10-11302,attr,Aerocom.aircraft[0].dataLink[4],actualCapacity:mean,source,computeActualCapacity,
Exponential-capacity-3256-20210301-21:50:10-11302,scalar,Aerocom.aircraft[0].dataLink[5],sentPackets:count,,,1296
Exponential-capacity-3256-20210301-21:50:10-11302,attr,Aerocom.aircraft[0].dataLink[5],sentPackets:count,source,computeSentPackets,
Exponential-capacity-3256-20210301-21:50:10-11302,scalar,Aerocom.aircraft[0].dataLink[5],actualCapacity:mean,,,9528.2312138728
Exponential-capacity-3256-20210301-21:50:10-11302,attr,Aerocom.aircraft[0].dataLink[5],actualCapacity:mean,,,
Exponential-capacity-3256-20210301-21:50:10-11302,attr,Aerocom.aircraft[0].dataLink[5],actualCapacity:mean,source,computeActualCapacity,
Exponential-capacity-3256-20210301-21:50:10-11302,scalar,Aerocom.aircraft[0].dataLink[6],sentPackets:count,,,797
Exponential-capacity-3256-20210301-21:50:10-11302,attr,Aerocom.aircraft[0].dataLink[6],sentPackets:count,source,computeSentPackets,
Exponential-capacity-3256-20210301-21:50:10-11302,scalar,Aerocom.aircraft[0].dataLink[6],actualCapacity:mean,,,9389.628643853
Exponential-capacity-3256-20210301-21:50:10-11302,attr,Aerocom.aircraft[0].dataLink[6],actualCapacity:mean,,,
Exponential-capacity-3256-20210301-21:50:10-11302,attr,Aerocom.aircraft[0].dataLink[6],actualCapacity:mean,source,computeActualCapacity,
Exponential-capacity-3256-20210301-21:50:10-11302,scalar,Aerocom.aircraft[0].dataLink[7],sentPackets:count,,,1094
Exponential-capacity-3256-20210301-21:50:10-11302,attr,Aerocom.aircraft[0].dataLink[7],sentPackets:count,source,computeSentPackets,
Exponential-capacity-3256-20210301-21:50:10-11302,scalar,Aerocom.aircraft[0].dataLink[7],actualCapacity:mean,,,9439.7215392838
Exponential-capacity-3256-20210301-21:50:10-11302,attr,Aerocom.aircraft[0].dataLink[7],actualCapacity:mean,,,
Exponential-capacity-3256-20210301-21:50:10-11302,attr,Aerocom.aircraft[0].dataLink[7],actualCapacity:mean,source,computeActualCapacity,
Exponential-capacity-3256-20210301-21:50:10-11302,scalar,Aerocom.aircraft[0].dataLink[8],sentPackets:count,,,1290
Exponential-capacity-3256-20210301-21:50:10-11302,attr,Aerocom.aircraft[0].dataLink[8],sentPackets:count,source,computeSentPackets,
Exponential-capacity-3256-20210301-21:50:10-11302,scalar,Aerocom.aircraft[0].dataLink[8],actualCapacity:mean,,,9502.5366327026
Exponential-capacity-3256-20210301-21:50:10-11302,attr,Aerocom.aircraft[0].dataLink[8],actualCapacity:mean,,,
Exponential-capacity-3256-20210301-21:50:10-11302,attr,Aerocom.aircraft[0].dataLink[8],actualCapacity:mean,source,computeActualCapacity,
Exponential-capacity-3256-20210301-21:50:10-11302,scalar,Aerocom.aircraft[0].dataLink[9],sentPackets:count,,,1005
Exponential-capacity-3256-20210301-21:50:10-11302,attr,Aerocom.aircraft[0].dataLink[9],sentPackets:count,source,computeSentPackets,
Exponential-capacity-3256-20210301-21:50:10-11302,scalar,Aerocom.aircraft[0].dataLink[9],actualCapacity:mean,,,9402.8497206704
Exponential-capacity-3256-20210301-21:50:10-11302,attr,Aerocom.aircraft[0].dataLink[9],actualCapacity:mean,,,
Exponential-capacity-3256-20210301-21:50:10-11302,attr,Aerocom.aircraft[0].dataLink[9],actualCapacity:mean,source,computeActualCapacity,
Exponential-capacity-3256-20210301-21:50:10-11302,scalar,Aerocom.aircraft[0].dataLink[10],sentPackets:count,,,973
Exponential-capacity-3256-20210301-21:50:10-11302,attr,Aerocom.aircraft[0].dataLink[10],sentPackets:count,source,computeSentPackets,
Exponential-capacity-3256-20210301-21:50:10-11302,scalar,Aerocom.aircraft[0].dataLink[10],actualCapacity:mean,,,9443.6120935539
Exponential-capacity-3256-20210301-21:50:10-11302,attr,Aerocom.aircraft[0].dataLink[10],actualCapacity:mean,,,
Exponential-capacity-3256-20210301-21:50:10-11302,attr,Aerocom.aircraft[0].dataLink[10],actualCapacity:mean,source,computeActualCapacity,
Exponential-capacity-3256-20210301-21:50:10-11302,scalar,Aerocom.aircraft[0].dataLink[11],sentPackets:count,,,1502
Exponential-capacity-3256-20210301-21:50:10-11302,attr,Aerocom.aircraft[0].dataLink[11],sentPackets:count,source,computeSentPackets,
Exponential-capacity-3256-20210301-21:50:10-11302,scalar,Aerocom.aircraft[0].dataLink[11],actualCapacity:mean,,,9501.8009623797
Exponential-capacity-3256-20210301-21:50:10-11302,attr,Aerocom.aircraft[0].dataLink[11],actualCapacity:mean,,,
Exponential-capacity-3256-20210301-21:50:10-11302,attr,Aerocom.aircraft[0].dataLink[11],actualCapacity:mean,source,computeActualCapacity,
Exponential-capacity-3256-20210301-21:50:10-11302,scalar,Aerocom.aircraft[0].dataLink[12],sentPackets:count,,,1083
Exponential-capacity-3256-20210301-21:50:10-11302,attr,Aerocom.aircraft[0].dataLink[12],sentPackets:count,source,computeSentPackets,
Exponential-capacity-3256-20210301-21:50:10-11302,scalar,Aerocom.aircraft[0].dataLink[12],actualCapacity:mean,,,9432.4831640834
Exponential-capacity-3256-20210301-21:50:10-11302,attr,Aerocom.aircraft[0].dataLink[12],actualCapacity:mean,,,
Exponential-capacity-3256-20210301-21:50:10-11302,attr,Aerocom.aircraft[0].dataLink[12],actualCapacity:mean,source,computeActualCapacity,
Exponential-capacity-3256-20210301-21:50:10-11302,scalar,Aerocom.aircraft[0].dataLink[13],sentPackets:count,,,1172
Exponential-capacity-3256-20210301-21:50:10-11302,attr,Aerocom.aircraft[0].dataLink[13],sentPackets:count,source,computeSentPackets,
Exponential-capacity-3256-20210301-21:50:10-11302,scalar,Aerocom.aircraft[0].dataLink[13],actualCapacity:mean,,,9397.5694515633
Exponential-capacity-3256-20210301-21:50:10-11302,attr,Aerocom.aircraft[0].dataLink[13],actualCapacity:mean,,,
Exponential-capacity-3256-20210301-21:50:10-11302,attr,Aerocom.aircraft[0].dataLink[13],actualCapacity:mean,source,computeActualCapacity,
Exponential-capacity-3256-20210301-21:50:10-11302,scalar,Aerocom.aircraft[0].dataLink[14],sentPackets:count,,,666
Exponential-capacity-3256-20210301-21:50:10-11302,attr,Aerocom.aircraft[0].dataLink[14],sentPackets:count,source,computeSentPackets,
Exponential-capacity-3256-20210301-21:50:10-11302,scalar,Aerocom.aircraft[0].dataLink[14],actualCapacity:mean,,,9343.6985547144
Exponential-capacity-3256-20210301-21:50:10-11302,attr,Aerocom.aircraft[0].dataLink[14],actualCapacity:mean,,,
Exponential-capacity-3256-20210301-21:50:10-11302,attr,Aerocom.aircraft[0].dataLink[14],actualCapacity:mean,source,computeActualCapacity,
Exponential-capacity-3256-20210301-21:50:10-11302,scalar,Aerocom.aircraft[0].dataLink[15],sentPackets:count,,,1024
Exponential-capacity-3256-20210301-21:50:10-11302,attr,Aerocom.aircraft[0].dataLink[15],sentPackets:count,source,computeSentPackets,
Exponential-capacity-3256-20210301-21:50:10-11302,scalar,Aerocom.aircraft[0].dataLink[15],actualCapacity:mean,,,9390.8563505269
Exponential-capacity-3256-20210301-21:50:10-11302,attr,Aerocom.aircraft[0].dataLink[15],actualCapacity:mean,,,
Exponential-capacity-3256-20210301-21:50:10-11302,attr,Aerocom.aircraft[0].dataLink[15],actualCapacity:mean,source,computeActualCapacity,
Exponential-capacity-3256-20210301-21:50:10-11302,scalar,Aerocom.controlTower,receivedPackets:count,,,19683
Exponential-capacity-3256-20210301-21:50:10-11302,attr,Aerocom.controlTower,receivedPackets:count,source,computeReceivedPackets,
Exponential-capacity-3257-20210301-21:50:10-11302,scalar,Aerocom.aircraft[0].linkSelector,responseTime:mean,,,0.57199684886714
Exponential-capacity-3257-20210301-21:50:10-11302,attr,Aerocom.aircraft[0].linkSelector,responseTime:mean,,,
Exponential-capacity-3257-20210301-21:50:10-11302,attr,Aerocom.aircraft[0].linkSelector,responseTime:mean,source,computeResponseTime,
Exponential-capacity-3257-20210301-21:50:10-11302,scalar,Aerocom.aircraft[0].linkSelector,meanMalus:sum,,,12850
Exponential-capacity-3257-20210301-21:50:10-11302,attr,Aerocom.aircraft[0].linkSelector,meanMalus:sum,,,
Exponential-capacity-3257-20210301-21:50:10-11302,attr,Aerocom.aircraft[0].linkSelector,meanMalus:sum,source,computeMeanMalus,
Exponential-capacity-3257-20210301-21:50:10-11302,scalar,Aerocom.aircraft[0].linkSelector,waitingTime:mean,,,0.56478589473905
Exponential-capacity-3257-20210301-21:50:10-11302,attr,Aerocom.aircraft[0].linkSelector,waitingTime:mean,,,
Exponential-capacity-3257-20210301-21:50:10-11302,attr,Aerocom.aircraft[0].linkSelector,waitingTime:mean,source,computeWaitingTime,
Exponential-capacity-3257-20210301-21:50:10-11302,scalar,Aerocom.aircraft[0].linkSelector,serviceTime:mean,,,0.007210954128107
Exponential-capacity-3257-20210301-21:50:10-11302,attr,Aerocom.aircraft[0].linkSelector,serviceTime:mean,,,
Exponential-capacity-3257-20210301-21:50:10-11302,attr,Aerocom.aircraft[0].linkSelector,serviceTime:mean,source,computeServiceTime,
Exponential-capacity-3257-20210301-21:50:10-11302,scalar,Aerocom.aircraft[0].linkSelector,queueLength:mean,,,27.817513778322
Exponential-capacity-3257-20210301-21:50:10-11302,attr,Aerocom.aircraft[0].linkSelector,queueLength:mean,,,
Exponential-capacity-3257-20210301-21:50:10-11302,attr,Aerocom.aircraft[0].linkSelector,queueLength:mean,source,computeQueueLength,
Exponential-capacity-3257-20210301-21:50:10-11302,scalar,Aerocom.aircraft[0].dataLink[0],sentPackets:count,,,1138
Exponential-capacity-3257-20210301-21:50:10-11302,attr,Aerocom.aircraft[0].dataLink[0],sentPackets:count,source,computeSentPackets,
Exponential-capacity-3257-20210301-21:50:10-11302,scalar,Aerocom.aircraft[0].dataLink[0],actualCapacity:mean,,,9401.4060542797
Exponential-capacity-3257-20210301-21:50:10-11302,attr,Aerocom.aircraft[0].dataLink[0],actualCapacity:mean,,,
Exponential-capacity-3257-20210301-21:50:10-11302,attr,Aerocom.aircraft[0].dataLink[0],actualCapacity:mean,source,computeActualCapacity,
Exponential-capacity-3257-20210301-21:50:10-11302,scalar,Aerocom.aircraft[0].dataLink[1],sentPackets:count,,,1771
Exponential-capacity-3257-20210301-21:50:10-11302,attr,Aerocom.aircraft[0].dataLink[1],sentPackets:count,source,computeSentPackets,
Exponential-capacity-3257-20210301-21:50:10-11302,scalar,Aerocom.aircraft[0].dataLink[1],actualCapacity:mean,,,9513.4364489636
Exponential-capacity-3257-20210301-21:50:10-11302,attr,Aerocom.aircraft[0].dataLink[1],actualCapacity:mean,,,
Exponential-capacity-3257-20210301-21:50:10-11302,attr,Aerocom.aircraft[0].dataLink[1],actualCapacity:mean,source,computeActualCapacity,
Exponential-capacity-3257-20210301-21:50:10-11302,scalar,Aerocom.aircraft[0].dataLink[2],sentPackets:count,,,643
Exponential-capacity-3257-20210301-21:50:10-11302,attr,Aerocom.aircraft[0].dataLink[2],sentPackets:count,source,computeSentPackets,
Exponential-capacity-3257-20210301-21:50:10-11302,scalar,Aerocom.aircraft[0].dataLink[2],actualCapacity:mean,,,9268.5122634898
Exponential-capacity-3257-20210301-21:50:10-11302,attr,Aerocom.aircraft[0].dataLink[2],actualCapacity:mean,,,
Exponential-capacity-3257-20210301-21:50:10-11302,attr,Aerocom.aircraft[0].dataLink[2],actualCapacity:mean,source,computeActualCapacity,
Exponential-capacity-3257-20210301-21:50:10-11302,scalar,Aerocom.aircraft[0].dataLink[3],sentPackets:count,,,1663
Exponential-capacity-3257-20210301-21:50:10-11302,attr,Aerocom.aircraft[0].dataLink[3],sentPackets:count,source,computeSentPackets,
Exponential-capacity-3257-20210301-21:50:10-11302,scalar,Aerocom.aircraft[0].dataLink[3],actualCapacity:mean,,,9458.9231398201
Exponential-capacity-3257-20210301-21:50:10-11302,attr,Aerocom.aircraft[0].dataLink[3],actualCapacity:mean,,,
Exponential-capacity-3257-20210301-21:50:10-11302,attr,Aerocom.aircraft[0].dataLink[3],actualCapacity:mean,source,computeActualCapacity,
Exponential-capacity-3257-20210301-21:50:10-11302,scalar,Aerocom.aircraft[0].dataLink[4],sentPackets:count,,,1017
Exponential-capacity-3257-20210301-21:50:10-11302,attr,Aerocom.aircraft[0].dataLink[4],sentPackets:count,source,computeSentPackets,
Exponential-capacity-3257-20210301-21:50:10-11302,scalar,Aerocom.aircraft[0].dataLink[4],actualCapacity:mean,,,9353.515
Exponential-capacity-3257-20210301-21:50:10-11302,attr,Aerocom.aircraft[0].dataLink[4],actualCapacity:mean,,,
Exponential-capacity-3257-20210301-21:50:10-11302,attr,Aerocom.aircraft[0].dataLink[4],actualCapacity:mean,source,computeActualCapacity,
Exponential-capacity-3257-20210301-21:50:10-11302,scalar,Aerocom.aircraft[0].dataLink[5],sentPackets:count,,,1296
Exponential-capacity-3257-20210301-21:50:10-11302,attr,Aerocom.aircraft[0].dataLink[5],sentPackets:count,source,computeSentPackets,
Exponential-capacity-3257-20210301-21:50:10-11302,scalar,Aerocom.aircraft[0].dataLink[5],actualCapacity:mean,,,9473.7133237133
Exponential-capacity-3257-20210301-21:50:10-11302,attr,Aerocom.aircraft[0].dataLink[5],actualCapacity:mean,,,
Exponential-capacity-3257-20210301-21:50:10-11302,attr,Aerocom.aircraft[0].dataLink[5],actualCapacity:mean,source,computeActualCapacity,
Exponential-capacity-3257-20210301-21:50:10-11302,scalar,Aerocom.aircraft[0].dataLink[6],sentPackets:count,,,739
Exponential-capacity-3257-20210301-21:50:10-11302,attr,Aerocom.aircraft[0].dataLink[6],sentPackets:count,source,computeSentPackets,
Exponential-capacity-3257-20210301-21:50:10-11302,scalar,Aerocom.aircraft[0].dataLink[6],actualCapacity:mean,,,9351.6677631579
Exponential-capacity-3257-20210301-21:50:10-11302,attr,Aerocom.aircraft[0].dataLink[6],actualCapacity:mean,,,
Exponential-capacity-3257-20210301-21:50:10-11302,attr,Aerocom.aircraft[0].dataLink[6],actualCapacity:mean,source,computeActualCapacity,
Exponential-capacity-3257-20210301-21:50:10-11302,scalar,Aerocom.aircraft[0].dataLink[7],sentPackets:count,,,1140
Exponential-capacity-3257-20210301-21:50:10-11302,attr,Aerocom.aircraft[0].dataLink[7],sentPackets:count,source,computeSentPackets,
Exponential-capacity-3257-20210301-21:50:10-11302,scalar,Aerocom.aircraft[0].dataLink[7],actualCapacity:mean,,,9408.0244919229
Exponential-capacity-3257-20210301-21:50:10-11302,attr,Aerocom.aircraft[0].dataLink[7],actualCapacity:mean,,,
Exponential-capacity-3257-20210301-21:50:10-11302,attr,Aerocom.aircraft[0].dataLink[7],actualCapacity:mean,source,computeActualCapacity,
Exponential-capacity-3257-20210301-21:50:10-11302,scalar,Aerocom.aircraft[0].dataLink[8],sentPackets:count,,,1163
Exponential-capacity-3257-20210301-21:50:10-11302,attr,Aerocom.aircraft[0].dataLink[8],sentPackets:count,source,computeSentPackets,
Exponential-capacity-3257-20210301-21:50:10-11302,scalar,Aerocom.aircraft[0].dataLink[8],actualCapacity:mean,,,9385.6865671642
Exponential-capacity-3257-20210301-21:50:10-11302,attr,Aerocom.aircraft[0].dataLink[8],actualCapacity:mean,,,
Exponential-capacity-3257-20210301-21:50:10-11302,attr,Aerocom.aircraft[0].dataLink[8],actualCapacity:mean,source,computeActualCapacity,
Exponential-capacity-3257-20210301-21:50:10-11302,scalar,Aerocom.aircraft[0].dataLink[9],sentPackets:count,,,776
Exponential-capacity-3257-20210301-21:50:10-11302,attr,Aerocom.aircraft[0].dataLink[9],sentPackets:count,source,computeSentPackets,
Exponential-capacity-3257-20210301-21:50:10-11302,scalar,Aerocom.aircraft[0].dataLink[9],actualCapacity:mean,,,9323.9807197943
Exponential-capacity-3257-20210301-21:50:10-11302,attr,Aerocom.aircraft[0].dataLink[9],actualCapacity:mean,,,
Exponential-capacity-3257-20210301-21:50:10-11302,attr,Aerocom.aircraft[0].dataLink[9],actualCapacity:mean,source,computeActualCapacity,
Exponential-capacity-3257-20210301-21:50:10-11302,scalar,Aerocom.aircraft[0].dataLink[10],sentPackets:count,,,1370
Exponential-capacity-3257-20210301-21:50:10-11302,attr,Aerocom.aircraft[0].dataLink[10],sentPackets:count,source,computeSentPackets,
Exponential-capacity-3257-20210301-21:50:10-11302,scalar,Aerocom.aircraft[0].dataLink[10],actualCapacity:mean,,,9486.9897864438
Exponential-capacity-3257-20210301-21:50:10-11302,attr,Aerocom.aircraft[0].dataLink[10],actualCapacity:mean,,,
Exponential-capacity-3257-20210301-21:50:10-11302,attr,Aerocom.aircraft[0].dataLink[10],actualCapacity:mean,source,computeActualCapacity,
Exponential-capacity-3257-20210301-21:50:10-11302,scalar,Aerocom.aircraft[0].dataLink[11],sentPackets:count,,,912
Exponential-capacity-3257-20210301-21:50:10-11302,attr,Aerocom.aircraft[0].dataLink[11],sentPackets:count,source,computeSentPackets,
Exponential-capacity-3257-20210301-21:50:10-11302,scalar,Aerocom.aircraft[0].dataLink[11],actualCapacity:mean,,,9358.3203539823
Exponential-capacity-3257-20210301-21:50:10-11302,attr,Aerocom.aircraft[0].dataLink[11],actualCapacity:mean,,,
Exponential-capacity-3257-20210301-21:50:10-11302,attr,Aerocom.aircraft[0].dataLink[11],actualCapacity:mean,source,computeActualCapacity,
Exponential-capacity-3257-20210301-21:50:10-11302,scalar,Aerocom.aircraft[0].dataLink[12],sentPackets:count,,,1451
Exponential-capacity-3257-20210301-21:50:10-11302,attr,Aerocom.aircraft[0].dataLink[12],sentPackets:count,source,computeSentPackets,
Exponential-capacity-3257-20210301-21:50:10-11302,scalar,Aerocom.aircraft[0].dataLink[12],actualCapacity:mean,,,9436.7613076579
Exponential-capacity-3257-20210301-21:50:10-11302,attr,Aerocom.aircraft[0].dataLink[12],actualCapacity:mean,,,
Exponential-capacity-3257-20210301-21:50:10-11302,attr,Aerocom.aircraft[0].dataLink[12],actualCapacity:mean,source,computeActualCapacity,
Exponential-capacity-3257-20210301-21:50:10-11302,scalar,Aerocom.aircraft[0].dataLink[13],sentPackets:count,,,1434
Exponential-capacity-3257-20210301-21:50:10-11302,attr,Aerocom.aircraft[0].dataLink[13],sentPackets:count,source,computeSentPackets,
Exponential-capacity-3257-20210301-21:50:10-11302,scalar,Aerocom.aircraft[0].dataLink[13],actualCapacity:mean,,,9474.6336946703
Exponential-capacity-3257-20210301-21:50:10-11302,attr,Aerocom.aircraft[0].dataLink[13],actualCapacity:mean,,,
Exponential-capacity-3257-20210301-21:50:10-11302,attr,Aerocom.aircraft[0].dataLink[13],actualCapacity:mean,source,computeActualCapacity,
Exponential-capacity-3257-20210301-21:50:10-11302,scalar,Aerocom.aircraft[0].dataLink[14],sentPackets:count,,,1193
Exponential-capacity-3257-20210301-21:50:10-11302,attr,Aerocom.aircraft[0].dataLink[14],sentPackets:count,source,computeSentPackets,
Exponential-capacity-3257-20210301-21:50:10-11302,scalar,Aerocom.aircraft[0].dataLink[14],actualCapacity:mean,,,9437.587398374
Exponential-capacity-3257-20210301-21:50:10-11302,attr,Aerocom.aircraft[0].dataLink[14],actualCapacity:mean,,,
Exponential-capacity-3257-20210301-21:50:10-11302,attr,Aerocom.aircraft[0].dataLink[14],actualCapacity:mean,source,computeActualCapacity,
Exponential-capacity-3257-20210301-21:50:10-11302,scalar,Aerocom.aircraft[0].dataLink[15],sentPackets:count,,,1890
Exponential-capacity-3257-20210301-21:50:10-11302,attr,Aerocom.aircraft[0].dataLink[15],sentPackets:count,source,computeSentPackets,
Exponential-capacity-3257-20210301-21:50:10-11302,scalar,Aerocom.aircraft[0].dataLink[15],actualCapacity:mean,,,9516.8206378987
Exponential-capacity-3257-20210301-21:50:10-11302,attr,Aerocom.aircraft[0].dataLink[15],actualCapacity:mean,,,
Exponential-capacity-3257-20210301-21:50:10-11302,attr,Aerocom.aircraft[0].dataLink[15],actualCapacity:mean,source,computeActualCapacity,
Exponential-capacity-3257-20210301-21:50:10-11302,scalar,Aerocom.controlTower,receivedPackets:count,,,19596
Exponential-capacity-3257-20210301-21:50:10-11302,attr,Aerocom.controlTower,receivedPackets:count,source,computeReceivedPackets,
Exponential-capacity-3258-20210301-21:50:10-11302,scalar,Aerocom.aircraft[0].linkSelector,responseTime:mean,,,0.53762657728546
Exponential-capacity-3258-20210301-21:50:10-11302,attr,Aerocom.aircraft[0].linkSelector,responseTime:mean,,,
Exponential-capacity-3258-20210301-21:50:10-11302,attr,Aerocom.aircraft[0].linkSelector,responseTime:mean,source,computeResponseTime,
Exponential-capacity-3258-20210301-21:50:10-11302,scalar,Aerocom.aircraft[0].linkSelector,meanMalus:sum,,,12154
Exponential-capacity-3258-20210301-21:50:10-11302,attr,Aerocom.aircraft[0].linkSelector,meanMalus:sum,,,
Exponential-capacity-3258-20210301-21:50:10-11302,attr,Aerocom.aircraft[0].linkSelector,meanMalus:sum,source,computeMeanMalus,
Exponential-capacity-3258-20210301-21:50:10-11302,scalar,Aerocom.aircraft[0].linkSelector,waitingTime:mean,,,0.53041505427632
Exponential-capacity-3258-20210301-21:50:10-11302,attr,Aerocom.aircraft[0].linkSelector,waitingTime:mean,,,
Exponential-capacity-3258-20210301-21:50:10-11302,attr,Aerocom.aircraft[0].linkSelector,waitingTime:mean,source,computeWaitingTime,
Exponential-capacity-3258-20210301-21:50:10-11302,scalar,Aerocom.aircraft[0].linkSelector,serviceTime:mean,,,0.0071846656557884
Exponential-capacity-3258-20210301-21:50:10-11302,attr,Aerocom.aircraft[0].linkSelector,serviceTime:mean,,,
Exponential-capacity-3258-20210301-21:50:10-11302,attr,Aerocom.aircraft[0].linkSelector,serviceTime:mean,source,computeServiceTime,
Exponential-capacity-3258-20210301-21:50:10-11302,scalar,Aerocom.aircraft[0].linkSelector,queueLength:mean,,,26.765986532327
Exponential-capacity-3258-20210301-21:50:10-11302,attr,Aerocom.aircraft[0].linkSelector,queueLength:mean,,,
Exponential-capacity-3258-20210301-21:50:10-11302,attr,Aerocom.aircraft[0].linkSelector,queueLength:mean,source,computeQueueLength,
Exponential-capacity-3258-20210301-21:50:10-11302,scalar,Aerocom.aircraft[0].dataLink[0],sentPackets:count,,,1663
Exponential-capacity-3258-20210301-21:50:10-11302,attr,Aerocom.aircraft[0].dataLink[0],sentPackets:count,source,computeSentPackets,
Exponential-capacity-3258-20210301-21:50:10-11302,scalar,Aerocom.aircraft[0].dataLink[0],actualCapacity:mean,,,9459.7421332244
Exponential-capacity-3258-20210301-21:50:10-11302,attr,Aerocom.aircraft[0].dataLink[0],actualCapacity:mean,,,
Exponential-capacity-3258-20210301-21:50:10-11302,attr,Aerocom.aircraft[0].dataLink[0],actualCapacity:mean,source,computeActualCapacity,
Exponential-capacity-3258-20210301-21:50:10-11302,scalar,Aerocom.aircraft[0].dataLink[1],sentPackets:count,,,1759
Exponential-capacity-3258-20210301-21:50:10-11302,attr,Aerocom.aircraft[0].dataLink[1],sentPackets:count,source,computeSentPackets,
Exponential-capacity-3258-20210301-21:50:10-11302,scalar,Aerocom.aircraft[0].dataLink[1],actualCapacity:mean,,,9485.4379188017
Exponential-capacity-3258-20210301-21:50:10-11302,attr,Aerocom.aircraft[0].dataLink[1],actualCapacity:mean,,,
Exponential-capacity-3258-20210301-21:50:10-11302,attr,Aerocom.aircraft[0].dataLink[1],actualCapacity:mean,source,computeActualCapacity,
Exponential-capacity-3258-20210301-21:50:10-11302,scalar,Aerocom.aircraft[0].dataLink[2],sentPackets:count,,,967
Exponential-capacity-3258-20210301-21:50:10-11302,attr,Aerocom.aircraft[0].dataLink[2],sentPackets:count,source,computeSentPackets,
Exponential-capacity-3258-20210301-21:50:10-11302,scalar,Aerocom.aircraft[0].dataLink[2],actualCapacity:mean,,,9429.4410755149
Exponential-capacity-3258-20210301-21:50:10-11302,attr,Aerocom.aircraft[0].dataLink[2],actualCapacity:mean,,,
Exponential-capacity-3258-20210301-21:50:10-11302,attr,Aerocom.aircraft[0].dataLink[2],actualCapacity:mean,source,computeActualCapacity,
Exponential-capacity-3258-20210301-21:50:10-11302,scalar,Aerocom.aircraft[0].dataLink[3],sentPackets:count,,,1079
Exponential-capacity-3258-20210301-21:50:10-11302,attr,Aerocom.aircraft[0].dataLink[3],sentPackets:count,source,computeSentPackets,
Exponential-capacity-3258-20210301-21:50:10-11302,scalar,Aerocom.aircraft[0].dataLink[3],actualCapacity:mean,,,9416.2337102854
Exponential-capacity-3258-20210301-21:50:10-11302,attr,Aerocom.aircraft[0].dataLink[3],actualCapacity:mean,,,
Exponential-capacity-3258-20210301-21:50:10-11302,attr,Aerocom.aircraft[0].dataLink[3],actualCapacity:mean,source,computeActualCapacity,
Exponential-capacity-3258-20210301-21:50:10-11302,scalar,Aerocom.aircraft[0].dataLink[4],sentPackets:count,,,1219
Exponential-capacity-3258-20210301-21:50:10-11302,attr,Aerocom.aircraft[0].dataLink[4],sentPackets:count,source,computeSentPackets,
Exponential-capacity-3258-20210301-21:50:10-11302,scalar,Aerocom.aircraft[0].dataLink[4],actualCapacity:mean,,,9468.1574212894
Exponential-capacity-3258-20210301-21:50:10-11302,attr,Aerocom.aircraft[0].dataLink[4],actualCapacity:mean,,,
Exponential-capacity-3258-20210301-21:50:10-11302,attr,Aerocom.aircraft[0].dataLink[4],actualCapacity:mean,source,computeActualCapacity,
Exponential-capacity-3258-20210301-21:50:10-11302,scalar,Aerocom.aircraft[0].dataLink[5],sentPackets:count,,,1045
Exponential-capacity-3258-20210301-21:50:10-11302,attr,Aerocom.aircraft[0].dataLink[5],sentPackets:count,source,computeSentPackets,
Exponential-capacity-3258-20210301-21:50:10-11302,scalar,Aerocom.aircraft[0].dataLink[5],actualCapacity:mean,,,9447.7231359649
Exponential-capacity-3258-20210301-21:50:10-11302,attr,Aerocom.aircraft[0].dataLink[5],actualCapacity:mean,,,
Exponential-capacity-3258-20210301-21:50:10-11302,attr,Aerocom.aircraft[0].dataLink[5],actualCapacity:mean,source,computeActualCapacity,
Exponential-capacity-3258-20210301-21:50:10-11302,scalar,Aerocom.aircraft[0].dataLink[6],sentPackets:count,,,1513
Exponential-capacity-3258-20210301-21:50:10-11302,attr,Aerocom.aircraft[0].dataLink[6],sentPackets:count,source,computeSentPackets,
Exponential-capacity-3258-20210301-21:50:10-11302,scalar,Aerocom.aircraft[0].dataLink[6],actualCapacity:mean,,,9527.6737991266
Exponential-capacity-3258-20210301-21:50:10-11302,attr,Aerocom.aircraft[0].dataLink[6],actualCapacity:mean,,,
Exponential-capacity-3258-20210301-21:50:10-11302,attr,Aerocom.aircraft[0].dataLink[6],actualCapacity:mean,source,computeActualCapacity,
Exponential-capacity-3258-20210301-21:50:10-11302,scalar,Aerocom.aircraft[0].dataLink[7],sentPackets:count,,,1317
Exponential-capacity-3258-20210301-21:50:10-11302,attr,Aerocom.aircraft[0].dataLink[7],sentPackets:count,source,computeSentPackets,
Exponential-capacity-3258-20210301-21:50:10-11302,scalar,Aerocom.aircraft[0].dataLink[7],actualCapacity:mean,,,9500.618729097
Exponential-capacity-3258-20210301-21:50:10-11302,attr,Aerocom.aircraft[0].dataLink[7],actualCapacity:mean,,,
Exponential-capacity-3258-20210301-21:50:10-11302,attr,Aerocom.aircraft[0].dataLink[7],actualCapacity:mean,source,computeActualCapacity,
Exponential-capacity-3258-20210301-21:50:10-11302,scalar,Aerocom.aircraft[0].dataLink[8],sentPackets:count,,,1812
Exponential-capacity-3258-20210301-21:50:10-11302,attr,Aerocom.aircraft[0].dataLink[8],sentPackets:count,source,computeSentPackets,
Exponential-capacity-3258-20210301-21:50:10-11302,scalar,Aerocom.aircraft[0].dataLink[8],actualCapacity:mean,,,9541.6614082339
Exponential-capacity-3258-20210301-21:50:10-11302,attr,Aerocom.aircraft[0].dataLink[8],actualCapacity:mean,,,
Exponential-capacity-3258-20210301-21:50:10-11302,attr,Aerocom.aircraft[0].dataLink[8],actualCapacity:mean,source,computeActualCapacity,
Exponential-capacity-3258-20210301-21:50:10-11302,scalar,Aerocom.aircraft[0].dataLink[9],sentPackets:count,,,702
Exponential-capacity-3258-20210301-21:50:10-11302,attr,Aerocom.aircraft[0].dataLink[9],sentPackets:count,source,computeSentPackets,
Exponential-capacity-3258-20210301-21:50:10-11302,scalar,Aerocom.aircraft[0].dataLink[9],actualCapacity:mean,,,9268.446320054
Exponential-capacity-3258-20210301-21:50:10-11302,attr,Aerocom.aircraft[0].dataLink[9],actualCapacity:mean,,,
Exponential-capacity-3258-20210301-21:50:10-11302,attr,Aerocom.aircraft[0].dataLink[9],actualCapacity:mean,source,computeActualCapacity,
Exponential-capacity-3258-20210301-21:50:10-11302,scalar,Aerocom.aircraft[0].dataLink[10],sentPackets:count,,,1887
Exponential-capacity-3258-20210301-21:50:10-11302,attr,Aerocom.aircraft[0].dataLink[10],sentPackets:count,source,computeSentPackets,
Exponential-capacity-3258-20210301-21:50:10-11302,scalar,Aerocom.aircraft[0].dataLink[10],actualCapacity:mean,,,9578.5473328325
Exponential-capacity-3258-20210301-21:50:10-11302,attr,Aerocom.aircraft[0].dataLink[10],actualCapacity:mean,,,
Exponential-capacity-3258-20210301-21:50:10-11302,attr,Aerocom.aircraft[0].dataLink[10],actualCapacity:mean,source,computeActualCapacity,
Exponential-capacity-3258-20210301-21:50:10-11302,scalar,Aerocom.aircraft[0].dataLink[11],sentPackets:count,,,917
Exponential-capacity-3258-20210301-21:50:10-11302,attr,Aerocom.aircraft[0].dataLink[11],sentPackets:count,source,computeSentPackets,
Exponential-capacity-3258-20210301-21:50:10-11302,scalar,Aerocom.aircraft[0].dataLink[11],actualCapacity:mean,,,9405.0475631239
Exponential-capacity-3258-20210301-21:50:10-11302,attr,Aerocom.aircraft[0].dataLink[11],actualCapacity:mean,,,
Exponential-capacity-3258-20210301-21:50:10-11302,attr,Aerocom.aircraft[0].dataLink[11],actualCapacity:mean,source,computeActualCapacity,
Exponential-capacity-3258-20210301-21:50:10-11302,scalar,Aerocom.aircraft[0].dataLink[12],sentPackets:count,,,1452
Exponential-capacity-3258-20210301-21:50:10-11302,attr,Aerocom.aircraft[0].dataLink[12],sentPackets:count,source,computeSentPackets,
Exponential-capacity-3258-20210301-21:50:10-11302,scalar,Aerocom.aircraft[0].dataLink[12],actualCapacity:mean,,,9483.3967828418
Exponential-capacity-3258-20210301-21:50:10-11302,attr,Aerocom.aircraft[0].dataLink[12],actualCapacity:mean,,,
Exponential-capacity-3258-20210301-21:50:10-11302,attr,Aerocom.aircraft[0].dataLink[12],actualCapacity:mean,source,computeActualCapacity,
Exponential-capacity-3258-20210301-21:50:10-11302,scalar,Aerocom.aircraft[0].dataLink[13],sentPackets:count,,,1544
Exponential-capacity-3258-20210301-21:50:10-11302,attr,Aerocom.aircraft[0].dataLink[13],sentPackets:count,source,computeSentPackets,
Exponential-capacity-3258-20210301-21:50:10-11302,scalar,Aerocom.aircraft[0].dataLink[13],actualCapacity:mean,,,9494.9892749893
Exponential-capacity-3258-20210301-21:50:10-11302,attr,Aerocom.aircraft[0].dataLink[13],actualCapacity:mean,,,
Exponential-capacity-3258-20210301-21:50:10-11302,attr,Aerocom.aircraft[0].dataLink[13],actualCapacity:mean,source,computeActualCapacity,
Exponential-capacity-3258-20210301-21:50:10-11302,scalar,Aerocom.aircraft[0].dataLink[14],sentPackets:count,,,564
Exponential-capacity-3258-20210301-21:50:10-11302,attr,Aerocom.aircraft[0].dataLink[14],sentPackets:count,source,computeSentPackets,
Exponential-capacity-3258-20210301-21:50:10-11302,scalar,Aerocom.aircraft[0].dataLink[14],actualCapacity:mean,,,9263.4556962025
Exponential-capacity-3258-20210301-21:50:10-11302,attr,Aerocom.aircraft[0].dataLink[14],actualCapacity:mean,,,
Exponential-capacity-3258-20210301-21:50:10-11302,attr,Aerocom.aircraft[0].dataLink[14],actualCapacity:mean,source,computeActualCapacity,
Exponential-capacity-3258-20210301-21:50:10-11302,scalar,Aerocom.aircraft[0].dataLink[15],sentPackets:count,,,310
Exponential-capacity-3258-20210301-21:50:10-11302,attr,Aerocom.aircraft[0].dataLink[15],sentPackets:count,source,computeSentPackets,
Exponential-capacity-3258-20210301-21:50:10-11302,scalar,Aerocom.aircraft[0].dataLink[15],actualCapacity:mean,,,9156.9350411711
Exponential-capacity-3258-20210301-21:50:10-11302,attr,Aerocom.aircraft[0].dataLink[15],actualCapacity:mean,,,
Exponential-capacity-3258-20210301-21:50:10-11302,attr,Aerocom.aircraft[0].dataLink[15],actualCapacity:mean,source,computeActualCapacity,
Exponential-capacity-3258-20210301-21:50:10-11302,scalar,Aerocom.controlTower,receivedPackets:count,,,19750
Exponential-capacity-3258-20210301-21:50:10-11302,attr,Aerocom.controlTower,receivedPackets:count,source,computeReceivedPackets,
Exponential-capacity-3259-20210301-21:50:10-11302,scalar,Aerocom.aircraft[0].linkSelector,responseTime:mean,,,0.57172985950253
Exponential-capacity-3259-20210301-21:50:10-11302,attr,Aerocom.aircraft[0].linkSelector,responseTime:mean,,,
Exponential-capacity-3259-20210301-21:50:10-11302,attr,Aerocom.aircraft[0].linkSelector,responseTime:mean,source,computeResponseTime,
Exponential-capacity-3259-20210301-21:50:10-11302,scalar,Aerocom.aircraft[0].linkSelector,meanMalus:sum,,,12668
Exponential-capacity-3259-20210301-21:50:10-11302,attr,Aerocom.aircraft[0].linkSelector,meanMalus:sum,,,
Exponential-capacity-3259-20210301-21:50:10-11302,attr,Aerocom.aircraft[0].linkSelector,meanMalus:sum,source,computeMeanMalus,
Exponential-capacity-3259-20210301-21:50:10-11302,scalar,Aerocom.aircraft[0].linkSelector,waitingTime:mean,,,0.56453260149467
Exponential-capacity-3259-20210301-21:50:10-11302,attr,Aerocom.aircraft[0].linkSelector,waitingTime:mean,,,
Exponential-capacity-3259-20210301-21:50:10-11302,attr,Aerocom.aircraft[0].linkSelector,waitingTime:mean,source,computeWaitingTime,
Exponential-capacity-3259-20210301-21:50:10-11302,scalar,Aerocom.aircraft[0].linkSelector,serviceTime:mean,,,0.0071936893558133
Exponential-capacity-3259-20210301-21:50:10-11302,attr,Aerocom.aircraft[0].linkSelector,serviceTime:mean,,,
Exponential-capacity-3259-20210301-21:50:10-11302,attr,Aerocom.aircraft[0].linkSelector,serviceTime:mean,source,computeServiceTime,
Exponential-capacity-3259-20210301-21:50:10-11302,scalar,Aerocom.aircraft[0].linkSelector,queueLength:mean,,,28.271017413321
Exponential-capacity-3259-20210301-21:50:10-11302,attr,Aerocom.aircraft[0].linkSelector,queueLength:mean,,,
Exponential-capacity-3259-20210301-21:50:10-11302,attr,Aerocom.aircraft[0].linkSelector,queueLength:mean,source,computeQueueLength,
Exponential-capacity-3259-20210301-21:50:10-11302,scalar,Aerocom.aircraft[0].dataLink[0],sentPackets:count,,,1208
Exponential-capacity-3259-20210301-21:50:10-11302,attr,Aerocom.aircraft[0].dataLink[0],sentPackets:count,source,computeSentPackets,
Exponential-capacity-3259-20210301-21:50:10-11302,scalar,Aerocom.aircraft[0].dataLink[0],actualCapacity:mean,,,9464.1100502513
Exponential-capacity-3259-20210301-21:50:10-11302,attr,Aerocom.aircraft[0].dataLink[0],actualCapacity:mean,,,
Exponential-capacity-3259-20210301-21:50:10-11302,attr,Aerocom.aircraft[0].dataLink[0],actualCapacity:mean,source,computeActualCapacity,
Exponential-capacity-3259-20210301-21:50:10-11302,scalar,Aerocom.aircraft[0].dataLink[1],sentPackets:count,,,927
Exponential-capacity-3259-20210301-21:50:10-11302,attr,Aerocom.aircraft[0].dataLink[1],sentPackets:count,source,computeSentPackets,
Exponential-capacity-3259-20210301-21:50:10-11302,scalar,Aerocom.aircraft[0].dataLink[1],actualCapacity:mean,,,9382.6822429907
Exponential-capacity-3259-20210301-21:50:10-11302,attr,Aerocom.aircraft[0].dataLink[1],actualCapacity:mean,,,
Exponential-capacity-3259-20210301-21:50:10-11302,attr,Aerocom.aircraft[0].dataLink[1],actualCapacity:mean,source,computeActualCapacity,
Exponential-capacity-3259-20210301-21:50:10-11302,scalar,Aerocom.aircraft[0].dataLink[2],sentPackets:count,,,1076
Exponential-capacity-3259-20210301-21:50:10-11302,attr,Aerocom.aircraft[0].dataLink[2],sentPackets:count,source,computeSentPackets,
Exponential-capacity-3259-20210301-21:50:10-11302,scalar,Aerocom.aircraft[0].dataLink[2],actualCapacity:mean,,,9407.4786832164
Exponential-capacity-3259-20210301-21:50:10-11302,attr,Aerocom.aircraft[0].dataLink[2],actualCapacity:mean,,,
Exponential-capacity-3259-20210301-21:50:10-11302,attr,Aerocom.aircraft[0].dataLink[2],actualCapacity:mean,source,computeActualCapacity,
Exponential-capacity-3259-20210301-21:50:10-11302,scalar,Aerocom.aircraft[0].dataLink[3],sentPackets:count,,,755
Exponential-capacity-3259-20210301-21:50:10-11302,attr,Aerocom.aircraft[0].dataLink[3],sentPackets:count,source,computeSentPackets,
Exponential-capacity-3259-20210301-21:50:10-11302,scalar,Aerocom.aircraft[0].dataLink[3],actualCapacity:mean,,,9270.0136807818
Exponential-capacity-3259-20210301-21:50:10-11302,attr,Aerocom.aircraft[0].dataLink[3],actualCapacity:mean,,,
Exponential-capacity-3259-20210301-21:50:10-11302,attr,Aerocom.aircraft[0].dataLink[3],actualCapacity:mean,source,computeActualCapacity,
Exponential-capacity-3259-20210301-21:50:10-11302,scalar,Aerocom.aircraft[0].dataLink[4],sentPackets:count,,,1016
Exponential-capacity-3259-20210301-21:50:10-11302,attr,Aerocom.aircraft[0].dataLink[4],sentPackets:count,source,computeSentPackets,
Exponential-capacity-3259-20210301-21:50:10-11302,scalar,Aerocom.aircraft[0].dataLink[4],actualCapacity:mean,,,9402.4585420145
Exponential-capacity-3259-20210301-21:50:10-11302,attr,Aerocom.aircraft[0].dataLink[4],actualCapacity:mean,,,
Exponential-capacity-3259-20210301-21:50:10-11302,attr,Aerocom.aircraft[0].dataLink[4],actualCapacity:mean,source,computeActualCapacity,
Exponential-capacity-3259-20210301-21:50:10-11302,scalar,Aerocom.aircraft[0].dataLink[5],sentPackets:count,,,1673
Exponential-capacity-3259-20210301-21:50:10-11302,attr,Aerocom.aircraft[0].dataLink[5],sentPackets:count,source,computeSentPackets,
Exponential-capacity-3259-20210301-21:50:10-11302,scalar,Aerocom.aircraft[0].dataLink[5],actualCapacity:mean,,,9476.3169243287
Exponential-capacity-3259-20210301-21:50:10-11302,attr,Aerocom.aircraft[0].dataLink[5],actualCapacity:mean,,,
Exponential-capacity-3259-20210301-21:50:10-11302,attr,Aerocom.aircraft[0].dataLink[5],actualCapacity:mean,source,computeActualCapacity,
Exponential-capacity-3259-20210301-21:50:10-11302,scalar,Aerocom.aircraft[0].dataLink[6],sentPackets:count,,,1204
Exponential-capacity-3259-20210301-21:50:10-11302,attr,Aerocom.aircraft[0].dataLink[6],sentPackets:count,source,computeSentPackets,
Exponential-capacity-3259-20210301-21:50:10-11302,scalar,Aerocom.aircraft[0].dataLink[6],actualCapacity:mean,,,9456.9448938322
Exponential-capacity-3259-20210301-21:50:10-11302,attr,Aerocom.aircraft[0].dataLink[6],actualCapacity:mean,,,
Exponential-capacity-3259-20210301-21:50:10-11302,attr,Aerocom.aircraft[0].dataLink[6],actualCapacity:mean,source,computeActualCapacity,
Exponential-capacity-3259-20210301-21:50:10-11302,scalar,Aerocom.aircraft[0].dataLink[7],sentPackets:count,,,1611
Exponential-capacity-3259-20210301-21:50:10-11302,attr,Aerocom.aircraft[0].dataLink[7],sentPackets:count,source,computeSentPackets,
Exponential-capacity-3259-20210301-21:50:10-11302,scalar,Aerocom.aircraft[0].dataLink[7],actualCapacity:mean,,,9505.61676397
Exponential-capacity-3259-20210301-21:50:10-11302,attr,Aerocom.aircraft[0].dataLink[7],actualCapacity:mean,,,
Exponential-capacity-3259-20210301-21:50:10-11302,attr,Aerocom.aircraft[0].dataLink[7],actualCapacity:mean,source,computeActualCapacity,
Exponential-capacity-3259-20210301-21:50:10-11302,scalar,Aerocom.aircraft[0].dataLink[8],sentPackets:count,,,953
Exponential-capacity-3259-20210301-21:50:10-11302,attr,Aerocom.aircraft[0].dataLink[8],sentPackets:count,source,computeSentPackets,
Exponential-capacity-3259-20210301-21:50:10-11302,scalar,Aerocom.aircraft[0].dataLink[8],actualCapacity:mean,,,9430.5405872193
Exponential-capacity-3259-20210301-21:50:10-11302,attr,Aerocom.aircraft[0].dataLink[8],actualCapacity:mean,,,
Exponential-capacity-3259-20210301-21:50:10-11302,attr,Aerocom.aircraft[0].dataLink[8],actualCapacity:mean,source,computeActualCapacity,
Exponential-capacity-3259-20210301-21:50:10-11302,scalar,Aerocom.aircraft[0].dataLink[9],sentPackets:count,,,1302
Exponential-capacity-3259-20210301-21:50:10-11302,attr,Aerocom.aircraft[0].dataLink[9],sentPackets:count,source,computeSentPackets,
Exponential-capacity-3259-20210301-21:50:10-11302,scalar,Aerocom.aircraft[0].dataLink[9],actualCapacity:mean,,,9521.3374880153
Exponential-capacity-3259-20210301-21:50:10-11302,attr,Aerocom.aircraft[0].dataLink[9],actualCapacity:mean,,,
Exponential-capacity-3259-20210301-21:50:10-11302,attr,Aerocom.aircraft[0].dataLink[9],actualCapacity:mean,source,computeActualCapacity,
Exponential-capacity-3259-20210301-21:50:10-11302,scalar,Aerocom.aircraft[0].dataLink[10],sentPackets:count,,,1261
Exponential-capacity-3259-20210301-21:50:10-11302,attr,Aerocom.aircraft[0].dataLink[10],sentPackets:count,source,computeSentPackets,
Exponential-capacity-3259-20210301-21:50:10-11302,scalar,Aerocom.aircraft[0].dataLink[10],actualCapacity:mean,,,9461.1667484061
Exponential-capacity-3259-20210301-21:50:10-11302,attr,Aerocom.aircraft[0].dataLink[10],actualCapacity:mean,,,
Exponential-capacity-3259-20210301-21:50:10-11302,attr,Aerocom.aircraft[0].dataLink[10],actualCapacity:mean,source,computeActualCapacity,
Exponential-capacity-3259-20210301-21:50:10-11302,scalar,Aerocom.aircraft[0].dataLink[11],sentPackets:count,,,1074
Exponential-capacity-3259-20210301-21:50:10-11302,attr,Aerocom.aircraft[0].dataLink[11],sentPackets:count,source,computeSentPackets,
Exponential-capacity-3259-20210301-21:50:10-11302,scalar,Aerocom.aircraft[0].dataLink[11],actualCapacity:mean,,,9438.6668466523
Exponential-capacity-3259-20210301-21:50:10-11302,attr,Aerocom.aircraft[0].dataLink[11],actualCapacity:mean,,,
Exponential-capacity-3259-20210301-21:50:10-11302,attr,Aerocom.aircraft[0].dataLink[11],actualCapacity:mean,source,computeActualCapacity,
Exponential-capacity-3259-20210301-21:50:10-11302,scalar,Aerocom.aircraft[0].dataLink[12],sentPackets:count,,,1086
Exponential-capacity-3259-20210301-21:50:10-11302,attr,Aerocom.aircraft[0].dataLink[12],sentPackets:count,source,computeSentPackets,
Exponential-capacity-3259-20210301-21:50:10-11302,scalar,Aerocom.aircraft[0].dataLink[12],actualCapacity:mean,,,9417.7706323687
Exponential-capacity-3259-20210301-21:50:10-11302,attr,Aerocom.aircraft[0].dataLink[12],actualCapacity:mean,,,
Exponential-capacity-3259-20210301-21:50:10-11302,attr,Aerocom.aircraft[0].dataLink[12],actualCapacity:mean,source,computeActualCapacity,
Exponential-capacity-3259-20210301-21:50:10-11302,scalar,Aerocom.aircraft[0].dataLink[13],sentPackets:count,,,621
Exponential-capacity-3259-20210301-21:50:10-11302,attr,Aerocom.aircraft[0].dataLink[13],sentPackets:count,source,computeSentPackets,
Exponential-capacity-3259-20210301-21:50:10-11302,scalar,Aerocom.aircraft[0].dataLink[13],actualCapacity:mean,,,9315.8993576017
Exponential-capacity-3259-20210301-21:50:10-11302,attr,Aerocom.aircraft[0].dataLink[13],actualCapacity:mean,,,
Exponential-capacity-3259-20210301-21:50:10-11302,attr,Aerocom.aircraft[0].dataLink[13],actualCapacity:mean,source,computeActualCapacity,
Exponential-capacity-3259-20210301-21:50:10-11302,scalar,Aerocom.aircraft[0].dataLink[14],sentPackets:count,,,1657
Exponential-capacity-3259-20210301-21:50:10-11302,attr,Aerocom.aircraft[0].dataLink[14],sentPackets:count,source,computeSentPackets,
Exponential-capacity-3259-20210301-21:50:10-11302,scalar,Aerocom.aircraft[0].dataLink[14],actualCapacity:mean,,,9549.896029472
Exponential-capacity-3259-20210301-21:50:10-11302,attr,Aerocom.aircraft[0].dataLink[14],actualCapacity:mean,,,
Exponential-capacity-3259-20210301-21:50:10-11302,attr,Aerocom.aircraft[0].dataLink[14],actualCapacity:mean,source,computeActualCapacity,
Exponential-capacity-3259-20210301-21:50:10-11302,scalar,Aerocom.aircraft[0].dataLink[15],sentPackets:count,,,1928
Exponential-capacity-3259-20210301-21:50:10-11302,attr,Aerocom.aircraft[0].dataLink[15],sentPackets:count,source,computeSentPackets,
Exponential-capacity-3259-20210301-21:50:10-11302,scalar,Aerocom.aircraft[0].dataLink[15],actualCapacity:mean,,,9541.4696745562
Exponential-capacity-3259-20210301-21:50:10-11302,attr,Aerocom.aircraft[0].dataLink[15],actualCapacity:mean,,,
Exponential-capacity-3259-20210301-21:50:10-11302,attr,Aerocom.aircraft[0].dataLink[15],actualCapacity:mean,source,computeActualCapacity,
Exponential-capacity-3259-20210301-21:50:10-11302,scalar,Aerocom.controlTower,receivedPackets:count,,,19352
Exponential-capacity-3259-20210301-21:50:10-11302,attr,Aerocom.controlTower,receivedPackets:count,source,computeReceivedPackets,
Exponential-capacity-3206-20210301-21:50:10-11267,scalar,Aerocom.aircraft[0].linkSelector,responseTime:mean,,,0.5960826326502
Exponential-capacity-3206-20210301-21:50:10-11267,attr,Aerocom.aircraft[0].linkSelector,responseTime:mean,,,
Exponential-capacity-3206-20210301-21:50:10-11267,attr,Aerocom.aircraft[0].linkSelector,responseTime:mean,source,computeResponseTime,
Exponential-capacity-3206-20210301-21:50:10-11267,scalar,Aerocom.aircraft[0].linkSelector,meanMalus:sum,,,14236
Exponential-capacity-3206-20210301-21:50:10-11267,attr,Aerocom.aircraft[0].linkSelector,meanMalus:sum,,,
Exponential-capacity-3206-20210301-21:50:10-11267,attr,Aerocom.aircraft[0].linkSelector,meanMalus:sum,source,computeMeanMalus,
Exponential-capacity-3206-20210301-21:50:10-11267,scalar,Aerocom.aircraft[0].linkSelector,waitingTime:mean,,,0.58889405436366
Exponential-capacity-3206-20210301-21:50:10-11267,attr,Aerocom.aircraft[0].linkSelector,waitingTime:mean,,,
Exponential-capacity-3206-20210301-21:50:10-11267,attr,Aerocom.aircraft[0].linkSelector,waitingTime:mean,source,computeWaitingTime,
Exponential-capacity-3206-20210301-21:50:10-11267,scalar,Aerocom.aircraft[0].linkSelector,serviceTime:mean,,,0.0071885782865645
Exponential-capacity-3206-20210301-21:50:10-11267,attr,Aerocom.aircraft[0].linkSelector,serviceTime:mean,,,
Exponential-capacity-3206-20210301-21:50:10-11267,attr,Aerocom.aircraft[0].linkSelector,serviceTime:mean,source,computeServiceTime,
Exponential-capacity-3206-20210301-21:50:10-11267,scalar,Aerocom.aircraft[0].linkSelector,queueLength:mean,,,30.108589297423
Exponential-capacity-3206-20210301-21:50:10-11267,attr,Aerocom.aircraft[0].linkSelector,queueLength:mean,,,
Exponential-capacity-3206-20210301-21:50:10-11267,attr,Aerocom.aircraft[0].linkSelector,queueLength:mean,source,computeQueueLength,
Exponential-capacity-3206-20210301-21:50:10-11267,scalar,Aerocom.aircraft[0].dataLink[0],sentPackets:count,,,1548
Exponential-capacity-3206-20210301-21:50:10-11267,attr,Aerocom.aircraft[0].dataLink[0],sentPackets:count,source,computeSentPackets,
Exponential-capacity-3206-20210301-21:50:10-11267,scalar,Aerocom.aircraft[0].dataLink[0],actualCapacity:mean,,,9468.5683083512
Exponential-capacity-3206-20210301-21:50:10-11267,attr,Aerocom.aircraft[0].dataLink[0],actualCapacity:mean,,,
Exponential-capacity-3206-20210301-21:50:10-11267,attr,Aerocom.aircraft[0].dataLink[0],actualCapacity:mean,source,computeActualCapacity,
Exponential-capacity-3206-20210301-21:50:10-11267,scalar,Aerocom.aircraft[0].dataLink[1],sentPackets:count,,,778
Exponential-capacity-3206-20210301-21:50:10-11267,attr,Aerocom.aircraft[0].dataLink[1],sentPackets:count,source,computeSentPackets,
Exponential-capacity-3206-20210301-21:50:10-11267,scalar,Aerocom.aircraft[0].dataLink[1],actualCapacity:mean,,,9374.4637122672
Exponential-capacity-3206-20210301-21:50:10-11267,attr,Aerocom.aircraft[0].dataLink[1],actualCapacity:mean,,,
Exponential-capacity-3206-20210301-21:50:10-11267,attr,Aerocom.aircraft[0].dataLink[1],actualCapacity:mean,source,computeActualCapacity,
Exponential-capacity-3206-20210301-21:50:10-11267,scalar,Aerocom.aircraft[0].dataLink[2],sentPackets:count,,,707
Exponential-capacity-3206-20210301-21:50:10-11267,attr,Aerocom.aircraft[0].dataLink[2],sentPackets:count,source,computeSentPackets,
Exponential-capacity-3206-20210301-21:50:10-11267,scalar,Aerocom.aircraft[0].dataLink[2],actualCapacity:mean,,,9315.7646267653
Exponential-capacity-3206-20210301-21:50:10-11267,attr,Aerocom.aircraft[0].dataLink[2],actualCapacity:mean,,,
Exponential-capacity-3206-20210301-21:50:10-11267,attr,Aerocom.aircraft[0].dataLink[2],actualCapacity:mean,source,computeActualCapacity,
Exponential-capacity-3206-20210301-21:50:10-11267,scalar,Aerocom.aircraft[0].dataLink[3],sentPackets:count,,,1505
Exponential-capacity-3206-20210301-21:50:10-11267,attr,Aerocom.aircraft[0].dataLink[3],sentPackets:count,source,computeSentPackets,
Exponential-capacity-3206-20210301-21:50:10-11267,scalar,Aerocom.aircraft[0].dataLink[3],actualCapacity:mean,,,9481.2161332749
Exponential-capacity-3206-20210301-21:50:10-11267,attr,Aerocom.aircraft[0].dataLink[3],actualCapacity:mean,,,
Exponential-capacity-3206-20210301-21:50:10-11267,attr,Aerocom.aircraft[0].dataLink[3],actualCapacity:mean,source,computeActualCapacity,
Exponential-capacity-3206-20210301-21:50:10-11267,scalar,Aerocom.aircraft[0].dataLink[4],sentPackets:count,,,1214
Exponential-capacity-3206-20210301-21:50:10-11267,attr,Aerocom.aircraft[0].dataLink[4],sentPackets:count,source,computeSentPackets,
Exponential-capacity-3206-20210301-21:50:10-11267,scalar,Aerocom.aircraft[0].dataLink[4],actualCapacity:mean,,,9502.6847117794
Exponential-capacity-3206-20210301-21:50:10-11267,attr,Aerocom.aircraft[0].dataLink[4],actualCapacity:mean,,,
Exponential-capacity-3206-20210301-21:50:10-11267,attr,Aerocom.aircraft[0].dataLink[4],actualCapacity:mean,source,computeActualCapacity,
Exponential-capacity-3206-20210301-21:50:10-11267,scalar,Aerocom.aircraft[0].dataLink[5],sentPackets:count,,,728
Exponential-capacity-3206-20210301-21:50:10-11267,attr,Aerocom.aircraft[0].dataLink[5],sentPackets:count,source,computeSentPackets,
Exponential-capacity-3206-20210301-21:50:10-11267,scalar,Aerocom.aircraft[0].dataLink[5],actualCapacity:mean,,,9332.0423560556
Exponential-capacity-3206-20210301-21:50:10-11267,attr,Aerocom.aircraft[0].dataLink[5],actualCapacity:mean,,,
Exponential-capacity-3206-20210301-21:50:10-11267,attr,Aerocom.aircraft[0].dataLink[5],actualCapacity:mean,source,computeActualCapacity,
Exponential-capacity-3206-20210301-21:50:10-11267,scalar,Aerocom.aircraft[0].dataLink[6],sentPackets:count,,,1086
Exponential-capacity-3206-20210301-21:50:10-11267,attr,Aerocom.aircraft[0].dataLink[6],sentPackets:count,source,computeSentPackets,
Exponential-capacity-3206-20210301-21:50:10-11267,scalar,Aerocom.aircraft[0].dataLink[6],actualCapacity:mean,,,9430.0551096843
Exponential-capacity-3206-20210301-21:50:10-11267,attr,Aerocom.aircraft[0].dataLink[6],actualCapacity:mean,,,
Exponential-capacity-3206-20210301-21:50:10-11267,attr,Aerocom.aircraft[0].dataLink[6],actualCapacity:mean,source,computeActualCapacity,
Exponential-capacity-3206-20210301-21:50:10-11267,scalar,Aerocom.aircraft[0].dataLink[7],sentPackets:count,,,1602
Exponential-capacity-3206-20210301-21:50:10-11267,attr,Aerocom.aircraft[0].dataLink[7],sentPackets:count,source,computeSentPackets,
Exponential-capacity-3206-20210301-21:50:10-11267,scalar,Aerocom.aircraft[0].dataLink[7],actualCapacity:mean,,,9488.1150293871
Exponential-capacity-3206-20210301-21:50:10-11267,attr,Aerocom.aircraft[0].dataLink[7],actualCapacity:mean,,,
Exponential-capacity-3206-20210301-21:50:10-11267,attr,Aerocom.aircraft[0].dataLink[7],actualCapacity:mean,source,computeActualCapacity,
Exponential-capacity-3206-20210301-21:50:10-11267,scalar,Aerocom.aircraft[0].dataLink[8],sentPackets:count,,,838
Exponential-capacity-3206-20210301-21:50:10-11267,attr,Aerocom.aircraft[0].dataLink[8],sentPackets:count,source,computeSentPackets,
Exponential-capacity-3206-20210301-21:50:10-11267,scalar,Aerocom.aircraft[0].dataLink[8],actualCapacity:mean,,,9381.2039555006
Exponential-capacity-3206-20210301-21:50:10-11267,attr,Aerocom.aircraft[0].dataLink[8],actualCapacity:mean,,,
Exponential-capacity-3206-20210301-21:50:10-11267,attr,Aerocom.aircraft[0].dataLink[8],actualCapacity:mean,source,computeActualCapacity,
Exponential-capacity-3206-20210301-21:50:10-11267,scalar,Aerocom.aircraft[0].dataLink[9],sentPackets:count,,,2320
Exponential-capacity-3206-20210301-21:50:10-11267,attr,Aerocom.aircraft[0].dataLink[9],sentPackets:count,source,computeSentPackets,
Exponential-capacity-3206-20210301-21:50:10-11267,scalar,Aerocom.aircraft[0].dataLink[9],actualCapacity:mean,,,9583.260547504
Exponential-capacity-3206-20210301-21:50:10-11267,attr,Aerocom.aircraft[0].dataLink[9],actualCapacity:mean,,,
Exponential-capacity-3206-20210301-21:50:10-11267,attr,Aerocom.aircraft[0].dataLink[9],actualCapacity:mean,source,computeActualCapacity,
Exponential-capacity-3206-20210301-21:50:10-11267,scalar,Aerocom.aircraft[0].dataLink[10],sentPackets:count,,,932
Exponential-capacity-3206-20210301-21:50:10-11267,attr,Aerocom.aircraft[0].dataLink[10],sentPackets:count,source,computeSentPackets,
Exponential-capacity-3206-20210301-21:50:10-11267,scalar,Aerocom.aircraft[0].dataLink[10],actualCapacity:mean,,,9380.4967967385
Exponential-capacity-3206-20210301-21:50:10-11267,attr,Aerocom.aircraft[0].dataLink[10],actualCapacity:mean,,,
Exponential-capacity-3206-20210301-21:50:10-11267,attr,Aerocom.aircraft[0].dataLink[10],actualCapacity:mean,source,computeActualCapacity,
Exponential-capacity-3206-20210301-21:50:10-11267,scalar,Aerocom.aircraft[0].dataLink[11],sentPackets:count,,,1394
Exponential-capacity-3206-20210301-21:50:10-11267,attr,Aerocom.aircraft[0].dataLink[11],sentPackets:count,source,computeSentPackets,
Exponential-capacity-3206-20210301-21:50:10-11267,scalar,Aerocom.aircraft[0].dataLink[11],actualCapacity:mean,,,9442.8525345622
Exponential-capacity-3206-20210301-21:50:10-11267,attr,Aerocom.aircraft[0].dataLink[11],actualCapacity:mean,,,
Exponential-capacity-3206-20210301-21:50:10-11267,attr,Aerocom.aircraft[0].dataLink[11],actualCapacity:mean,source,computeActualCapacity,
Exponential-capacity-3206-20210301-21:50:10-11267,scalar,Aerocom.aircraft[0].dataLink[12],sentPackets:count,,,1436
Exponential-capacity-3206-20210301-21:50:10-11267,attr,Aerocom.aircraft[0].dataLink[12],sentPackets:count,source,computeSentPackets,
Exponential-capacity-3206-20210301-21:50:10-11267,scalar,Aerocom.aircraft[0].dataLink[12],actualCapacity:mean,,,9461.6190261497
Exponential-capacity-3206-20210301-21:50:10-11267,attr,Aerocom.aircraft[0].dataLink[12],actualCapacity:mean,,,
Exponential-capacity-3206-20210301-21:50:10-11267,attr,Aerocom.aircraft[0].dataLink[12],actualCapacity:mean,source,computeActualCapacity,
Exponential-capacity-3206-20210301-21:50:10-11267,scalar,Aerocom.aircraft[0].dataLink[13],sentPackets:count,,,1034
Exponential-capacity-3206-20210301-21:50:10-11267,attr,Aerocom.aircraft[0].dataLink[13],sentPackets:count,source,computeSentPackets,
Exponential-capacity-3206-20210301-21:50:10-11267,scalar,Aerocom.aircraft[0].dataLink[13],actualCapacity:mean,,,9454.6256212038
Exponential-capacity-3206-20210301-21:50:10-11267,attr,Aerocom.aircraft[0].dataLink[13],actualCapacity:mean,,,
Exponential-capacity-3206-20210301-21:50:10-11267,attr,Aerocom.aircraft[0].dataLink[13],actualCapacity:mean,source,computeActualCapacity,
Exponential-capacity-3206-20210301-21:50:10-11267,scalar,Aerocom.aircraft[0].dataLink[14],sentPackets:count,,,1455
Exponential-capacity-3206-20210301-21:50:10-11267,attr,Aerocom.aircraft[0].dataLink[14],sentPackets:count,source,computeSentPackets,
Exponential-capacity-3206-20210301-21:50:10-11267,scalar,Aerocom.aircraft[0].dataLink[14],actualCapacity:mean,,,9528.315270936
Exponential-capacity-3206-20210301-21:50:10-11267,attr,Aerocom.aircraft[0].dataLink[14],actualCapacity:mean,,,
Exponential-capacity-3206-20210301-21:50:10-11267,attr,Aerocom.aircraft[0].dataLink[14],actualCapacity:mean,source,computeActualCapacity,
Exponential-capacity-3206-20210301-21:50:10-11267,scalar,Aerocom.aircraft[0].dataLink[15],sentPackets:count,,,1250
Exponential-capacity-3206-20210301-21:50:10-11267,attr,Aerocom.aircraft[0].dataLink[15],sentPackets:count,source,computeSentPackets,
Exponential-capacity-3206-20210301-21:50:10-11267,scalar,Aerocom.aircraft[0].dataLink[15],actualCapacity:mean,,,9473.5019665683
Exponential-capacity-3206-20210301-21:50:10-11267,attr,Aerocom.aircraft[0].dataLink[15],actualCapacity:mean,,,
Exponential-capacity-3206-20210301-21:50:10-11267,attr,Aerocom.aircraft[0].dataLink[15],actualCapacity:mean,source,computeActualCapacity,
Exponential-capacity-3206-20210301-21:50:10-11267,scalar,Aerocom.controlTower,receivedPackets:count,,,19827
Exponential-capacity-3206-20210301-21:50:10-11267,attr,Aerocom.controlTower,receivedPackets:count,source,computeReceivedPackets,
Exponential-capacity-3260-20210301-21:50:11-11302,scalar,Aerocom.aircraft[0].linkSelector,responseTime:mean,,,0.59406280650951
Exponential-capacity-3260-20210301-21:50:11-11302,attr,Aerocom.aircraft[0].linkSelector,responseTime:mean,,,
Exponential-capacity-3260-20210301-21:50:11-11302,attr,Aerocom.aircraft[0].linkSelector,responseTime:mean,source,computeResponseTime,
Exponential-capacity-3260-20210301-21:50:11-11302,scalar,Aerocom.aircraft[0].linkSelector,meanMalus:sum,,,13432
Exponential-capacity-3260-20210301-21:50:11-11302,attr,Aerocom.aircraft[0].linkSelector,meanMalus:sum,,,
Exponential-capacity-3260-20210301-21:50:11-11302,attr,Aerocom.aircraft[0].linkSelector,meanMalus:sum,source,computeMeanMalus,
Exponential-capacity-3260-20210301-21:50:11-11302,scalar,Aerocom.aircraft[0].linkSelector,waitingTime:mean,,,0.58687119913842
Exponential-capacity-3260-20210301-21:50:11-11302,attr,Aerocom.aircraft[0].linkSelector,waitingTime:mean,,,
Exponential-capacity-3260-20210301-21:50:11-11302,attr,Aerocom.aircraft[0].linkSelector,waitingTime:mean,source,computeWaitingTime,
Exponential-capacity-3260-20210301-21:50:11-11302,scalar,Aerocom.aircraft[0].linkSelector,serviceTime:mean,,,0.007191607371117
Exponential-capacity-3260-20210301-21:50:11-11302,attr,Aerocom.aircraft[0].linkSelector,serviceTime:mean,,,
Exponential-capacity-3260-20210301-21:50:11-11302,attr,Aerocom.aircraft[0].linkSelector,serviceTime:mean,source,computeServiceTime,
Exponential-capacity-3260-20210301-21:50:11-11302,scalar,Aerocom.aircraft[0].linkSelector,queueLength:mean,,,29.191953316953
Exponential-capacity-3260-20210301-21:50:11-11302,attr,Aerocom.aircraft[0].linkSelector,queueLength:mean,,,
Exponential-capacity-3260-20210301-21:50:11-11302,attr,Aerocom.aircraft[0].linkSelector,queueLength:mean,source,computeQueueLength,
Exponential-capacity-3260-20210301-21:50:11-11302,scalar,Aerocom.aircraft[0].dataLink[0],sentPackets:count,,,1001
Exponential-capacity-3260-20210301-21:50:11-11302,attr,Aerocom.aircraft[0].dataLink[0],sentPackets:count,source,computeSentPackets,
Exponential-capacity-3260-20210301-21:50:11-11302,scalar,Aerocom.aircraft[0].dataLink[0],actualCapacity:mean,,,9406.8663672094
Exponential-capacity-3260-20210301-21:50:11-11302,attr,Aerocom.aircraft[0].dataLink[0],actualCapacity:mean,,,
Exponential-capacity-3260-20210301-21:50:11-11302,attr,Aerocom.aircraft[0].dataLink[0],actualCapacity:mean,source,computeActualCapacity,
Exponential-capacity-3260-20210301-21:50:11-11302,scalar,Aerocom.aircraft[0].dataLink[1],sentPackets:count,,,1597
Exponential-capacity-3260-20210301-21:50:11-11302,attr,Aerocom.aircraft[0].dataLink[1],sentPackets:count,source,computeSentPackets,
Exponential-capacity-3260-20210301-21:50:11-11302,scalar,Aerocom.aircraft[0].dataLink[1],actualCapacity:mean,,,9567.6550273454
Exponential-capacity-3260-20210301-21:50:11-11302,attr,Aerocom.aircraft[0].dataLink[1],actualCapacity:mean,,,
Exponential-capacity-3260-20210301-21:50:11-11302,attr,Aerocom.aircraft[0].dataLink[1],actualCapacity:mean,source,computeActualCapacity,
Exponential-capacity-3260-20210301-21:50:11-11302,scalar,Aerocom.aircraft[0].dataLink[2],sentPackets:count,,,1231
Exponential-capacity-3260-20210301-21:50:11-11302,attr,Aerocom.aircraft[0].dataLink[2],sentPackets:count,source,computeSentPackets,
Exponential-capacity-3260-20210301-21:50:11-11302,scalar,Aerocom.aircraft[0].dataLink[2],actualCapacity:mean,,,9466.1470442126
Exponential-capacity-3260-20210301-21:50:11-11302,attr,Aerocom.aircraft[0].dataLink[2],actualCapacity:mean,,,
Exponential-capacity-3260-20210301-21:50:11-11302,attr,Aerocom.aircraft[0].dataLink[2],actualCapacity:mean,source,computeActualCapacity,
Exponential-capacity-3260-20210301-21:50:11-11302,scalar,Aerocom.aircraft[0].dataLink[3],sentPackets:count,,,685
Exponential-capacity-3260-20210301-21:50:11-11302,attr,Aerocom.aircraft[0].dataLink[3],sentPackets:count,source,computeSentPackets,
Exponential-capacity-3260-20210301-21:50:11-11302,scalar,Aerocom.aircraft[0].dataLink[3],actualCapacity:mean,,,9307.0922131148
Exponential-capacity-3260-20210301-21:50:11-11302,attr,Aerocom.aircraft[0].dataLink[3],actualCapacity:mean,,,
Exponential-capacity-3260-20210301-21:50:11-11302,attr,Aerocom.aircraft[0].dataLink[3],actualCapacity:mean,source,computeActualCapacity,
Exponential-capacity-3260-20210301-21:50:11-11302,scalar,Aerocom.aircraft[0].dataLink[4],sentPackets:count,,,1185
Exponential-capacity-3260-20210301-21:50:11-11302,attr,Aerocom.aircraft[0].dataLink[4],sentPackets:count,source,computeSentPackets,
Exponential-capacity-3260-20210301-21:50:11-11302,scalar,Aerocom.aircraft[0].dataLink[4],actualCapacity:mean,,,9442.1796954315
Exponential-capacity-3260-20210301-21:50:11-11302,attr,Aerocom.aircraft[0].dataLink[4],actualCapacity:mean,,,
Exponential-capacity-3260-20210301-21:50:11-11302,attr,Aerocom.aircraft[0].dataLink[4],actualCapacity:mean,source,computeActualCapacity,
Exponential-capacity-3260-20210301-21:50:11-11302,scalar,Aerocom.aircraft[0].dataLink[5],sentPackets:count,,,1069
Exponential-capacity-3260-20210301-21:50:11-11302,attr,Aerocom.aircraft[0].dataLink[5],sentPackets:count,source,computeSentPackets,
Exponential-capacity-3260-20210301-21:50:11-11302,scalar,Aerocom.aircraft[0].dataLink[5],actualCapacity:mean,,,9421.6002160994
Exponential-capacity-3260-20210301-21:50:11-11302,attr,Aerocom.aircraft[0].dataLink[5],actualCapacity:mean,,,
Exponential-capacity-3260-20210301-21:50:11-11302,attr,Aerocom.aircraft[0].dataLink[5],actualCapacity:mean,source,computeActualCapacity,
Exponential-capacity-3260-20210301-21:50:11-11302,scalar,Aerocom.aircraft[0].dataLink[6],sentPackets:count,,,1318
Exponential-capacity-3260-20210301-21:50:11-11302,attr,Aerocom.aircraft[0].dataLink[6],sentPackets:count,source,computeSentPackets,
Exponential-capacity-3260-20210301-21:50:11-11302,scalar,Aerocom.aircraft[0].dataLink[6],actualCapacity:mean,,,9429.9447881961
Exponential-capacity-3260-20210301-21:50:11-11302,attr,Aerocom.aircraft[0].dataLink[6],actualCapacity:mean,,,
Exponential-capacity-3260-20210301-21:50:11-11302,attr,Aerocom.aircraft[0].dataLink[6],actualCapacity:mean,source,computeActualCapacity,
Exponential-capacity-3260-20210301-21:50:11-11302,scalar,Aerocom.aircraft[0].dataLink[7],sentPackets:count,,,956
Exponential-capacity-3260-20210301-21:50:11-11302,attr,Aerocom.aircraft[0].dataLink[7],sentPackets:count,source,computeSentPackets,
Exponential-capacity-3260-20210301-21:50:11-11302,scalar,Aerocom.aircraft[0].dataLink[7],actualCapacity:mean,,,9468.0034602076
Exponential-capacity-3260-20210301-21:50:11-11302,attr,Aerocom.aircraft[0].dataLink[7],actualCapacity:mean,,,
Exponential-capacity-3260-20210301-21:50:11-11302,attr,Aerocom.aircraft[0].dataLink[7],actualCapacity:mean,source,computeActualCapacity,
Exponential-capacity-3260-20210301-21:50:11-11302,scalar,Aerocom.aircraft[0].dataLink[8],sentPackets:count,,,1448
Exponential-capacity-3260-20210301-21:50:11-11302,attr,Aerocom.aircraft[0].dataLink[8],sentPackets:count,source,computeSentPackets,
Exponential-capacity-3260-20210301-21:50:11-11302,scalar,Aerocom.aircraft[0].dataLink[8],actualCapacity:mean,,,9446.6335877863
Exponential-capacity-3260-20210301-21:50:11-11302,attr,Aerocom.aircraft[0].dataLink[8],actualCapacity:mean,,,
Exponential-capacity-3260-20210301-21:50:11-11302,attr,Aerocom.aircraft[0].dataLink[8],actualCapacity:mean,source,computeActualCapacity,
Exponential-capacity-3260-20210301-21:50:11-11302,scalar,Aerocom.aircraft[0].dataLink[9],sentPackets:count,,,1753
Exponential-capacity-3260-20210301-21:50:11-11302,attr,Aerocom.aircraft[0].dataLink[9],sentPackets:count,source,computeSentPackets,
Exponential-capacity-3260-20210301-21:50:11-11302,scalar,Aerocom.aircraft[0].dataLink[9],actualCapacity:mean,,,9534.8214144607
Exponential-capacity-3260-20210301-21:50:11-11302,attr,Aerocom.aircraft[0].dataLink[9],actualCapacity:mean,,,
Exponential-capacity-3260-20210301-21:50:11-11302,attr,Aerocom.aircraft[0].dataLink[9],actualCapacity:mean,source,computeActualCapacity,
Exponential-capacity-3260-20210301-21:50:11-11302,scalar,Aerocom.aircraft[0].dataLink[10],sentPackets:count,,,1435
Exponential-capacity-3260-20210301-21:50:11-11302,attr,Aerocom.aircraft[0].dataLink[10],sentPackets:count,source,computeSentPackets,
Exponential-capacity-3260-20210301-21:50:11-11302,scalar,Aerocom.aircraft[0].dataLink[10],actualCapacity:mean,,,9477.1737364621
Exponential-capacity-3260-20210301-21:50:11-11302,attr,Aerocom.aircraft[0].dataLink[10],actualCapacity:mean,,,
Exponential-capacity-3260-20210301-21:50:11-11302,attr,Aerocom.aircraft[0].dataLink[10],actualCapacity:mean,source,computeActualCapacity,
Exponential-capacity-3260-20210301-21:50:11-11302,scalar,Aerocom.aircraft[0].dataLink[11],sentPackets:count,,,827
Exponential-capacity-3260-20210301-21:50:11-11302,attr,Aerocom.aircraft[0].dataLink[11],sentPackets:count,source,computeSentPackets,
Exponential-capacity-3260-20210301-21:50:11-11302,scalar,Aerocom.aircraft[0].dataLink[11],actualCapacity:mean,,,9375.6471686372
Exponential-capacity-3260-20210301-21:50:11-11302,attr,Aerocom.aircraft[0].dataLink[11],actualCapacity:mean,,,
Exponential-capacity-3260-20210301-21:50:11-11302,attr,Aerocom.aircraft[0].dataLink[11],actualCapacity:mean,source,computeActualCapacity,
Exponential-capacity-3260-20210301-21:50:11-11302,scalar,Aerocom.aircraft[0].dataLink[12],sentPackets:count,,,1147
Exponential-capacity-3260-20210301-21:50:11-11302,attr,Aerocom.aircraft[0].dataLink[12],sentPackets:count,source,computeSentPackets,
Exponential-capacity-3260-20210301-21:50:11-11302,scalar,Aerocom.aircraft[0].dataLink[12],actualCapacity:mean,,,9459.0884635282
Exponential-capacity-3260-20210301-21:50:11-11302,attr,Aerocom.aircraft[0].dataLink[12],actualCapacity:mean,,,
Exponential-capacity-3260-20210301-21:50:11-11302,attr,Aerocom.aircraft[0].dataLink[12],actualCapacity:mean,source,computeActualCapacity,
Exponential-capacity-3260-20210301-21:50:11-11302,scalar,Aerocom.aircraft[0].dataLink[13],sentPackets:count,,,1211
Exponential-capacity-3260-20210301-21:50:11-11302,attr,Aerocom.aircraft[0].dataLink[13],sentPackets:count,source,computeSentPackets,
Exponential-capacity-3260-20210301-21:50:11-11302,scalar,Aerocom.aircraft[0].dataLink[13],actualCapacity:mean,,,9388.3232931727
Exponential-capacity-3260-20210301-21:50:11-11302,attr,Aerocom.aircraft[0].dataLink[13],actualCapacity:mean,,,
Exponential-capacity-3260-20210301-21:50:11-11302,attr,Aerocom.aircraft[0].dataLink[13],actualCapacity:mean,source,computeActualCapacity,
Exponential-capacity-3260-20210301-21:50:11-11302,scalar,Aerocom.aircraft[0].dataLink[14],sentPackets:count,,,1646
Exponential-capacity-3260-20210301-21:50:11-11302,attr,Aerocom.aircraft[0].dataLink[14],sentPackets:count,source,computeSentPackets,
Exponential-capacity-3260-20210301-21:50:11-11302,scalar,Aerocom.aircraft[0].dataLink[14],actualCapacity:mean,,,9521.1315463918
Exponential-capacity-3260-20210301-21:50:11-11302,attr,Aerocom.aircraft[0].dataLink[14],actualCapacity:mean,,,
Exponential-capacity-3260-20210301-21:50:11-11302,attr,Aerocom.aircraft[0].dataLink[14],actualCapacity:mean,source,computeActualCapacity,
Exponential-capacity-3260-20210301-21:50:11-11302,scalar,Aerocom.aircraft[0].dataLink[15],sentPackets:count,,,1027
Exponential-capacity-3260-20210301-21:50:11-11302,attr,Aerocom.aircraft[0].dataLink[15],sentPackets:count,source,computeSentPackets,
Exponential-capacity-3260-20210301-21:50:11-11302,scalar,Aerocom.aircraft[0].dataLink[15],actualCapacity:mean,,,9420.1165745856
Exponential-capacity-3260-20210301-21:50:11-11302,attr,Aerocom.aircraft[0].dataLink[15],actualCapacity:mean,,,
Exponential-capacity-3260-20210301-21:50:11-11302,attr,Aerocom.aircraft[0].dataLink[15],actualCapacity:mean,source,computeActualCapacity,
Exponential-capacity-3260-20210301-21:50:11-11302,scalar,Aerocom.controlTower,receivedPackets:count,,,19536
Exponential-capacity-3260-20210301-21:50:11-11302,attr,Aerocom.controlTower,receivedPackets:count,source,computeReceivedPackets,
Exponential-capacity-3261-20210301-21:50:11-11302,scalar,Aerocom.aircraft[0].linkSelector,responseTime:mean,,,0.55198048271693
Exponential-capacity-3261-20210301-21:50:11-11302,attr,Aerocom.aircraft[0].linkSelector,responseTime:mean,,,
Exponential-capacity-3261-20210301-21:50:11-11302,attr,Aerocom.aircraft[0].linkSelector,responseTime:mean,source,computeResponseTime,
Exponential-capacity-3261-20210301-21:50:11-11302,scalar,Aerocom.aircraft[0].linkSelector,meanMalus:sum,,,12776
Exponential-capacity-3261-20210301-21:50:11-11302,attr,Aerocom.aircraft[0].linkSelector,meanMalus:sum,,,
Exponential-capacity-3261-20210301-21:50:11-11302,attr,Aerocom.aircraft[0].linkSelector,meanMalus:sum,source,computeMeanMalus,
Exponential-capacity-3261-20210301-21:50:11-11302,scalar,Aerocom.aircraft[0].linkSelector,waitingTime:mean,,,0.54479866826147
Exponential-capacity-3261-20210301-21:50:11-11302,attr,Aerocom.aircraft[0].linkSelector,waitingTime:mean,,,
Exponential-capacity-3261-20210301-21:50:11-11302,attr,Aerocom.aircraft[0].linkSelector,waitingTime:mean,source,computeWaitingTime,
Exponential-capacity-3261-20210301-21:50:11-11302,scalar,Aerocom.aircraft[0].linkSelector,serviceTime:mean,,,0.0072098609000048
Exponential-capacity-3261-20210301-21:50:11-11302,attr,Aerocom.aircraft[0].linkSelector,serviceTime:mean,,,
Exponential-capacity-3261-20210301-21:50:11-11302,attr,Aerocom.aircraft[0].linkSelector,serviceTime:mean,source,computeServiceTime,
Exponential-capacity-3261-20210301-21:50:11-11302,scalar,Aerocom.aircraft[0].linkSelector,queueLength:mean,,,27.002579047816
Exponential-capacity-3261-20210301-21:50:11-11302,attr,Aerocom.aircraft[0].linkSelector,queueLength:mean,,,
Exponential-capacity-3261-20210301-21:50:11-11302,attr,Aerocom.aircraft[0].linkSelector,queueLength:mean,source,computeQueueLength,
Exponential-capacity-3261-20210301-21:50:11-11302,scalar,Aerocom.aircraft[0].dataLink[0],sentPackets:count,,,1496
Exponential-capacity-3261-20210301-21:50:11-11302,attr,Aerocom.aircraft[0].dataLink[0],sentPackets:count,source,computeSentPackets,
Exponential-capacity-3261-20210301-21:50:11-11302,scalar,Aerocom.aircraft[0].dataLink[0],actualCapacity:mean,,,9473.3144488362
Exponential-capacity-3261-20210301-21:50:11-11302,attr,Aerocom.aircraft[0].dataLink[0],actualCapacity:mean,,,
Exponential-capacity-3261-20210301-21:50:11-11302,attr,Aerocom.aircraft[0].dataLink[0],actualCapacity:mean,source,computeActualCapacity,
Exponential-capacity-3261-20210301-21:50:11-11302,scalar,Aerocom.aircraft[0].dataLink[1],sentPackets:count,,,1192
Exponential-capacity-3261-20210301-21:50:11-11302,attr,Aerocom.aircraft[0].dataLink[1],sentPackets:count,source,computeSentPackets,
Exponential-capacity-3261-20210301-21:50:11-11302,scalar,Aerocom.aircraft[0].dataLink[1],actualCapacity:mean,,,9449.7240853659
Exponential-capacity-3261-20210301-21:50:11-11302,attr,Aerocom.aircraft[0].dataLink[1],actualCapacity:mean,,,
Exponential-capacity-3261-20210301-21:50:11-11302,attr,Aerocom.aircraft[0].dataLink[1],actualCapacity:mean,source,computeActualCapacity,
Exponential-capacity-3261-20210301-21:50:11-11302,scalar,Aerocom.aircraft[0].dataLink[2],sentPackets:count,,,1285
Exponential-capacity-3261-20210301-21:50:11-11302,attr,Aerocom.aircraft[0].dataLink[2],sentPackets:count,source,computeSentPackets,
Exponential-capacity-3261-20210301-21:50:11-11302,scalar,Aerocom.aircraft[0].dataLink[2],actualCapacity:mean,,,9464.8699226306
Exponential-capacity-3261-20210301-21:50:11-11302,attr,Aerocom.aircraft[0].dataLink[2],actualCapacity:mean,,,
Exponential-capacity-3261-20210301-21:50:11-11302,attr,Aerocom.aircraft[0].dataLink[2],actualCapacity:mean,source,computeActualCapacity,
Exponential-capacity-3261-20210301-21:50:11-11302,scalar,Aerocom.aircraft[0].dataLink[3],sentPackets:count,,,2285
Exponential-capacity-3261-20210301-21:50:11-11302,attr,Aerocom.aircraft[0].dataLink[3],sentPackets:count,source,computeSentPackets,
Exponential-capacity-3261-20210301-21:50:11-11302,scalar,Aerocom.aircraft[0].dataLink[3],actualCapacity:mean,,,9558.4200913242
Exponential-capacity-3261-20210301-21:50:11-11302,attr,Aerocom.aircraft[0].dataLink[3],actualCapacity:mean,,,
Exponential-capacity-3261-20210301-21:50:11-11302,attr,Aerocom.aircraft[0].dataLink[3],actualCapacity:mean,source,computeActualCapacity,
Exponential-capacity-3261-20210301-21:50:11-11302,scalar,Aerocom.aircraft[0].dataLink[4],sentPackets:count,,,672
Exponential-capacity-3261-20210301-21:50:11-11302,attr,Aerocom.aircraft[0].dataLink[4],sentPackets:count,source,computeSentPackets,
Exponential-capacity-3261-20210301-21:50:11-11302,scalar,Aerocom.aircraft[0].dataLink[4],actualCapacity:mean,,,9313.4687285223
Exponential-capacity-3261-20210301-21:50:11-11302,attr,Aerocom.aircraft[0].dataLink[4],actualCapacity:mean,,,
Exponential-capacity-3261-20210301-21:50:11-11302,attr,Aerocom.aircraft[0].dataLink[4],actualCapacity:mean,source,computeActualCapacity,
Exponential-capacity-3261-20210301-21:50:11-11302,scalar,Aerocom.aircraft[0].dataLink[5],sentPackets:count,,,818
Exponential-capacity-3261-20210301-21:50:11-11302,attr,Aerocom.aircraft[0].dataLink[5],sentPackets:count,source,computeSentPackets,
Exponential-capacity-3261-20210301-21:50:11-11302,scalar,Aerocom.aircraft[0].dataLink[5],actualCapacity:mean,,,9352.2826766729
Exponential-capacity-3261-20210301-21:50:11-11302,attr,Aerocom.aircraft[0].dataLink[5],actualCapacity:mean,,,
Exponential-capacity-3261-20210301-21:50:11-11302,attr,Aerocom.aircraft[0].dataLink[5],actualCapacity:mean,source,computeActualCapacity,
Exponential-capacity-3261-20210301-21:50:11-11302,scalar,Aerocom.aircraft[0].dataLink[6],sentPackets:count,,,1380
Exponential-capacity-3261-20210301-21:50:11-11302,attr,Aerocom.aircraft[0].dataLink[6],sentPackets:count,source,computeSentPackets,
Exponential-capacity-3261-20210301-21:50:11-11302,scalar,Aerocom.aircraft[0].dataLink[6],actualCapacity:mean,,,9449.5540603248
Exponential-capacity-3261-20210301-21:50:11-11302,attr,Aerocom.aircraft[0].dataLink[6],actualCapacity:mean,,,
Exponential-capacity-3261-20210301-21:50:11-11302,attr,Aerocom.aircraft[0].dataLink[6],actualCapacity:mean,source,computeActualCapacity,
Exponential-capacity-3261-20210301-21:50:11-11302,scalar,Aerocom.aircraft[0].dataLink[7],sentPackets:count,,,907
Exponential-capacity-3261-20210301-21:50:11-11302,attr,Aerocom.aircraft[0].dataLink[7],sentPackets:count,source,computeSentPackets,
Exponential-capacity-3261-20210301-21:50:11-11302,scalar,Aerocom.aircraft[0].dataLink[7],actualCapacity:mean,,,9294.6411625148
Exponential-capacity-3261-20210301-21:50:11-11302,attr,Aerocom.aircraft[0].dataLink[7],actualCapacity:mean,,,
Exponential-capacity-3261-20210301-21:50:11-11302,attr,Aerocom.aircraft[0].dataLink[7],actualCapacity:mean,source,computeActualCapacity,
Exponential-capacity-3261-20210301-21:50:11-11302,scalar,Aerocom.aircraft[0].dataLink[8],sentPackets:count,,,1994
Exponential-capacity-3261-20210301-21:50:11-11302,attr,Aerocom.aircraft[0].dataLink[8],sentPackets:count,source,computeSentPackets,
Exponential-capacity-3261-20210301-21:50:11-11302,scalar,Aerocom.aircraft[0].dataLink[8],actualCapacity:mean,,,9521.3281644428
Exponential-capacity-3261-20210301-21:50:11-11302,attr,Aerocom.aircraft[0].dataLink[8],actualCapacity:mean,,,
Exponential-capacity-3261-20210301-21:50:11-11302,attr,Aerocom.aircraft[0].dataLink[8],actualCapacity:mean,source,computeActualCapacity,
Exponential-capacity-3261-20210301-21:50:11-11302,scalar,Aerocom.aircraft[0].dataLink[9],sentPackets:count,,,693
Exponential-capacity-3261-20210301-21:50:11-11302,attr,Aerocom.aircraft[0].dataLink[9],sentPackets:count,source,computeSentPackets,
Exponential-capacity-3261-20210301-21:50:11-11302,scalar,Aerocom.aircraft[0].dataLink[9],actualCapacity:mean,,,9296.5166553365
Exponential-capacity-3261-20210301-21:50:11-11302,attr,Aerocom.aircraft[0].dataLink[9],actualCapacity:mean,,,
Exponential-capacity-3261-20210301-21:50:11-11302,attr,Aerocom.aircraft[0].dataLink[9],actualCapacity:mean,source,computeActualCapacity,
Exponential-capacity-3261-20210301-21:50:11-11302,scalar,Aerocom.aircraft[0].dataLink[10],sentPackets:count,,,996
Exponential-capacity-3261-20210301-21:50:11-11302,attr,Aerocom.aircraft[0].dataLink[10],sentPackets:count,source,computeSentPackets,
Exponential-capacity-3261-20210301-21:50:11-11302,scalar,Aerocom.aircraft[0].dataLink[10],actualCapacity:mean,,,9441.8390545864
Exponential-capacity-3261-20210301-21:50:11-11302,attr,Aerocom.aircraft[0].dataLink[10],actualCapacity:mean,,,
Exponential-capacity-3261-20210301-21:50:11-11302,attr,Aerocom.aircraft[0].dataLink[10],actualCapacity:mean,source,computeActualCapacity,
Exponential-capacity-3261-20210301-21:50:11-11302,scalar,Aerocom.aircraft[0].dataLink[11],sentPackets:count,,,1251
Exponential-capacity-3261-20210301-21:50:11-11302,attr,Aerocom.aircraft[0].dataLink[11],sentPackets:count,source,computeSentPackets,
Exponential-capacity-3261-20210301-21:50:11-11302,scalar,Aerocom.aircraft[0].dataLink[11],actualCapacity:mean,,,9454.7481554353
Exponential-capacity-3261-20210301-21:50:11-11302,attr,Aerocom.aircraft[0].dataLink[11],actualCapacity:mean,,,
Exponential-capacity-3261-20210301-21:50:11-11302,attr,Aerocom.aircraft[0].dataLink[11],actualCapacity:mean,source,computeActualCapacity,
Exponential-capacity-3261-20210301-21:50:11-11302,scalar,Aerocom.aircraft[0].dataLink[12],sentPackets:count,,,1065
Exponential-capacity-3261-20210301-21:50:11-11302,attr,Aerocom.aircraft[0].dataLink[12],sentPackets:count,source,computeSentPackets,
Exponential-capacity-3261-20210301-21:50:11-11302,scalar,Aerocom.aircraft[0].dataLink[12],actualCapacity:mean,,,9419.6697297297
Exponential-capacity-3261-20210301-21:50:11-11302,attr,Aerocom.aircraft[0].dataLink[12],actualCapacity:mean,,,
Exponential-capacity-3261-20210301-21:50:11-11302,attr,Aerocom.aircraft[0].dataLink[12],actualCapacity:mean,source,computeActualCapacity,
Exponential-capacity-3261-20210301-21:50:11-11302,scalar,Aerocom.aircraft[0].dataLink[13],sentPackets:count,,,1020
Exponential-capacity-3261-20210301-21:50:11-11302,attr,Aerocom.aircraft[0].dataLink[13],sentPackets:count,source,computeSentPackets,
Exponential-capacity-3261-20210301-21:50:11-11302,scalar,Aerocom.aircraft[0].dataLink[13],actualCapacity:mean,,,9432.8317601333
Exponential-capacity-3261-20210301-21:50:11-11302,attr,Aerocom.aircraft[0].dataLink[13],actualCapacity:mean,,,
Exponential-capacity-3261-20210301-21:50:11-11302,attr,Aerocom.aircraft[0].dataLink[13],actualCapacity:mean,source,computeActualCapacity,
Exponential-capacity-3261-20210301-21:50:11-11302,scalar,Aerocom.aircraft[0].dataLink[14],sentPackets:count,,,1323
Exponential-capacity-3261-20210301-21:50:11-11302,attr,Aerocom.aircraft[0].dataLink[14],sentPackets:count,source,computeSentPackets,
Exponential-capacity-3261-20210301-21:50:11-11302,scalar,Aerocom.aircraft[0].dataLink[14],actualCapacity:mean,,,9445.1002838221
Exponential-capacity-3261-20210301-21:50:11-11302,attr,Aerocom.aircraft[0].dataLink[14],actualCapacity:mean,,,
Exponential-capacity-3261-20210301-21:50:11-11302,attr,Aerocom.aircraft[0].dataLink[14],actualCapacity:mean,source,computeActualCapacity,
Exponential-capacity-3261-20210301-21:50:11-11302,scalar,Aerocom.aircraft[0].dataLink[15],sentPackets:count,,,1011
Exponential-capacity-3261-20210301-21:50:11-11302,attr,Aerocom.aircraft[0].dataLink[15],sentPackets:count,source,computeSentPackets,
Exponential-capacity-3261-20210301-21:50:11-11302,scalar,Aerocom.aircraft[0].dataLink[15],actualCapacity:mean,,,9375.5329608939
Exponential-capacity-3261-20210301-21:50:11-11302,attr,Aerocom.aircraft[0].dataLink[15],actualCapacity:mean,,,
Exponential-capacity-3261-20210301-21:50:11-11302,attr,Aerocom.aircraft[0].dataLink[15],actualCapacity:mean,source,computeActualCapacity,
Exponential-capacity-3261-20210301-21:50:11-11302,scalar,Aerocom.controlTower,receivedPackets:count,,,19388
Exponential-capacity-3261-20210301-21:50:11-11302,attr,Aerocom.controlTower,receivedPackets:count,source,computeReceivedPackets,
Exponential-capacity-3262-20210301-21:50:11-11302,scalar,Aerocom.aircraft[0].linkSelector,responseTime:mean,,,0.58062423017091
Exponential-capacity-3262-20210301-21:50:11-11302,attr,Aerocom.aircraft[0].linkSelector,responseTime:mean,,,
Exponential-capacity-3262-20210301-21:50:11-11302,attr,Aerocom.aircraft[0].linkSelector,responseTime:mean,source,computeResponseTime,
Exponential-capacity-3262-20210301-21:50:11-11302,scalar,Aerocom.aircraft[0].linkSelector,meanMalus:sum,,,12938
Exponential-capacity-3262-20210301-21:50:11-11302,attr,Aerocom.aircraft[0].linkSelector,meanMalus:sum,,,
Exponential-capacity-3262-20210301-21:50:11-11302,attr,Aerocom.aircraft[0].linkSelector,meanMalus:sum,source,computeMeanMalus,
Exponential-capacity-3262-20210301-21:50:11-11302,scalar,Aerocom.aircraft[0].linkSelector,waitingTime:mean,,,0.57341924815396
Exponential-capacity-3262-20210301-21:50:11-11302,attr,Aerocom.aircraft[0].linkSelector,waitingTime:mean,,,
Exponential-capacity-3262-20210301-21:50:11-11302,attr,Aerocom.aircraft[0].linkSelector,waitingTime:mean,source,computeWaitingTime,
Exponential-capacity-3262-20210301-21:50:11-11302,scalar,Aerocom.aircraft[0].linkSelector,serviceTime:mean,,,0.0072049820169658
Exponential-capacity-3262-20210301-21:50:11-11302,attr,Aerocom.aircraft[0].linkSelector,serviceTime:mean,,,
Exponential-capacity-3262-20210301-21:50:11-11302,attr,Aerocom.aircraft[0].linkSelector,serviceTime:mean,source,computeServiceTime,
Exponential-capacity-3262-20210301-21:50:11-11302,scalar,Aerocom.aircraft[0].linkSelector,queueLength:mean,,,28.796886203011
Exponential-capacity-3262-20210301-21:50:11-11302,attr,Aerocom.aircraft[0].linkSelector,queueLength:mean,,,
Exponential-capacity-3262-20210301-21:50:11-11302,attr,Aerocom.aircraft[0].linkSelector,queueLength:mean,source,computeQueueLength,
Exponential-capacity-3262-20210301-21:50:11-11302,scalar,Aerocom.aircraft[0].dataLink[0],sentPackets:count,,,1398
Exponential-capacity-3262-20210301-21:50:11-11302,attr,Aerocom.aircraft[0].dataLink[0],sentPackets:count,source,computeSentPackets,
Exponential-capacity-3262-20210301-21:50:11-11302,scalar,Aerocom.aircraft[0].dataLink[0],actualCapacity:mean,,,9367.6772122879
Exponential-capacity-3262-20210301-21:50:11-11302,attr,Aerocom.aircraft[0].dataLink[0],actualCapacity:mean,,,
Exponential-capacity-3262-20210301-21:50:11-11302,attr,Aerocom.aircraft[0].dataLink[0],actualCapacity:mean,source,computeActualCapacity,
Exponential-capacity-3262-20210301-21:50:11-11302,scalar,Aerocom.aircraft[0].dataLink[1],sentPackets:count,,,1591
Exponential-capacity-3262-20210301-21:50:11-11302,attr,Aerocom.aircraft[0].dataLink[1],sentPackets:count,source,computeSentPackets,
Exponential-capacity-3262-20210301-21:50:11-11302,scalar,Aerocom.aircraft[0].dataLink[1],actualCapacity:mean,,,9457.6506125898
Exponential-capacity-3262-20210301-21:50:11-11302,attr,Aerocom.aircraft[0].dataLink[1],actualCapacity:mean,,,
Exponential-capacity-3262-20210301-21:50:11-11302,attr,Aerocom.aircraft[0].dataLink[1],actualCapacity:mean,source,computeActualCapacity,
Exponential-capacity-3262-20210301-21:50:11-11302,scalar,Aerocom.aircraft[0].dataLink[2],sentPackets:count,,,812
Exponential-capacity-3262-20210301-21:50:11-11302,attr,Aerocom.aircraft[0].dataLink[2],sentPackets:count,source,computeSentPackets,
Exponential-capacity-3262-20210301-21:50:11-11302,scalar,Aerocom.aircraft[0].dataLink[2],actualCapacity:mean,,,9305.6317440402
Exponential-capacity-3262-20210301-21:50:11-11302,attr,Aerocom.aircraft[0].dataLink[2],actualCapacity:mean,,,
Exponential-capacity-3262-20210301-21:50:11-11302,attr,Aerocom.aircraft[0].dataLink[2],actualCapacity:mean,source,computeActualCapacity,
Exponential-capacity-3262-20210301-21:50:11-11302,scalar,Aerocom.aircraft[0].dataLink[3],sentPackets:count,,,1164
Exponential-capacity-3262-20210301-21:50:11-11302,attr,Aerocom.aircraft[0].dataLink[3],sentPackets:count,source,computeSentPackets,
Exponential-capacity-3262-20210301-21:50:11-11302,scalar,Aerocom.aircraft[0].dataLink[3],actualCapacity:mean,,,9481.5046248715
Exponential-capacity-3262-20210301-21:50:11-11302,attr,Aerocom.aircraft[0].dataLink[3],actualCapacity:mean,,,
Exponential-capacity-3262-20210301-21:50:11-11302,attr,Aerocom.aircraft[0].dataLink[3],actualCapacity:mean,source,computeActualCapacity,
Exponential-capacity-3262-20210301-21:50:11-11302,scalar,Aerocom.aircraft[0].dataLink[4],sentPackets:count,,,556
Exponential-capacity-3262-20210301-21:50:11-11302,attr,Aerocom.aircraft[0].dataLink[4],sentPackets:count,source,computeSentPackets,
Exponential-capacity-3262-20210301-21:50:11-11302,scalar,Aerocom.aircraft[0].dataLink[4],actualCapacity:mean,,,9253.5976065819
Exponential-capacity-3262-20210301-21:50:11-11302,attr,Aerocom.aircraft[0].dataLink[4],actualCapacity:mean,,,
Exponential-capacity-3262-20210301-21:50:11-11302,attr,Aerocom.aircraft[0].dataLink[4],actualCapacity:mean,source,computeActualCapacity,
Exponential-capacity-3262-20210301-21:50:11-11302,scalar,Aerocom.aircraft[0].dataLink[5],sentPackets:count,,,691
Exponential-capacity-3262-20210301-21:50:11-11302,attr,Aerocom.aircraft[0].dataLink[5],sentPackets:count,source,computeSentPackets,
Exponential-capacity-3262-20210301-21:50:11-11302,scalar,Aerocom.aircraft[0].dataLink[5],actualCapacity:mean,,,9303.777173913
Exponential-capacity-3262-20210301-21:50:11-11302,attr,Aerocom.aircraft[0].dataLink[5],actualCapacity:mean,,,
Exponential-capacity-3262-20210301-21:50:11-11302,attr,Aerocom.aircraft[0].dataLink[5],actualCapacity:mean,source,computeActualCapacity,
Exponential-capacity-3262-20210301-21:50:11-11302,scalar,Aerocom.aircraft[0].dataLink[6],sentPackets:count,,,1360
Exponential-capacity-3262-20210301-21:50:11-11302,attr,Aerocom.aircraft[0].dataLink[6],sentPackets:count,source,computeSentPackets,
Exponential-capacity-3262-20210301-21:50:11-11302,scalar,Aerocom.aircraft[0].dataLink[6],actualCapacity:mean,,,9463.4575955266
Exponential-capacity-3262-20210301-21:50:11-11302,attr,Aerocom.aircraft[0].dataLink[6],actualCapacity:mean,,,
Exponential-capacity-3262-20210301-21:50:11-11302,attr,Aerocom.aircraft[0].dataLink[6],actualCapacity:mean,source,computeActualCapacity,
Exponential-capacity-3262-20210301-21:50:11-11302,scalar,Aerocom.aircraft[0].dataLink[7],sentPackets:count,,,758
Exponential-capacity-3262-20210301-21:50:11-11302,attr,Aerocom.aircraft[0].dataLink[7],sentPackets:count,source,computeSentPackets,
Exponential-capacity-3262-20210301-21:50:11-11302,scalar,Aerocom.aircraft[0].dataLink[7],actualCapacity:mean,,,9251.7459494491
Exponential-capacity-3262-20210301-21:50:11-11302,attr,Aerocom.aircraft[0].dataLink[7],actualCapacity:mean,,,
Exponential-capacity-3262-20210301-21:50:11-11302,attr,Aerocom.aircraft[0].dataLink[7],actualCapacity:mean,source,computeActualCapacity,
Exponential-capacity-3262-20210301-21:50:11-11302,scalar,Aerocom.aircraft[0].dataLink[8],sentPackets:count,,,1628
Exponential-capacity-3262-20210301-21:50:11-11302,attr,Aerocom.aircraft[0].dataLink[8],sentPackets:count,source,computeSentPackets,
Exponential-capacity-3262-20210301-21:50:11-11302,scalar,Aerocom.aircraft[0].dataLink[8],actualCapacity:mean,,,9512.1154964686
Exponential-capacity-3262-20210301-21:50:11-11302,attr,Aerocom.aircraft[0].dataLink[8],actualCapacity:mean,,,
Exponential-capacity-3262-20210301-21:50:11-11302,attr,Aerocom.aircraft[0].dataLink[8],actualCapacity:mean,source,computeActualCapacity,
Exponential-capacity-3262-20210301-21:50:11-11302,scalar,Aerocom.aircraft[0].dataLink[9],sentPackets:count,,,868
Exponential-capacity-3262-20210301-21:50:11-11302,attr,Aerocom.aircraft[0].dataLink[9],sentPackets:count,source,computeSentPackets,
Exponential-capacity-3262-20210301-21:50:11-11302,scalar,Aerocom.aircraft[0].dataLink[9],actualCapacity:mean,,,9402.8792475728
Exponential-capacity-3262-20210301-21:50:11-11302,attr,Aerocom.aircraft[0].dataLink[9],actualCapacity:mean,,,
Exponential-capacity-3262-20210301-21:50:11-11302,attr,Aerocom.aircraft[0].dataLink[9],actualCapacity:mean,source,computeActualCapacity,
Exponential-capacity-3262-20210301-21:50:11-11302,scalar,Aerocom.aircraft[0].dataLink[10],sentPackets:count,,,868
Exponential-capacity-3262-20210301-21:50:11-11302,attr,Aerocom.aircraft[0].dataLink[10],sentPackets:count,source,computeSentPackets,
Exponential-capacity-3262-20210301-21:50:11-11302,scalar,Aerocom.aircraft[0].dataLink[10],actualCapacity:mean,,,9412.9884638737
Exponential-capacity-3262-20210301-21:50:11-11302,attr,Aerocom.aircraft[0].dataLink[10],actualCapacity:mean,,,
Exponential-capacity-3262-20210301-21:50:11-11302,attr,Aerocom.aircraft[0].dataLink[10],actualCapacity:mean,source,computeActualCapacity,
Exponential-capacity-3262-20210301-21:50:11-11302,scalar,Aerocom.aircraft[0].dataLink[11],sentPackets:count,,,1412
Exponential-capacity-3262-20210301-21:50:11-11302,attr,Aerocom.aircraft[0].dataLink[11],sentPackets:count,source,computeSentPackets,
Exponential-capacity-3262-20210301-21:50:11-11302,scalar,Aerocom.aircraft[0].dataLink[11],actualCapacity:mean,,,9512.2725204732
Exponential-capacity-3262-20210301-21:50:11-11302,attr,Aerocom.aircraft[0].dataLink[11],actualCapacity:mean,,,
Exponential-capacity-3262-20210301-21:50:11-11302,attr,Aerocom.aircraft[0].dataLink[11],actualCapacity:mean,source,computeActualCapacity,
Exponential-capacity-3262-20210301-21:50:11-11302,scalar,Aerocom.aircraft[0].dataLink[12],sentPackets:count,,,1727
Exponential-capacity-3262-20210301-21:50:11-11302,attr,Aerocom.aircraft[0].dataLink[12],sentPackets:count,source,computeSentPackets,
Exponential-capacity-3262-20210301-21:50:11-11302,scalar,Aerocom.aircraft[0].dataLink[12],actualCapacity:mean,,,9511.5643485212
Exponential-capacity-3262-20210301-21:50:11-11302,attr,Aerocom.aircraft[0].dataLink[12],actualCapacity:mean,,,
Exponential-capacity-3262-20210301-21:50:11-11302,attr,Aerocom.aircraft[0].dataLink[12],actualCapacity:mean,source,computeActualCapacity,
Exponential-capacity-3262-20210301-21:50:11-11302,scalar,Aerocom.aircraft[0].dataLink[13],sentPackets:count,,,976
Exponential-capacity-3262-20210301-21:50:11-11302,attr,Aerocom.aircraft[0].dataLink[13],sentPackets:count,source,computeSentPackets,
Exponential-capacity-3262-20210301-21:50:11-11302,scalar,Aerocom.aircraft[0].dataLink[13],actualCapacity:mean,,,9398.4523673702
Exponential-capacity-3262-20210301-21:50:11-11302,attr,Aerocom.aircraft[0].dataLink[13],actualCapacity:mean,,,
Exponential-capacity-3262-20210301-21:50:11-11302,attr,Aerocom.aircraft[0].dataLink[13],actualCapacity:mean,source,computeActualCapacity,
Exponential-capacity-3262-20210301-21:50:11-11302,scalar,Aerocom.aircraft[0].dataLink[14],sentPackets:count,,,1444
Exponential-capacity-3262-20210301-21:50:11-11302,attr,Aerocom.aircraft[0].dataLink[14],sentPackets:count,source,computeSentPackets,
Exponential-capacity-3262-20210301-21:50:11-11302,scalar,Aerocom.aircraft[0].dataLink[14],actualCapacity:mean,,,9462.7988325101
Exponential-capacity-3262-20210301-21:50:11-11302,attr,Aerocom.aircraft[0].dataLink[14],actualCapacity:mean,,,
Exponential-capacity-3262-20210301-21:50:11-11302,attr,Aerocom.aircraft[0].dataLink[14],actualCapacity:mean,source,computeActualCapacity,
Exponential-capacity-3262-20210301-21:50:11-11302,scalar,Aerocom.aircraft[0].dataLink[15],sentPackets:count,,,2273
Exponential-capacity-3262-20210301-21:50:11-11302,attr,Aerocom.aircraft[0].dataLink[15],sentPackets:count,source,computeSentPackets,
Exponential-capacity-3262-20210301-21:50:11-11302,scalar,Aerocom.aircraft[0].dataLink[15],actualCapacity:mean,,,9562.4332023576
Exponential-capacity-3262-20210301-21:50:11-11302,attr,Aerocom.aircraft[0].dataLink[15],actualCapacity:mean,,,
Exponential-capacity-3262-20210301-21:50:11-11302,attr,Aerocom.aircraft[0].dataLink[15],actualCapacity:mean,source,computeActualCapacity,
Exponential-capacity-3262-20210301-21:50:11-11302,scalar,Aerocom.controlTower,receivedPackets:count,,,19526
Exponential-capacity-3262-20210301-21:50:11-11302,attr,Aerocom.controlTower,receivedPackets:count,source,computeReceivedPackets,
Exponential-capacity-3263-20210301-21:50:11-11302,scalar,Aerocom.aircraft[0].linkSelector,responseTime:mean,,,0.57311621417293
Exponential-capacity-3263-20210301-21:50:11-11302,attr,Aerocom.aircraft[0].linkSelector,responseTime:mean,,,
Exponential-capacity-3263-20210301-21:50:11-11302,attr,Aerocom.aircraft[0].linkSelector,responseTime:mean,source,computeResponseTime,
Exponential-capacity-3263-20210301-21:50:11-11302,scalar,Aerocom.aircraft[0].linkSelector,meanMalus:sum,,,12240
Exponential-capacity-3263-20210301-21:50:11-11302,attr,Aerocom.aircraft[0].linkSelector,meanMalus:sum,,,
Exponential-capacity-3263-20210301-21:50:11-11302,attr,Aerocom.aircraft[0].linkSelector,meanMalus:sum,source,computeMeanMalus,
Exponential-capacity-3263-20210301-21:50:11-11302,scalar,Aerocom.aircraft[0].linkSelector,waitingTime:mean,,,0.56591805392371
Exponential-capacity-3263-20210301-21:50:11-11302,attr,Aerocom.aircraft[0].linkSelector,waitingTime:mean,,,
Exponential-capacity-3263-20210301-21:50:11-11302,attr,Aerocom.aircraft[0].linkSelector,waitingTime:mean,source,computeWaitingTime,
Exponential-capacity-3263-20210301-21:50:11-11302,scalar,Aerocom.aircraft[0].linkSelector,serviceTime:mean,,,0.0071981602492502
Exponential-capacity-3263-20210301-21:50:11-11302,attr,Aerocom.aircraft[0].linkSelector,serviceTime:mean,,,
Exponential-capacity-3263-20210301-21:50:11-11302,attr,Aerocom.aircraft[0].linkSelector,serviceTime:mean,source,computeServiceTime,
Exponential-capacity-3263-20210301-21:50:11-11302,scalar,Aerocom.aircraft[0].linkSelector,queueLength:mean,,,28.464225438552
Exponential-capacity-3263-20210301-21:50:11-11302,attr,Aerocom.aircraft[0].linkSelector,queueLength:mean,,,
Exponential-capacity-3263-20210301-21:50:11-11302,attr,Aerocom.aircraft[0].linkSelector,queueLength:mean,source,computeQueueLength,
Exponential-capacity-3263-20210301-21:50:11-11302,scalar,Aerocom.aircraft[0].dataLink[0],sentPackets:count,,,1461
Exponential-capacity-3263-20210301-21:50:11-11302,attr,Aerocom.aircraft[0].dataLink[0],sentPackets:count,source,computeSentPackets,
Exponential-capacity-3263-20210301-21:50:11-11302,scalar,Aerocom.aircraft[0].dataLink[0],actualCapacity:mean,,,9469.3330365093
Exponential-capacity-3263-20210301-21:50:11-11302,attr,Aerocom.aircraft[0].dataLink[0],actualCapacity:mean,,,
Exponential-capacity-3263-20210301-21:50:11-11302,attr,Aerocom.aircraft[0].dataLink[0],actualCapacity:mean,source,computeActualCapacity,
Exponential-capacity-3263-20210301-21:50:11-11302,scalar,Aerocom.aircraft[0].dataLink[1],sentPackets:count,,,842
Exponential-capacity-3263-20210301-21:50:11-11302,attr,Aerocom.aircraft[0].dataLink[1],sentPackets:count,source,computeSentPackets,
Exponential-capacity-3263-20210301-21:50:11-11302,scalar,Aerocom.aircraft[0].dataLink[1],actualCapacity:mean,,,9379.1283950617
Exponential-capacity-3263-20210301-21:50:11-11302,attr,Aerocom.aircraft[0].dataLink[1],actualCapacity:mean,,,
Exponential-capacity-3263-20210301-21:50:11-11302,attr,Aerocom.aircraft[0].dataLink[1],actualCapacity:mean,source,computeActualCapacity,
Exponential-capacity-3263-20210301-21:50:11-11302,scalar,Aerocom.aircraft[0].dataLink[2],sentPackets:count,,,1090
Exponential-capacity-3263-20210301-21:50:11-11302,attr,Aerocom.aircraft[0].dataLink[2],sentPackets:count,source,computeSentPackets,
Exponential-capacity-3263-20210301-21:50:11-11302,scalar,Aerocom.aircraft[0].dataLink[2],actualCapacity:mean,,,9370.3523758676
Exponential-capacity-3263-20210301-21:50:11-11302,attr,Aerocom.aircraft[0].dataLink[2],actualCapacity:mean,,,
Exponential-capacity-3263-20210301-21:50:11-11302,attr,Aerocom.aircraft[0].dataLink[2],actualCapacity:mean,source,computeActualCapacity,
Exponential-capacity-3263-20210301-21:50:11-11302,scalar,Aerocom.aircraft[0].dataLink[3],sentPackets:count,,,626
Exponential-capacity-3263-20210301-21:50:11-11302,attr,Aerocom.aircraft[0].dataLink[3],sentPackets:count,source,computeSentPackets,
Exponential-capacity-3263-20210301-21:50:11-11302,scalar,Aerocom.aircraft[0].dataLink[3],actualCapacity:mean,,,9261.8096935139
Exponential-capacity-3263-20210301-21:50:11-11302,attr,Aerocom.aircraft[0].dataLink[3],actualCapacity:mean,,,
Exponential-capacity-3263-20210301-21:50:11-11302,attr,Aerocom.aircraft[0].dataLink[3],actualCapacity:mean,source,computeActualCapacity,
Exponential-capacity-3263-20210301-21:50:11-11302,scalar,Aerocom.aircraft[0].dataLink[4],sentPackets:count,,,2190
Exponential-capacity-3263-20210301-21:50:11-11302,attr,Aerocom.aircraft[0].dataLink[4],sentPackets:count,source,computeSentPackets,
Exponential-capacity-3263-20210301-21:50:11-11302,scalar,Aerocom.aircraft[0].dataLink[4],actualCapacity:mean,,,9528.9784946237
Exponential-capacity-3263-20210301-21:50:11-11302,attr,Aerocom.aircraft[0].dataLink[4],actualCapacity:mean,,,
Exponential-capacity-3263-20210301-21:50:11-11302,attr,Aerocom.aircraft[0].dataLink[4],actualCapacity:mean,source,computeActualCapacity,
Exponential-capacity-3263-20210301-21:50:11-11302,scalar,Aerocom.aircraft[0].dataLink[5],sentPackets:count,,,1115
Exponential-capacity-3263-20210301-21:50:11-11302,attr,Aerocom.aircraft[0].dataLink[5],sentPackets:count,source,computeSentPackets,
Exponential-capacity-3263-20210301-21:50:11-11302,scalar,Aerocom.aircraft[0].dataLink[5],actualCapacity:mean,,,9447.2344573235
Exponential-capacity-3263-20210301-21:50:11-11302,attr,Aerocom.aircraft[0].dataLink[5],actualCapacity:mean,,,
Exponential-capacity-3263-20210301-21:50:11-11302,attr,Aerocom.aircraft[0].dataLink[5],actualCapacity:mean,source,computeActualCapacity,
Exponential-capacity-3263-20210301-21:50:11-11302,scalar,Aerocom.aircraft[0].dataLink[6],sentPackets:count,,,1346
Exponential-capacity-3263-20210301-21:50:11-11302,attr,Aerocom.aircraft[0].dataLink[6],sentPackets:count,source,computeSentPackets,
Exponential-capacity-3263-20210301-21:50:11-11302,scalar,Aerocom.aircraft[0].dataLink[6],actualCapacity:mean,,,9505.0136470588
Exponential-capacity-3263-20210301-21:50:11-11302,attr,Aerocom.aircraft[0].dataLink[6],actualCapacity:mean,,,
Exponential-capacity-3263-20210301-21:50:11-11302,attr,Aerocom.aircraft[0].dataLink[6],actualCapacity:mean,source,computeActualCapacity,
Exponential-capacity-3263-20210301-21:50:11-11302,scalar,Aerocom.aircraft[0].dataLink[7],sentPackets:count,,,898
Exponential-capacity-3263-20210301-21:50:11-11302,attr,Aerocom.aircraft[0].dataLink[7],sentPackets:count,source,computeSentPackets,
Exponential-capacity-3263-20210301-21:50:11-11302,scalar,Aerocom.aircraft[0].dataLink[7],actualCapacity:mean,,,9403.493753718
Exponential-capacity-3263-20210301-21:50:11-11302,attr,Aerocom.aircraft[0].dataLink[7],actualCapacity:mean,,,
Exponential-capacity-3263-20210301-21:50:11-11302,attr,Aerocom.aircraft[0].dataLink[7],actualCapacity:mean,source,computeActualCapacity,
Exponential-capacity-3263-20210301-21:50:11-11302,scalar,Aerocom.aircraft[0].dataLink[8],sentPackets:count,,,1452
Exponential-capacity-3263-20210301-21:50:11-11302,attr,Aerocom.aircraft[0].dataLink[8],sentPackets:count,source,computeSentPackets,
Exponential-capacity-3263-20210301-21:50:11-11302,scalar,Aerocom.aircraft[0].dataLink[8],actualCapacity:mean,,,9528.9579230081
Exponential-capacity-3263-20210301-21:50:11-11302,attr,Aerocom.aircraft[0].dataLink[8],actualCapacity:mean,,,
Exponential-capacity-3263-20210301-21:50:11-11302,attr,Aerocom.aircraft[0].dataLink[8],actualCapacity:mean,source,computeActualCapacity,
Exponential-capacity-3263-20210301-21:50:11-11302,scalar,Aerocom.aircraft[0].dataLink[9],sentPackets:count,,,995
Exponential-capacity-3263-20210301-21:50:11-11302,attr,Aerocom.aircraft[0].dataLink[9],sentPackets:count,source,computeSentPackets,
Exponential-capacity-3263-20210301-21:50:11-11302,scalar,Aerocom.aircraft[0].dataLink[9],actualCapacity:mean,,,9390.4868347339
Exponential-capacity-3263-20210301-21:50:11-11302,attr,Aerocom.aircraft[0].dataLink[9],actualCapacity:mean,,,
Exponential-capacity-3263-20210301-21:50:11-11302,attr,Aerocom.aircraft[0].dataLink[9],actualCapacity:mean,source,computeActualCapacity,
Exponential-capacity-3263-20210301-21:50:11-11302,scalar,Aerocom.aircraft[0].dataLink[10],sentPackets:count,,,522
Exponential-capacity-3263-20210301-21:50:11-11302,attr,Aerocom.aircraft[0].dataLink[10],sentPackets:count,source,computeSentPackets,
Exponential-capacity-3263-20210301-21:50:11-11302,scalar,Aerocom.aircraft[0].dataLink[10],actualCapacity:mean,,,9245.097467383
Exponential-capacity-3263-20210301-21:50:11-11302,attr,Aerocom.aircraft[0].dataLink[10],actualCapacity:mean,,,
Exponential-capacity-3263-20210301-21:50:11-11302,attr,Aerocom.aircraft[0].dataLink[10],actualCapacity:mean,source,computeActualCapacity,
Exponential-capacity-3263-20210301-21:50:11-11302,scalar,Aerocom.aircraft[0].dataLink[11],sentPackets:count,,,1808
Exponential-capacity-3263-20210301-21:50:11-11302,attr,Aerocom.aircraft[0].dataLink[11],sentPackets:count,source,computeSentPackets,
Exponential-capacity-3263-20210301-21:50:11-11302,scalar,Aerocom.aircraft[0].dataLink[11],actualCapacity:mean,,,9525.5251353442
Exponential-capacity-3263-20210301-21:50:11-11302,attr,Aerocom.aircraft[0].dataLink[11],actualCapacity:mean,,,
Exponential-capacity-3263-20210301-21:50:11-11302,attr,Aerocom.aircraft[0].dataLink[11],actualCapacity:mean,source,computeActualCapacity,
Exponential-capacity-3263-20210301-21:50:11-11302,scalar,Aerocom.aircraft[0].dataLink[12],sentPackets:count,,,1616
Exponential-capacity-3263-20210301-21:50:11-11302,attr,Aerocom.aircraft[0].dataLink[12],sentPackets:count,source,computeSentPackets,
Exponential-capacity-3263-20210301-21:50:11-11302,scalar,Aerocom.aircraft[0].dataLink[12],actualCapacity:mean,,,9467.2116666667
Exponential-capacity-3263-20210301-21:50:11-11302,attr,Aerocom.aircraft[0].dataLink[12],actualCapacity:mean,,,
Exponential-capacity-3263-20210301-21:50:11-11302,attr,Aerocom.aircraft[0].dataLink[12],actualCapacity:mean,source,computeActualCapacity,
Exponential-capacity-3263-20210301-21:50:11-11302,scalar,Aerocom.aircraft[0].dataLink[13],sentPackets:count,,,1151
Exponential-capacity-3263-20210301-21:50:11-11302,attr,Aerocom.aircraft[0].dataLink[13],sentPackets:count,source,computeSentPackets,
Exponential-capacity-3263-20210301-21:50:11-11302,scalar,Aerocom.aircraft[0].dataLink[13],actualCapacity:mean,,,9422.5087991718
Exponential-capacity-3263-20210301-21:50:11-11302,attr,Aerocom.aircraft[0].dataLink[13],actualCapacity:mean,,,
Exponential-capacity-3263-20210301-21:50:11-11302,attr,Aerocom.aircraft[0].dataLink[13],actualCapacity:mean,source,computeActualCapacity,
Exponential-capacity-3263-20210301-21:50:11-11302,scalar,Aerocom.aircraft[0].dataLink[14],sentPackets:count,,,1041
Exponential-capacity-3263-20210301-21:50:11-11302,attr,Aerocom.aircraft[0].dataLink[14],sentPackets:count,source,computeSentPackets,
Exponential-capacity-3263-20210301-21:50:11-11302,scalar,Aerocom.aircraft[0].dataLink[14],actualCapacity:mean,,,9415.2379120879
Exponential-capacity-3263-20210301-21:50:11-11302,attr,Aerocom.aircraft[0].dataLink[14],actualCapacity:mean,,,
Exponential-capacity-3263-20210301-21:50:11-11302,attr,Aerocom.aircraft[0].dataLink[14],actualCapacity:mean,source,computeActualCapacity,
Exponential-capacity-3263-20210301-21:50:11-11302,scalar,Aerocom.aircraft[0].dataLink[15],sentPackets:count,,,1400
Exponential-capacity-3263-20210301-21:50:11-11302,attr,Aerocom.aircraft[0].dataLink[15],sentPackets:count,source,computeSentPackets,
Exponential-capacity-3263-20210301-21:50:11-11302,scalar,Aerocom.aircraft[0].dataLink[15],actualCapacity:mean,,,9440.1398246424
Exponential-capacity-3263-20210301-21:50:11-11302,attr,Aerocom.aircraft[0].dataLink[15],actualCapacity:mean,,,
Exponential-capacity-3263-20210301-21:50:11-11302,attr,Aerocom.aircraft[0].dataLink[15],actualCapacity:mean,source,computeActualCapacity,
Exponential-capacity-3263-20210301-21:50:11-11302,scalar,Aerocom.controlTower,receivedPackets:count,,,19553
Exponential-capacity-3263-20210301-21:50:11-11302,attr,Aerocom.controlTower,receivedPackets:count,source,computeReceivedPackets,
Exponential-capacity-3264-20210301-21:50:10-11308,scalar,Aerocom.aircraft[0].linkSelector,responseTime:mean,,,0.53438848714806
Exponential-capacity-3264-20210301-21:50:10-11308,attr,Aerocom.aircraft[0].linkSelector,responseTime:mean,,,
Exponential-capacity-3264-20210301-21:50:10-11308,attr,Aerocom.aircraft[0].linkSelector,responseTime:mean,source,computeResponseTime,
Exponential-capacity-3264-20210301-21:50:10-11308,scalar,Aerocom.aircraft[0].linkSelector,meanMalus:sum,,,11936
Exponential-capacity-3264-20210301-21:50:10-11308,attr,Aerocom.aircraft[0].linkSelector,meanMalus:sum,,,
Exponential-capacity-3264-20210301-21:50:10-11308,attr,Aerocom.aircraft[0].linkSelector,meanMalus:sum,source,computeMeanMalus,
Exponential-capacity-3264-20210301-21:50:10-11308,scalar,Aerocom.aircraft[0].linkSelector,waitingTime:mean,,,0.52721657772622
Exponential-capacity-3264-20210301-21:50:10-11308,attr,Aerocom.aircraft[0].linkSelector,waitingTime:mean,,,
Exponential-capacity-3264-20210301-21:50:10-11308,attr,Aerocom.aircraft[0].linkSelector,waitingTime:mean,source,computeWaitingTime,
Exponential-capacity-3264-20210301-21:50:10-11308,scalar,Aerocom.aircraft[0].linkSelector,serviceTime:mean,,,0.0071980912382575
Exponential-capacity-3264-20210301-21:50:10-11308,attr,Aerocom.aircraft[0].linkSelector,serviceTime:mean,,,
Exponential-capacity-3264-20210301-21:50:10-11308,attr,Aerocom.aircraft[0].linkSelector,serviceTime:mean,source,computeServiceTime,
Exponential-capacity-3264-20210301-21:50:10-11308,scalar,Aerocom.aircraft[0].linkSelector,queueLength:mean,,,26.88672387683
Exponential-capacity-3264-20210301-21:50:10-11308,attr,Aerocom.aircraft[0].linkSelector,queueLength:mean,,,
Exponential-capacity-3264-20210301-21:50:10-11308,attr,Aerocom.aircraft[0].linkSelector,queueLength:mean,source,computeQueueLength,
Exponential-capacity-3264-20210301-21:50:10-11308,scalar,Aerocom.aircraft[0].dataLink[0],sentPackets:count,,,957
Exponential-capacity-3264-20210301-21:50:10-11308,attr,Aerocom.aircraft[0].dataLink[0],sentPackets:count,source,computeSentPackets,
Exponential-capacity-3264-20210301-21:50:10-11308,scalar,Aerocom.aircraft[0].dataLink[0],actualCapacity:mean,,,9411.6735395189
Exponential-capacity-3264-20210301-21:50:10-11308,attr,Aerocom.aircraft[0].dataLink[0],actualCapacity:mean,,,
Exponential-capacity-3264-20210301-21:50:10-11308,attr,Aerocom.aircraft[0].dataLink[0],actualCapacity:mean,source,computeActualCapacity,
Exponential-capacity-3264-20210301-21:50:10-11308,scalar,Aerocom.aircraft[0].dataLink[1],sentPackets:count,,,2144
Exponential-capacity-3264-20210301-21:50:10-11308,attr,Aerocom.aircraft[0].dataLink[1],sentPackets:count,source,computeSentPackets,
Exponential-capacity-3264-20210301-21:50:10-11308,scalar,Aerocom.aircraft[0].dataLink[1],actualCapacity:mean,,,9585.2643638851
Exponential-capacity-3264-20210301-21:50:10-11308,attr,Aerocom.aircraft[0].dataLink[1],actualCapacity:mean,,,
Exponential-capacity-3264-20210301-21:50:10-11308,attr,Aerocom.aircraft[0].dataLink[1],actualCapacity:mean,source,computeActualCapacity,
Exponential-capacity-3264-20210301-21:50:10-11308,scalar,Aerocom.aircraft[0].dataLink[2],sentPackets:count,,,1235
Exponential-capacity-3264-20210301-21:50:10-11308,attr,Aerocom.aircraft[0].dataLink[2],sentPackets:count,source,computeSentPackets,
Exponential-capacity-3264-20210301-21:50:10-11308,scalar,Aerocom.aircraft[0].dataLink[2],actualCapacity:mean,,,9431.1131513648
Exponential-capacity-3264-20210301-21:50:10-11308,attr,Aerocom.aircraft[0].dataLink[2],actualCapacity:mean,,,
Exponential-capacity-3264-20210301-21:50:10-11308,attr,Aerocom.aircraft[0].dataLink[2],actualCapacity:mean,source,computeActualCapacity,
Exponential-capacity-3264-20210301-21:50:10-11308,scalar,Aerocom.aircraft[0].dataLink[3],sentPackets:count,,,735
Exponential-capacity-3264-20210301-21:50:10-11308,attr,Aerocom.aircraft[0].dataLink[3],sentPackets:count,source,computeSentPackets,
Exponential-capacity-3264-20210301-21:50:10-11308,scalar,Aerocom.aircraft[0].dataLink[3],actualCapacity:mean,,,9345.0490066225
Exponential-capacity-3264-20210301-21:50:10-11308,attr,Aerocom.aircraft[0].dataLink[3],actualCapacity:mean,,,
Exponential-capacity-3264-20210301-21:50:10-11308,attr,Aerocom.aircraft[0].dataLink[3],actualCapacity:mean,source,computeActualCapacity,
Exponential-capacity-3264-20210301-21:50:10-11308,scalar,Aerocom.aircraft[0].dataLink[4],sentPackets:count,,,389
Exponential-capacity-3264-20210301-21:50:10-11308,attr,Aerocom.aircraft[0].dataLink[4],sentPackets:count,source,computeSentPackets,
Exponential-capacity-3264-20210301-21:50:10-11308,scalar,Aerocom.aircraft[0].dataLink[4],actualCapacity:mean,,,9183.1145299145
Exponential-capacity-3264-20210301-21:50:10-11308,attr,Aerocom.aircraft[0].dataLink[4],actualCapacity:mean,,,
Exponential-capacity-3264-20210301-21:50:10-11308,attr,Aerocom.aircraft[0].dataLink[4],actualCapacity:mean,source,computeActualCapacity,
Exponential-capacity-3264-20210301-21:50:10-11308,scalar,Aerocom.aircraft[0].dataLink[5],sentPackets:count,,,1097
Exponential-capacity-3264-20210301-21:50:10-11308,attr,Aerocom.aircraft[0].dataLink[5],sentPackets:count,source,computeSentPackets,
Exponential-capacity-3264-20210301-21:50:10-11308,scalar,Aerocom.aircraft[0].dataLink[5],actualCapacity:mean,,,9387.1586794462
Exponential-capacity-3264-20210301-21:50:10-11308,attr,Aerocom.aircraft[0].dataLink[5],actualCapacity:mean,,,
Exponential-capacity-3264-20210301-21:50:10-11308,attr,Aerocom.aircraft[0].dataLink[5],actualCapacity:mean,source,computeActualCapacity,
Exponential-capacity-3264-20210301-21:50:10-11308,scalar,Aerocom.aircraft[0].dataLink[6],sentPackets:count,,,1839
Exponential-capacity-3264-20210301-21:50:10-11308,attr,Aerocom.aircraft[0].dataLink[6],sentPackets:count,source,computeSentPackets,
Exponential-capacity-3264-20210301-21:50:10-11308,scalar,Aerocom.aircraft[0].dataLink[6],actualCapacity:mean,,,9505.7411225659
Exponential-capacity-3264-20210301-21:50:10-11308,attr,Aerocom.aircraft[0].dataLink[6],actualCapacity:mean,,,
Exponential-capacity-3264-20210301-21:50:10-11308,attr,Aerocom.aircraft[0].dataLink[6],actualCapacity:mean,source,computeActualCapacity,
Exponential-capacity-3264-20210301-21:50:10-11308,scalar,Aerocom.aircraft[0].dataLink[7],sentPackets:count,,,1660
Exponential-capacity-3264-20210301-21:50:10-11308,attr,Aerocom.aircraft[0].dataLink[7],sentPackets:count,source,computeSentPackets,
Exponential-capacity-3264-20210301-21:50:10-11308,scalar,Aerocom.aircraft[0].dataLink[7],actualCapacity:mean,,,9495.2105694388
Exponential-capacity-3264-20210301-21:50:10-11308,attr,Aerocom.aircraft[0].dataLink[7],actualCapacity:mean,,,
Exponential-capacity-3264-20210301-21:50:10-11308,attr,Aerocom.aircraft[0].dataLink[7],actualCapacity:mean,source,computeActualCapacity,
Exponential-capacity-3264-20210301-21:50:10-11308,scalar,Aerocom.aircraft[0].dataLink[8],sentPackets:count,,,967
Exponential-capacity-3264-20210301-21:50:10-11308,attr,Aerocom.aircraft[0].dataLink[8],sentPackets:count,source,computeSentPackets,
Exponential-capacity-3264-20210301-21:50:10-11308,scalar,Aerocom.aircraft[0].dataLink[8],actualCapacity:mean,,,9406.192791762
Exponential-capacity-3264-20210301-21:50:10-11308,attr,Aerocom.aircraft[0].dataLink[8],actualCapacity:mean,,,
Exponential-capacity-3264-20210301-21:50:10-11308,attr,Aerocom.aircraft[0].dataLink[8],actualCapacity:mean,source,computeActualCapacity,
Exponential-capacity-3264-20210301-21:50:10-11308,scalar,Aerocom.aircraft[0].dataLink[9],sentPackets:count,,,1236
Exponential-capacity-3264-20210301-21:50:10-11308,attr,Aerocom.aircraft[0].dataLink[9],sentPackets:count,source,computeSentPackets,
Exponential-capacity-3264-20210301-21:50:10-11308,scalar,Aerocom.aircraft[0].dataLink[9],actualCapacity:mean,,,9455.653617443
Exponential-capacity-3264-20210301-21:50:10-11308,attr,Aerocom.aircraft[0].dataLink[9],actualCapacity:mean,,,
Exponential-capacity-3264-20210301-21:50:10-11308,attr,Aerocom.aircraft[0].dataLink[9],actualCapacity:mean,source,computeActualCapacity,
Exponential-capacity-3264-20210301-21:50:10-11308,scalar,Aerocom.aircraft[0].dataLink[10],sentPackets:count,,,880
Exponential-capacity-3264-20210301-21:50:10-11308,attr,Aerocom.aircraft[0].dataLink[10],sentPackets:count,source,computeSentPackets,
Exponential-capacity-3264-20210301-21:50:10-11308,scalar,Aerocom.aircraft[0].dataLink[10],actualCapacity:mean,,,9333.981884058
Exponential-capacity-3264-20210301-21:50:10-11308,attr,Aerocom.aircraft[0].dataLink[10],actualCapacity:mean,,,
Exponential-capacity-3264-20210301-21:50:10-11308,attr,Aerocom.aircraft[0].dataLink[10],actualCapacity:mean,source,computeActualCapacity,
Exponential-capacity-3264-20210301-21:50:10-11308,scalar,Aerocom.aircraft[0].dataLink[11],sentPackets:count,,,706
Exponential-capacity-3264-20210301-21:50:10-11308,attr,Aerocom.aircraft[0].dataLink[11],sentPackets:count,source,computeSentPackets,
Exponential-capacity-3264-20210301-21:50:10-11308,scalar,Aerocom.aircraft[0].dataLink[11],actualCapacity:mean,,,9278.8382550336
Exponential-capacity-3264-20210301-21:50:10-11308,attr,Aerocom.aircraft[0].dataLink[11],actualCapacity:mean,,,
Exponential-capacity-3264-20210301-21:50:10-11308,attr,Aerocom.aircraft[0].dataLink[11],actualCapacity:mean,source,computeActualCapacity,
Exponential-capacity-3264-20210301-21:50:10-11308,scalar,Aerocom.aircraft[0].dataLink[12],sentPackets:count,,,1313
Exponential-capacity-3264-20210301-21:50:10-11308,attr,Aerocom.aircraft[0].dataLink[12],sentPackets:count,source,computeSentPackets,
Exponential-capacity-3264-20210301-21:50:10-11308,scalar,Aerocom.aircraft[0].dataLink[12],actualCapacity:mean,,,9462.476372315
Exponential-capacity-3264-20210301-21:50:10-11308,attr,Aerocom.aircraft[0].dataLink[12],actualCapacity:mean,,,
Exponential-capacity-3264-20210301-21:50:10-11308,attr,Aerocom.aircraft[0].dataLink[12],actualCapacity:mean,source,computeActualCapacity,
Exponential-capacity-3264-20210301-21:50:10-11308,scalar,Aerocom.aircraft[0].dataLink[13],sentPackets:count,,,1387
Exponential-capacity-3264-20210301-21:50:10-11308,attr,Aerocom.aircraft[0].dataLink[13],sentPackets:count,source,computeSentPackets,
Exponential-capacity-3264-20210301-21:50:10-11308,scalar,Aerocom.aircraft[0].dataLink[13],actualCapacity:mean,,,9489.8841716659
Exponential-capacity-3264-20210301-21:50:10-11308,attr,Aerocom.aircraft[0].dataLink[13],actualCapacity:mean,,,
Exponential-capacity-3264-20210301-21:50:10-11308,attr,Aerocom.aircraft[0].dataLink[13],actualCapacity:mean,source,computeActualCapacity,
Exponential-capacity-3264-20210301-21:50:10-11308,scalar,Aerocom.aircraft[0].dataLink[14],sentPackets:count,,,1633
Exponential-capacity-3264-20210301-21:50:10-11308,attr,Aerocom.aircraft[0].dataLink[14],sentPackets:count,source,computeSentPackets,
Exponential-capacity-3264-20210301-21:50:10-11308,scalar,Aerocom.aircraft[0].dataLink[14],actualCapacity:mean,,,9521.6929133858
Exponential-capacity-3264-20210301-21:50:10-11308,attr,Aerocom.aircraft[0].dataLink[14],actualCapacity:mean,,,
Exponential-capacity-3264-20210301-21:50:10-11308,attr,Aerocom.aircraft[0].dataLink[14],actualCapacity:mean,source,computeActualCapacity,
Exponential-capacity-3264-20210301-21:50:10-11308,scalar,Aerocom.aircraft[0].dataLink[15],sentPackets:count,,,1633
Exponential-capacity-3264-20210301-21:50:10-11308,attr,Aerocom.aircraft[0].dataLink[15],sentPackets:count,source,computeSentPackets,
Exponential-capacity-3264-20210301-21:50:10-11308,scalar,Aerocom.aircraft[0].dataLink[15],actualCapacity:mean,,,9487.9052152318
Exponential-capacity-3264-20210301-21:50:10-11308,attr,Aerocom.aircraft[0].dataLink[15],actualCapacity:mean,,,
Exponential-capacity-3264-20210301-21:50:10-11308,attr,Aerocom.aircraft[0].dataLink[15],actualCapacity:mean,source,computeActualCapacity,
Exponential-capacity-3264-20210301-21:50:10-11308,scalar,Aerocom.controlTower,receivedPackets:count,,,19811
Exponential-capacity-3264-20210301-21:50:10-11308,attr,Aerocom.controlTower,receivedPackets:count,source,computeReceivedPackets,
Exponential-capacity-3265-20210301-21:50:11-11308,scalar,Aerocom.aircraft[0].linkSelector,responseTime:mean,,,0.58718537897833
Exponential-capacity-3265-20210301-21:50:11-11308,attr,Aerocom.aircraft[0].linkSelector,responseTime:mean,,,
Exponential-capacity-3265-20210301-21:50:11-11308,attr,Aerocom.aircraft[0].linkSelector,responseTime:mean,source,computeResponseTime,
Exponential-capacity-3265-20210301-21:50:11-11308,scalar,Aerocom.aircraft[0].linkSelector,meanMalus:sum,,,13546
Exponential-capacity-3265-20210301-21:50:11-11308,attr,Aerocom.aircraft[0].linkSelector,meanMalus:sum,,,
Exponential-capacity-3265-20210301-21:50:11-11308,attr,Aerocom.aircraft[0].linkSelector,meanMalus:sum,source,computeMeanMalus,
Exponential-capacity-3265-20210301-21:50:11-11308,scalar,Aerocom.aircraft[0].linkSelector,waitingTime:mean,,,0.58001412766429
Exponential-capacity-3265-20210301-21:50:11-11308,attr,Aerocom.aircraft[0].linkSelector,waitingTime:mean,,,
Exponential-capacity-3265-20210301-21:50:11-11308,attr,Aerocom.aircraft[0].linkSelector,waitingTime:mean,source,computeWaitingTime,
Exponential-capacity-3265-20210301-21:50:11-11308,scalar,Aerocom.aircraft[0].linkSelector,serviceTime:mean,,,0.0072010837986459
Exponential-capacity-3265-20210301-21:50:11-11308,attr,Aerocom.aircraft[0].linkSelector,serviceTime:mean,,,
Exponential-capacity-3265-20210301-21:50:11-11308,attr,Aerocom.aircraft[0].linkSelector,serviceTime:mean,source,computeServiceTime,
Exponential-capacity-3265-20210301-21:50:11-11308,scalar,Aerocom.aircraft[0].linkSelector,queueLength:mean,,,28.846399176955
Exponential-capacity-3265-20210301-21:50:11-11308,attr,Aerocom.aircraft[0].linkSelector,queueLength:mean,,,
Exponential-capacity-3265-20210301-21:50:11-11308,attr,Aerocom.aircraft[0].linkSelector,queueLength:mean,source,computeQueueLength,
Exponential-capacity-3265-20210301-21:50:11-11308,scalar,Aerocom.aircraft[0].dataLink[0],sentPackets:count,,,1057
Exponential-capacity-3265-20210301-21:50:11-11308,attr,Aerocom.aircraft[0].dataLink[0],sentPackets:count,source,computeSentPackets,
Exponential-capacity-3265-20210301-21:50:11-11308,scalar,Aerocom.aircraft[0].dataLink[0],actualCapacity:mean,,,9389.0141535112
Exponential-capacity-3265-20210301-21:50:11-11308,attr,Aerocom.aircraft[0].dataLink[0],actualCapacity:mean,,,
Exponential-capacity-3265-20210301-21:50:11-11308,attr,Aerocom.aircraft[0].dataLink[0],actualCapacity:mean,source,computeActualCapacity,
Exponential-capacity-3265-20210301-21:50:11-11308,scalar,Aerocom.aircraft[0].dataLink[1],sentPackets:count,,,1226
Exponential-capacity-3265-20210301-21:50:11-11308,attr,Aerocom.aircraft[0].dataLink[1],sentPackets:count,source,computeSentPackets,
Exponential-capacity-3265-20210301-21:50:11-11308,scalar,Aerocom.aircraft[0].dataLink[1],actualCapacity:mean,,,9463.0169491525
Exponential-capacity-3265-20210301-21:50:11-11308,attr,Aerocom.aircraft[0].dataLink[1],actualCapacity:mean,,,
Exponential-capacity-3265-20210301-21:50:11-11308,attr,Aerocom.aircraft[0].dataLink[1],actualCapacity:mean,source,computeActualCapacity,
Exponential-capacity-3265-20210301-21:50:11-11308,scalar,Aerocom.aircraft[0].dataLink[2],sentPackets:count,,,1042
Exponential-capacity-3265-20210301-21:50:11-11308,attr,Aerocom.aircraft[0].dataLink[2],sentPackets:count,source,computeSentPackets,
Exponential-capacity-3265-20210301-21:50:11-11308,scalar,Aerocom.aircraft[0].dataLink[2],actualCapacity:mean,,,9358.1071623838
Exponential-capacity-3265-20210301-21:50:11-11308,attr,Aerocom.aircraft[0].dataLink[2],actualCapacity:mean,,,
Exponential-capacity-3265-20210301-21:50:11-11308,attr,Aerocom.aircraft[0].dataLink[2],actualCapacity:mean,source,computeActualCapacity,
Exponential-capacity-3265-20210301-21:50:11-11308,scalar,Aerocom.aircraft[0].dataLink[3],sentPackets:count,,,546
Exponential-capacity-3265-20210301-21:50:11-11308,attr,Aerocom.aircraft[0].dataLink[3],sentPackets:count,source,computeSentPackets,
Exponential-capacity-3265-20210301-21:50:11-11308,scalar,Aerocom.aircraft[0].dataLink[3],actualCapacity:mean,,,9244.8850226929
Exponential-capacity-3265-20210301-21:50:11-11308,attr,Aerocom.aircraft[0].dataLink[3],actualCapacity:mean,,,
Exponential-capacity-3265-20210301-21:50:11-11308,attr,Aerocom.aircraft[0].dataLink[3],actualCapacity:mean,source,computeActualCapacity,
Exponential-capacity-3265-20210301-21:50:11-11308,scalar,Aerocom.aircraft[0].dataLink[4],sentPackets:count,,,1783
Exponential-capacity-3265-20210301-21:50:11-11308,attr,Aerocom.aircraft[0].dataLink[4],sentPackets:count,source,computeSentPackets,
Exponential-capacity-3265-20210301-21:50:11-11308,scalar,Aerocom.aircraft[0].dataLink[4],actualCapacity:mean,,,9522.9302959502
Exponential-capacity-3265-20210301-21:50:11-11308,attr,Aerocom.aircraft[0].dataLink[4],actualCapacity:mean,,,
Exponential-capacity-3265-20210301-21:50:11-11308,attr,Aerocom.aircraft[0].dataLink[4],actualCapacity:mean,source,computeActualCapacity,
Exponential-capacity-3265-20210301-21:50:11-11308,scalar,Aerocom.aircraft[0].dataLink[5],sentPackets:count,,,1720
Exponential-capacity-3265-20210301-21:50:11-11308,attr,Aerocom.aircraft[0].dataLink[5],sentPackets:count,source,computeSentPackets,
Exponential-capacity-3265-20210301-21:50:11-11308,scalar,Aerocom.aircraft[0].dataLink[5],actualCapacity:mean,,,9514.4978061428
Exponential-capacity-3265-20210301-21:50:11-11308,attr,Aerocom.aircraft[0].dataLink[5],actualCapacity:mean,,,
Exponential-capacity-3265-20210301-21:50:11-11308,attr,Aerocom.aircraft[0].dataLink[5],actualCapacity:mean,source,computeActualCapacity,
Exponential-capacity-3265-20210301-21:50:11-11308,scalar,Aerocom.aircraft[0].dataLink[6],sentPackets:count,,,723
Exponential-capacity-3265-20210301-21:50:11-11308,attr,Aerocom.aircraft[0].dataLink[6],sentPackets:count,source,computeSentPackets,
Exponential-capacity-3265-20210301-21:50:11-11308,scalar,Aerocom.aircraft[0].dataLink[6],actualCapacity:mean,,,9338.7205882353
Exponential-capacity-3265-20210301-21:50:11-11308,attr,Aerocom.aircraft[0].dataLink[6],actualCapacity:mean,,,
Exponential-capacity-3265-20210301-21:50:11-11308,attr,Aerocom.aircraft[0].dataLink[6],actualCapacity:mean,source,computeActualCapacity,
Exponential-capacity-3265-20210301-21:50:11-11308,scalar,Aerocom.aircraft[0].dataLink[7],sentPackets:count,,,2399
Exponential-capacity-3265-20210301-21:50:11-11308,attr,Aerocom.aircraft[0].dataLink[7],sentPackets:count,source,computeSentPackets,
Exponential-capacity-3265-20210301-21:50:11-11308,scalar,Aerocom.aircraft[0].dataLink[7],actualCapacity:mean,,,9630.0654705697
Exponential-capacity-3265-20210301-21:50:11-11308,attr,Aerocom.aircraft[0].dataLink[7],actualCapacity:mean,,,
Exponential-capacity-3265-20210301-21:50:11-11308,attr,Aerocom.aircraft[0].dataLink[7],actualCapacity:mean,source,computeActualCapacity,
Exponential-capacity-3265-20210301-21:50:11-11308,scalar,Aerocom.aircraft[0].dataLink[8],sentPackets:count,,,811
Exponential-capacity-3265-20210301-21:50:11-11308,attr,Aerocom.aircraft[0].dataLink[8],sentPackets:count,source,computeSentPackets,
Exponential-capacity-3265-20210301-21:50:11-11308,scalar,Aerocom.aircraft[0].dataLink[8],actualCapacity:mean,,,9333.8428303068
Exponential-capacity-3265-20210301-21:50:11-11308,attr,Aerocom.aircraft[0].dataLink[8],actualCapacity:mean,,,
Exponential-capacity-3265-20210301-21:50:11-11308,attr,Aerocom.aircraft[0].dataLink[8],actualCapacity:mean,source,computeActualCapacity,
Exponential-capacity-3265-20210301-21:50:11-11308,scalar,Aerocom.aircraft[0].dataLink[9],sentPackets:count,,,1137
Exponential-capacity-3265-20210301-21:50:11-11308,attr,Aerocom.aircraft[0].dataLink[9],sentPackets:count,source,computeSentPackets,
Exponential-capacity-3265-20210301-21:50:11-11308,scalar,Aerocom.aircraft[0].dataLink[9],actualCapacity:mean,,,9419.7778936392
Exponential-capacity-3265-20210301-21:50:11-11308,attr,Aerocom.aircraft[0].dataLink[9],actualCapacity:mean,,,
Exponential-capacity-3265-20210301-21:50:11-11308,attr,Aerocom.aircraft[0].dataLink[9],actualCapacity:mean,source,computeActualCapacity,
Exponential-capacity-3265-20210301-21:50:11-11308,scalar,Aerocom.aircraft[0].dataLink[10],sentPackets:count,,,1590
Exponential-capacity-3265-20210301-21:50:11-11308,attr,Aerocom.aircraft[0].dataLink[10],sentPackets:count,source,computeSentPackets,
Exponential-capacity-3265-20210301-21:50:11-11308,scalar,Aerocom.aircraft[0].dataLink[10],actualCapacity:mean,,,9497.7261603376
Exponential-capacity-3265-20210301-21:50:11-11308,attr,Aerocom.aircraft[0].dataLink[10],actualCapacity:mean,,,
Exponential-capacity-3265-20210301-21:50:11-11308,attr,Aerocom.aircraft[0].dataLink[10],actualCapacity:mean,source,computeActualCapacity,
Exponential-capacity-3265-20210301-21:50:11-11308,scalar,Aerocom.aircraft[0].dataLink[11],sentPackets:count,,,1269
Exponential-capacity-3265-20210301-21:50:11-11308,attr,Aerocom.aircraft[0].dataLink[11],sentPackets:count,source,computeSentPackets,
Exponential-capacity-3265-20210301-21:50:11-11308,scalar,Aerocom.aircraft[0].dataLink[11],actualCapacity:mean,,,9443.3266405485
Exponential-capacity-3265-20210301-21:50:11-11308,attr,Aerocom.aircraft[0].dataLink[11],actualCapacity:mean,,,
Exponential-capacity-3265-20210301-21:50:11-11308,attr,Aerocom.aircraft[0].dataLink[11],actualCapacity:mean,source,computeActualCapacity,
Exponential-capacity-3265-20210301-21:50:11-11308,scalar,Aerocom.aircraft[0].dataLink[12],sentPackets:count,,,1011
Exponential-capacity-3265-20210301-21:50:11-11308,attr,Aerocom.aircraft[0].dataLink[12],sentPackets:count,source,computeSentPackets,
Exponential-capacity-3265-20210301-21:50:11-11308,scalar,Aerocom.aircraft[0].dataLink[12],actualCapacity:mean,,,9403.8445682451
Exponential-capacity-3265-20210301-21:50:11-11308,attr,Aerocom.aircraft[0].dataLink[12],actualCapacity:mean,,,
Exponential-capacity-3265-20210301-21:50:11-11308,attr,Aerocom.aircraft[0].dataLink[12],actualCapacity:mean,source,computeActualCapacity,
Exponential-capacity-3265-20210301-21:50:11-11308,scalar,Aerocom.aircraft[0].dataLink[13],sentPackets:count,,,742
Exponential-capacity-3265-20210301-21:50:11-11308,attr,Aerocom.aircraft[0].dataLink[13],sentPackets:count,source,computeSentPackets,
Exponential-capacity-3265-20210301-21:50:11-11308,scalar,Aerocom.aircraft[0].dataLink[13],actualCapacity:mean,,,9311.0513157895
Exponential-capacity-3265-20210301-21:50:11-11308,attr,Aerocom.aircraft[0].dataLink[13],actualCapacity:mean,,,
Exponential-capacity-3265-20210301-21:50:11-11308,attr,Aerocom.aircraft[0].dataLink[13],actualCapacity:mean,source,computeActualCapacity,
Exponential-capacity-3265-20210301-21:50:11-11308,scalar,Aerocom.aircraft[0].dataLink[14],sentPackets:count,,,1470
Exponential-capacity-3265-20210301-21:50:11-11308,attr,Aerocom.aircraft[0].dataLink[14],sentPackets:count,source,computeSentPackets,
Exponential-capacity-3265-20210301-21:50:11-11308,scalar,Aerocom.aircraft[0].dataLink[14],actualCapacity:mean,,,9508.3879272082
Exponential-capacity-3265-20210301-21:50:11-11308,attr,Aerocom.aircraft[0].dataLink[14],actualCapacity:mean,,,
Exponential-capacity-3265-20210301-21:50:11-11308,attr,Aerocom.aircraft[0].dataLink[14],actualCapacity:mean,source,computeActualCapacity,
Exponential-capacity-3265-20210301-21:50:11-11308,scalar,Aerocom.aircraft[0].dataLink[15],sentPackets:count,,,915
Exponential-capacity-3265-20210301-21:50:11-11308,attr,Aerocom.aircraft[0].dataLink[15],sentPackets:count,source,computeSentPackets,
Exponential-capacity-3265-20210301-21:50:11-11308,scalar,Aerocom.aircraft[0].dataLink[15],actualCapacity:mean,,,9388.5591524426
Exponential-capacity-3265-20210301-21:50:11-11308,attr,Aerocom.aircraft[0].dataLink[15],actualCapacity:mean,,,
Exponential-capacity-3265-20210301-21:50:11-11308,attr,Aerocom.aircraft[0].dataLink[15],actualCapacity:mean,source,computeActualCapacity,
Exponential-capacity-3265-20210301-21:50:11-11308,scalar,Aerocom.controlTower,receivedPackets:count,,,19441
Exponential-capacity-3265-20210301-21:50:11-11308,attr,Aerocom.controlTower,receivedPackets:count,source,computeReceivedPackets,
Exponential-capacity-3266-20210301-21:50:11-11308,scalar,Aerocom.aircraft[0].linkSelector,responseTime:mean,,,0.57591120753705
Exponential-capacity-3266-20210301-21:50:11-11308,attr,Aerocom.aircraft[0].linkSelector,responseTime:mean,,,
Exponential-capacity-3266-20210301-21:50:11-11308,attr,Aerocom.aircraft[0].linkSelector,responseTime:mean,source,computeResponseTime,
Exponential-capacity-3266-20210301-21:50:11-11308,scalar,Aerocom.aircraft[0].linkSelector,meanMalus:sum,,,12318
Exponential-capacity-3266-20210301-21:50:11-11308,attr,Aerocom.aircraft[0].linkSelector,meanMalus:sum,,,
Exponential-capacity-3266-20210301-21:50:11-11308,attr,Aerocom.aircraft[0].linkSelector,meanMalus:sum,source,computeMeanMalus,
Exponential-capacity-3266-20210301-21:50:11-11308,scalar,Aerocom.aircraft[0].linkSelector,waitingTime:mean,,,0.56876205059811
Exponential-capacity-3266-20210301-21:50:11-11308,attr,Aerocom.aircraft[0].linkSelector,waitingTime:mean,,,
Exponential-capacity-3266-20210301-21:50:11-11308,attr,Aerocom.aircraft[0].linkSelector,waitingTime:mean,source,computeWaitingTime,
Exponential-capacity-3266-20210301-21:50:11-11308,scalar,Aerocom.aircraft[0].linkSelector,serviceTime:mean,,,0.0071885001515759
Exponential-capacity-3266-20210301-21:50:11-11308,attr,Aerocom.aircraft[0].linkSelector,serviceTime:mean,,,
Exponential-capacity-3266-20210301-21:50:11-11308,attr,Aerocom.aircraft[0].linkSelector,serviceTime:mean,source,computeServiceTime,
Exponential-capacity-3266-20210301-21:50:11-11308,scalar,Aerocom.aircraft[0].linkSelector,queueLength:mean,,,28.552439335888
Exponential-capacity-3266-20210301-21:50:11-11308,attr,Aerocom.aircraft[0].linkSelector,queueLength:mean,,,
Exponential-capacity-3266-20210301-21:50:11-11308,attr,Aerocom.aircraft[0].linkSelector,queueLength:mean,source,computeQueueLength,
Exponential-capacity-3266-20210301-21:50:11-11308,scalar,Aerocom.aircraft[0].dataLink[0],sentPackets:count,,,1134
Exponential-capacity-3266-20210301-21:50:11-11308,attr,Aerocom.aircraft[0].dataLink[0],sentPackets:count,source,computeSentPackets,
Exponential-capacity-3266-20210301-21:50:11-11308,scalar,Aerocom.aircraft[0].dataLink[0],actualCapacity:mean,,,9441.3957247132
Exponential-capacity-3266-20210301-21:50:11-11308,attr,Aerocom.aircraft[0].dataLink[0],actualCapacity:mean,,,
Exponential-capacity-3266-20210301-21:50:11-11308,attr,Aerocom.aircraft[0].dataLink[0],actualCapacity:mean,source,computeActualCapacity,
Exponential-capacity-3266-20210301-21:50:11-11308,scalar,Aerocom.aircraft[0].dataLink[1],sentPackets:count,,,944
Exponential-capacity-3266-20210301-21:50:11-11308,attr,Aerocom.aircraft[0].dataLink[1],sentPackets:count,source,computeSentPackets,
Exponential-capacity-3266-20210301-21:50:11-11308,scalar,Aerocom.aircraft[0].dataLink[1],actualCapacity:mean,,,9369.5573580533
Exponential-capacity-3266-20210301-21:50:11-11308,attr,Aerocom.aircraft[0].dataLink[1],actualCapacity:mean,,,
Exponential-capacity-3266-20210301-21:50:11-11308,attr,Aerocom.aircraft[0].dataLink[1],actualCapacity:mean,source,computeActualCapacity,
Exponential-capacity-3266-20210301-21:50:11-11308,scalar,Aerocom.aircraft[0].dataLink[2],sentPackets:count,,,921
Exponential-capacity-3266-20210301-21:50:11-11308,attr,Aerocom.aircraft[0].dataLink[2],sentPackets:count,source,computeSentPackets,
Exponential-capacity-3266-20210301-21:50:11-11308,scalar,Aerocom.aircraft[0].dataLink[2],actualCapacity:mean,,,9426.5196942975
Exponential-capacity-3266-20210301-21:50:11-11308,attr,Aerocom.aircraft[0].dataLink[2],actualCapacity:mean,,,
Exponential-capacity-3266-20210301-21:50:11-11308,attr,Aerocom.aircraft[0].dataLink[2],actualCapacity:mean,source,computeActualCapacity,
Exponential-capacity-3266-20210301-21:50:11-11308,scalar,Aerocom.aircraft[0].dataLink[3],sentPackets:count,,,1507
Exponential-capacity-3266-20210301-21:50:11-11308,attr,Aerocom.aircraft[0].dataLink[3],sentPackets:count,source,computeSentPackets,
Exponential-capacity-3266-20210301-21:50:11-11308,scalar,Aerocom.aircraft[0].dataLink[3],actualCapacity:mean,,,9511.8573928259
Exponential-capacity-3266-20210301-21:50:11-11308,attr,Aerocom.aircraft[0].dataLink[3],actualCapacity:mean,,,
Exponential-capacity-3266-20210301-21:50:11-11308,attr,Aerocom.aircraft[0].dataLink[3],actualCapacity:mean,source,computeActualCapacity,
Exponential-capacity-3266-20210301-21:50:11-11308,scalar,Aerocom.aircraft[0].dataLink[4],sentPackets:count,,,783
Exponential-capacity-3266-20210301-21:50:11-11308,attr,Aerocom.aircraft[0].dataLink[4],sentPackets:count,source,computeSentPackets,
Exponential-capacity-3266-20210301-21:50:11-11308,scalar,Aerocom.aircraft[0].dataLink[4],actualCapacity:mean,,,9368.0722506394
Exponential-capacity-3266-20210301-21:50:11-11308,attr,Aerocom.aircraft[0].dataLink[4],actualCapacity:mean,,,
Exponential-capacity-3266-20210301-21:50:11-11308,attr,Aerocom.aircraft[0].dataLink[4],actualCapacity:mean,source,computeActualCapacity,
Exponential-capacity-3266-20210301-21:50:11-11308,scalar,Aerocom.aircraft[0].dataLink[5],sentPackets:count,,,1369
Exponential-capacity-3266-20210301-21:50:11-11308,attr,Aerocom.aircraft[0].dataLink[5],sentPackets:count,source,computeSentPackets,
Exponential-capacity-3266-20210301-21:50:11-11308,scalar,Aerocom.aircraft[0].dataLink[5],actualCapacity:mean,,,9471.9158139535
Exponential-capacity-3266-20210301-21:50:11-11308,attr,Aerocom.aircraft[0].dataLink[5],actualCapacity:mean,,,
Exponential-capacity-3266-20210301-21:50:11-11308,attr,Aerocom.aircraft[0].dataLink[5],actualCapacity:mean,source,computeActualCapacity,
Exponential-capacity-3266-20210301-21:50:11-11308,scalar,Aerocom.aircraft[0].dataLink[6],sentPackets:count,,,1377
Exponential-capacity-3266-20210301-21:50:11-11308,attr,Aerocom.aircraft[0].dataLink[6],sentPackets:count,source,computeSentPackets,
Exponential-capacity-3266-20210301-21:50:11-11308,scalar,Aerocom.aircraft[0].dataLink[6],actualCapacity:mean,,,9545.030148423
Exponential-capacity-3266-20210301-21:50:11-11308,attr,Aerocom.aircraft[0].dataLink[6],actualCapacity:mean,,,
Exponential-capacity-3266-20210301-21:50:11-11308,attr,Aerocom.aircraft[0].dataLink[6],actualCapacity:mean,source,computeActualCapacity,
Exponential-capacity-3266-20210301-21:50:11-11308,scalar,Aerocom.aircraft[0].dataLink[7],sentPackets:count,,,1297
Exponential-capacity-3266-20210301-21:50:11-11308,attr,Aerocom.aircraft[0].dataLink[7],sentPackets:count,source,computeSentPackets,
Exponential-capacity-3266-20210301-21:50:11-11308,scalar,Aerocom.aircraft[0].dataLink[7],actualCapacity:mean,,,9443.9730769231
Exponential-capacity-3266-20210301-21:50:11-11308,attr,Aerocom.aircraft[0].dataLink[7],actualCapacity:mean,,,
Exponential-capacity-3266-20210301-21:50:11-11308,attr,Aerocom.aircraft[0].dataLink[7],actualCapacity:mean,source,computeActualCapacity,
Exponential-capacity-3266-20210301-21:50:11-11308,scalar,Aerocom.aircraft[0].dataLink[8],sentPackets:count,,,1250
Exponential-capacity-3266-20210301-21:50:11-11308,attr,Aerocom.aircraft[0].dataLink[8],sentPackets:count,source,computeSentPackets,
Exponential-capacity-3266-20210301-21:50:11-11308,scalar,Aerocom.aircraft[0].dataLink[8],actualCapacity:mean,,,9490.0211406096
Exponential-capacity-3266-20210301-21:50:11-11308,attr,Aerocom.aircraft[0].dataLink[8],actualCapacity:mean,,,
Exponential-capacity-3266-20210301-21:50:11-11308,attr,Aerocom.aircraft[0].dataLink[8],actualCapacity:mean,source,computeActualCapacity,
Exponential-capacity-3266-20210301-21:50:11-11308,scalar,Aerocom.aircraft[0].dataLink[9],sentPackets:count,,,804
Exponential-capacity-3266-20210301-21:50:11-11308,attr,Aerocom.aircraft[0].dataLink[9],sentPackets:count,source,computeSentPackets,
Exponential-capacity-3266-20210301-21:50:11-11308,scalar,Aerocom.aircraft[0].dataLink[9],actualCapacity:mean,,,9275.2481060606
Exponential-capacity-3266-20210301-21:50:11-11308,attr,Aerocom.aircraft[0].dataLink[9],actualCapacity:mean,,,
Exponential-capacity-3266-20210301-21:50:11-11308,attr,Aerocom.aircraft[0].dataLink[9],actualCapacity:mean,source,computeActualCapacity,
Exponential-capacity-3266-20210301-21:50:11-11308,scalar,Aerocom.aircraft[0].dataLink[10],sentPackets:count,,,1561
Exponential-capacity-3266-20210301-21:50:11-11308,attr,Aerocom.aircraft[0].dataLink[10],sentPackets:count,source,computeSentPackets,
Exponential-capacity-3266-20210301-21:50:11-11308,scalar,Aerocom.aircraft[0].dataLink[10],actualCapacity:mean,,,9504.3564398802
Exponential-capacity-3266-20210301-21:50:11-11308,attr,Aerocom.aircraft[0].dataLink[10],actualCapacity:mean,,,
Exponential-capacity-3266-20210301-21:50:11-11308,attr,Aerocom.aircraft[0].dataLink[10],actualCapacity:mean,source,computeActualCapacity,
Exponential-capacity-3266-20210301-21:50:11-11308,scalar,Aerocom.aircraft[0].dataLink[11],sentPackets:count,,,2069
Exponential-capacity-3266-20210301-21:50:11-11308,attr,Aerocom.aircraft[0].dataLink[11],sentPackets:count,source,computeSentPackets,
Exponential-capacity-3266-20210301-21:50:11-11308,scalar,Aerocom.aircraft[0].dataLink[11],actualCapacity:mean,,,9534.64
Exponential-capacity-3266-20210301-21:50:11-11308,attr,Aerocom.aircraft[0].dataLink[11],actualCapacity:mean,,,
Exponential-capacity-3266-20210301-21:50:11-11308,attr,Aerocom.aircraft[0].dataLink[11],actualCapacity:mean,source,computeActualCapacity,
Exponential-capacity-3266-20210301-21:50:11-11308,scalar,Aerocom.aircraft[0].dataLink[12],sentPackets:count,,,505
Exponential-capacity-3266-20210301-21:50:11-11308,attr,Aerocom.aircraft[0].dataLink[12],sentPackets:count,source,computeSentPackets,
Exponential-capacity-3266-20210301-21:50:11-11308,scalar,Aerocom.aircraft[0].dataLink[12],actualCapacity:mean,,,9211.1542056075
Exponential-capacity-3266-20210301-21:50:11-11308,attr,Aerocom.aircraft[0].dataLink[12],actualCapacity:mean,,,
Exponential-capacity-3266-20210301-21:50:11-11308,attr,Aerocom.aircraft[0].dataLink[12],actualCapacity:mean,source,computeActualCapacity,
Exponential-capacity-3266-20210301-21:50:11-11308,scalar,Aerocom.aircraft[0].dataLink[13],sentPackets:count,,,1443
Exponential-capacity-3266-20210301-21:50:11-11308,attr,Aerocom.aircraft[0].dataLink[13],sentPackets:count,source,computeSentPackets,
Exponential-capacity-3266-20210301-21:50:11-11308,scalar,Aerocom.aircraft[0].dataLink[13],actualCapacity:mean,,,9474.4043126685
Exponential-capacity-3266-20210301-21:50:11-11308,attr,Aerocom.aircraft[0].dataLink[13],actualCapacity:mean,,,
Exponential-capacity-3266-20210301-21:50:11-11308,attr,Aerocom.aircraft[0].dataLink[13],actualCapacity:mean,source,computeActualCapacity,
Exponential-capacity-3266-20210301-21:50:11-11308,scalar,Aerocom.aircraft[0].dataLink[14],sentPackets:count,,,1263
Exponential-capacity-3266-20210301-21:50:11-11308,attr,Aerocom.aircraft[0].dataLink[14],sentPackets:count,source,computeSentPackets,
Exponential-capacity-3266-20210301-21:50:11-11308,scalar,Aerocom.aircraft[0].dataLink[14],actualCapacity:mean,,,9494.7693059629
Exponential-capacity-3266-20210301-21:50:11-11308,attr,Aerocom.aircraft[0].dataLink[14],actualCapacity:mean,,,
Exponential-capacity-3266-20210301-21:50:11-11308,attr,Aerocom.aircraft[0].dataLink[14],actualCapacity:mean,source,computeActualCapacity,
Exponential-capacity-3266-20210301-21:50:11-11308,scalar,Aerocom.aircraft[0].dataLink[15],sentPackets:count,,,1347
Exponential-capacity-3266-20210301-21:50:11-11308,attr,Aerocom.aircraft[0].dataLink[15],sentPackets:count,source,computeSentPackets,
Exponential-capacity-3266-20210301-21:50:11-11308,scalar,Aerocom.aircraft[0].dataLink[15],actualCapacity:mean,,,9510.4053546266
Exponential-capacity-3266-20210301-21:50:11-11308,attr,Aerocom.aircraft[0].dataLink[15],actualCapacity:mean,,,
Exponential-capacity-3266-20210301-21:50:11-11308,attr,Aerocom.aircraft[0].dataLink[15],actualCapacity:mean,source,computeActualCapacity,
Exponential-capacity-3266-20210301-21:50:11-11308,scalar,Aerocom.controlTower,receivedPackets:count,,,19574
Exponential-capacity-3266-20210301-21:50:11-11308,attr,Aerocom.controlTower,receivedPackets:count,source,computeReceivedPackets,
Exponential-capacity-3267-20210301-21:50:11-11308,scalar,Aerocom.aircraft[0].linkSelector,responseTime:mean,,,0.54836280953637
Exponential-capacity-3267-20210301-21:50:11-11308,attr,Aerocom.aircraft[0].linkSelector,responseTime:mean,,,
Exponential-capacity-3267-20210301-21:50:11-11308,attr,Aerocom.aircraft[0].linkSelector,responseTime:mean,source,computeResponseTime,
Exponential-capacity-3267-20210301-21:50:11-11308,scalar,Aerocom.aircraft[0].linkSelector,meanMalus:sum,,,12074
Exponential-capacity-3267-20210301-21:50:11-11308,attr,Aerocom.aircraft[0].linkSelector,meanMalus:sum,,,
Exponential-capacity-3267-20210301-21:50:11-11308,attr,Aerocom.aircraft[0].linkSelector,meanMalus:sum,source,computeMeanMalus,
Exponential-capacity-3267-20210301-21:50:11-11308,scalar,Aerocom.aircraft[0].linkSelector,waitingTime:mean,,,0.54114778031022
Exponential-capacity-3267-20210301-21:50:11-11308,attr,Aerocom.aircraft[0].linkSelector,waitingTime:mean,,,
Exponential-capacity-3267-20210301-21:50:11-11308,attr,Aerocom.aircraft[0].linkSelector,waitingTime:mean,source,computeWaitingTime,
Exponential-capacity-3267-20210301-21:50:11-11308,scalar,Aerocom.aircraft[0].linkSelector,serviceTime:mean,,,0.0071879468656961
Exponential-capacity-3267-20210301-21:50:11-11308,attr,Aerocom.aircraft[0].linkSelector,serviceTime:mean,,,
Exponential-capacity-3267-20210301-21:50:11-11308,attr,Aerocom.aircraft[0].linkSelector,serviceTime:mean,source,computeServiceTime,
Exponential-capacity-3267-20210301-21:50:11-11308,scalar,Aerocom.aircraft[0].linkSelector,queueLength:mean,,,27.083167508546
Exponential-capacity-3267-20210301-21:50:11-11308,attr,Aerocom.aircraft[0].linkSelector,queueLength:mean,,,
Exponential-capacity-3267-20210301-21:50:11-11308,attr,Aerocom.aircraft[0].linkSelector,queueLength:mean,source,computeQueueLength,
Exponential-capacity-3267-20210301-21:50:11-11308,scalar,Aerocom.aircraft[0].dataLink[0],sentPackets:count,,,575
Exponential-capacity-3267-20210301-21:50:11-11308,attr,Aerocom.aircraft[0].dataLink[0],sentPackets:count,source,computeSentPackets,
Exponential-capacity-3267-20210301-21:50:11-11308,scalar,Aerocom.aircraft[0].dataLink[0],actualCapacity:mean,,,9274.5803834808
Exponential-capacity-3267-20210301-21:50:11-11308,attr,Aerocom.aircraft[0].dataLink[0],actualCapacity:mean,,,
Exponential-capacity-3267-20210301-21:50:11-11308,attr,Aerocom.aircraft[0].dataLink[0],actualCapacity:mean,source,computeActualCapacity,
Exponential-capacity-3267-20210301-21:50:11-11308,scalar,Aerocom.aircraft[0].dataLink[1],sentPackets:count,,,2476
Exponential-capacity-3267-20210301-21:50:11-11308,attr,Aerocom.aircraft[0].dataLink[1],sentPackets:count,source,computeSentPackets,
Exponential-capacity-3267-20210301-21:50:11-11308,scalar,Aerocom.aircraft[0].dataLink[1],actualCapacity:mean,,,9620.3549079755
Exponential-capacity-3267-20210301-21:50:11-11308,attr,Aerocom.aircraft[0].dataLink[1],actualCapacity:mean,,,
Exponential-capacity-3267-20210301-21:50:11-11308,attr,Aerocom.aircraft[0].dataLink[1],actualCapacity:mean,source,computeActualCapacity,
Exponential-capacity-3267-20210301-21:50:11-11308,scalar,Aerocom.aircraft[0].dataLink[2],sentPackets:count,,,1025
Exponential-capacity-3267-20210301-21:50:11-11308,attr,Aerocom.aircraft[0].dataLink[2],sentPackets:count,source,computeSentPackets,
Exponential-capacity-3267-20210301-21:50:11-11308,scalar,Aerocom.aircraft[0].dataLink[2],actualCapacity:mean,,,9419.4600886918
Exponential-capacity-3267-20210301-21:50:11-11308,attr,Aerocom.aircraft[0].dataLink[2],actualCapacity:mean,,,
Exponential-capacity-3267-20210301-21:50:11-11308,attr,Aerocom.aircraft[0].dataLink[2],actualCapacity:mean,source,computeActualCapacity,
Exponential-capacity-3267-20210301-21:50:11-11308,scalar,Aerocom.aircraft[0].dataLink[3],sentPackets:count,,,1301
Exponential-capacity-3267-20210301-21:50:11-11308,attr,Aerocom.aircraft[0].dataLink[3],sentPackets:count,source,computeSentPackets,
Exponential-capacity-3267-20210301-21:50:11-11308,scalar,Aerocom.aircraft[0].dataLink[3],actualCapacity:mean,,,9476.8018278018
Exponential-capacity-3267-20210301-21:50:11-11308,attr,Aerocom.aircraft[0].dataLink[3],actualCapacity:mean,,,
Exponential-capacity-3267-20210301-21:50:11-11308,attr,Aerocom.aircraft[0].dataLink[3],actualCapacity:mean,source,computeActualCapacity,
Exponential-capacity-3267-20210301-21:50:11-11308,scalar,Aerocom.aircraft[0].dataLink[4],sentPackets:count,,,965
Exponential-capacity-3267-20210301-21:50:11-11308,attr,Aerocom.aircraft[0].dataLink[4],sentPackets:count,source,computeSentPackets,
Exponential-capacity-3267-20210301-21:50:11-11308,scalar,Aerocom.aircraft[0].dataLink[4],actualCapacity:mean,,,9397
Exponential-capacity-3267-20210301-21:50:11-11308,attr,Aerocom.aircraft[0].dataLink[4],actualCapacity:mean,,,
Exponential-capacity-3267-20210301-21:50:11-11308,attr,Aerocom.aircraft[0].dataLink[4],actualCapacity:mean,source,computeActualCapacity,
Exponential-capacity-3267-20210301-21:50:11-11308,scalar,Aerocom.aircraft[0].dataLink[5],sentPackets:count,,,1266
Exponential-capacity-3267-20210301-21:50:11-11308,attr,Aerocom.aircraft[0].dataLink[5],sentPackets:count,source,computeSentPackets,
Exponential-capacity-3267-20210301-21:50:11-11308,scalar,Aerocom.aircraft[0].dataLink[5],actualCapacity:mean,,,9461.44400978
Exponential-capacity-3267-20210301-21:50:11-11308,attr,Aerocom.aircraft[0].dataLink[5],actualCapacity:mean,,,
Exponential-capacity-3267-20210301-21:50:11-11308,attr,Aerocom.aircraft[0].dataLink[5],actualCapacity:mean,source,computeActualCapacity,
Exponential-capacity-3267-20210301-21:50:11-11308,scalar,Aerocom.aircraft[0].dataLink[6],sentPackets:count,,,571
Exponential-capacity-3267-20210301-21:50:11-11308,attr,Aerocom.aircraft[0].dataLink[6],sentPackets:count,source,computeSentPackets,
Exponential-capacity-3267-20210301-21:50:11-11308,scalar,Aerocom.aircraft[0].dataLink[6],actualCapacity:mean,,,9284.0237037037
Exponential-capacity-3267-20210301-21:50:11-11308,attr,Aerocom.aircraft[0].dataLink[6],actualCapacity:mean,,,
Exponential-capacity-3267-20210301-21:50:11-11308,attr,Aerocom.aircraft[0].dataLink[6],actualCapacity:mean,source,computeActualCapacity,
Exponential-capacity-3267-20210301-21:50:11-11308,scalar,Aerocom.aircraft[0].dataLink[7],sentPackets:count,,,1019
Exponential-capacity-3267-20210301-21:50:11-11308,attr,Aerocom.aircraft[0].dataLink[7],sentPackets:count,source,computeSentPackets,
Exponential-capacity-3267-20210301-21:50:11-11308,scalar,Aerocom.aircraft[0].dataLink[7],actualCapacity:mean,,,9359.7427616927
Exponential-capacity-3267-20210301-21:50:11-11308,attr,Aerocom.aircraft[0].dataLink[7],actualCapacity:mean,,,
Exponential-capacity-3267-20210301-21:50:11-11308,attr,Aerocom.aircraft[0].dataLink[7],actualCapacity:mean,source,computeActualCapacity,
Exponential-capacity-3267-20210301-21:50:11-11308,scalar,Aerocom.aircraft[0].dataLink[8],sentPackets:count,,,1679
Exponential-capacity-3267-20210301-21:50:11-11308,attr,Aerocom.aircraft[0].dataLink[8],sentPackets:count,source,computeSentPackets,
Exponential-capacity-3267-20210301-21:50:11-11308,scalar,Aerocom.aircraft[0].dataLink[8],actualCapacity:mean,,,9515.65
Exponential-capacity-3267-20210301-21:50:11-11308,attr,Aerocom.aircraft[0].dataLink[8],actualCapacity:mean,,,
Exponential-capacity-3267-20210301-21:50:11-11308,attr,Aerocom.aircraft[0].dataLink[8],actualCapacity:mean,source,computeActualCapacity,
Exponential-capacity-3267-20210301-21:50:11-11308,scalar,Aerocom.aircraft[0].dataLink[9],sentPackets:count,,,928
Exponential-capacity-3267-20210301-21:50:11-11308,attr,Aerocom.aircraft[0].dataLink[9],sentPackets:count,source,computeSentPackets,
Exponential-capacity-3267-20210301-21:50:11-11308,scalar,Aerocom.aircraft[0].dataLink[9],actualCapacity:mean,,,9390.5595099183
Exponential-capacity-3267-20210301-21:50:11-11308,attr,Aerocom.aircraft[0].dataLink[9],actualCapacity:mean,,,
Exponential-capacity-3267-20210301-21:50:11-11308,attr,Aerocom.aircraft[0].dataLink[9],actualCapacity:mean,source,computeActualCapacity,
Exponential-capacity-3267-20210301-21:50:11-11308,scalar,Aerocom.aircraft[0].dataLink[10],sentPackets:count,,,1172
Exponential-capacity-3267-20210301-21:50:11-11308,attr,Aerocom.aircraft[0].dataLink[10],sentPackets:count,source,computeSentPackets,
Exponential-capacity-3267-20210301-21:50:11-11308,scalar,Aerocom.aircraft[0].dataLink[10],actualCapacity:mean,,,9411.5731832139
Exponential-capacity-3267-20210301-21:50:11-11308,attr,Aerocom.aircraft[0].dataLink[10],actualCapacity:mean,,,
Exponential-capacity-3267-20210301-21:50:11-11308,attr,Aerocom.aircraft[0].dataLink[10],actualCapacity:mean,source,computeActualCapacity,
Exponential-capacity-3267-20210301-21:50:11-11308,scalar,Aerocom.aircraft[0].dataLink[11],sentPackets:count,,,1557
Exponential-capacity-3267-20210301-21:50:11-11308,attr,Aerocom.aircraft[0].dataLink[11],sentPackets:count,source,computeSentPackets,
Exponential-capacity-3267-20210301-21:50:11-11308,scalar,Aerocom.aircraft[0].dataLink[11],actualCapacity:mean,,,9490.6307692308
Exponential-capacity-3267-20210301-21:50:11-11308,attr,Aerocom.aircraft[0].dataLink[11],actualCapacity:mean,,,
Exponential-capacity-3267-20210301-21:50:11-11308,attr,Aerocom.aircraft[0].dataLink[11],actualCapacity:mean,source,computeActualCapacity,
Exponential-capacity-3267-20210301-21:50:11-11308,scalar,Aerocom.aircraft[0].dataLink[12],sentPackets:count,,,779
Exponential-capacity-3267-20210301-21:50:11-11308,attr,Aerocom.aircraft[0].dataLink[12],sentPackets:count,source,computeSentPackets,
Exponential-capacity-3267-20210301-21:50:11-11308,scalar,Aerocom.aircraft[0].dataLink[12],actualCapacity:mean,,,9329.2954399486
Exponential-capacity-3267-20210301-21:50:11-11308,attr,Aerocom.aircraft[0].dataLink[12],actualCapacity:mean,,,
Exponential-capacity-3267-20210301-21:50:11-11308,attr,Aerocom.aircraft[0].dataLink[12],actualCapacity:mean,source,computeActualCapacity,
Exponential-capacity-3267-20210301-21:50:11-11308,scalar,Aerocom.aircraft[0].dataLink[13],sentPackets:count,,,1711
Exponential-capacity-3267-20210301-21:50:11-11308,attr,Aerocom.aircraft[0].dataLink[13],sentPackets:count,source,computeSentPackets,
Exponential-capacity-3267-20210301-21:50:11-11308,scalar,Aerocom.aircraft[0].dataLink[13],actualCapacity:mean,,,9529.6266025641
Exponential-capacity-3267-20210301-21:50:11-11308,attr,Aerocom.aircraft[0].dataLink[13],actualCapacity:mean,,,
Exponential-capacity-3267-20210301-21:50:11-11308,attr,Aerocom.aircraft[0].dataLink[13],actualCapacity:mean,source,computeActualCapacity,
Exponential-capacity-3267-20210301-21:50:11-11308,scalar,Aerocom.aircraft[0].dataLink[14],sentPackets:count,,,1278
Exponential-capacity-3267-20210301-21:50:11-11308,attr,Aerocom.aircraft[0].dataLink[14],sentPackets:count,source,computeSentPackets,
Exponential-capacity-3267-20210301-21:50:11-11308,scalar,Aerocom.aircraft[0].dataLink[14],actualCapacity:mean,,,9481.4749635391
Exponential-capacity-3267-20210301-21:50:11-11308,attr,Aerocom.aircraft[0].dataLink[14],actualCapacity:mean,,,
Exponential-capacity-3267-20210301-21:50:11-11308,attr,Aerocom.aircraft[0].dataLink[14],actualCapacity:mean,source,computeActualCapacity,
Exponential-capacity-3267-20210301-21:50:11-11308,scalar,Aerocom.aircraft[0].dataLink[15],sentPackets:count,,,1296
Exponential-capacity-3267-20210301-21:50:11-11308,attr,Aerocom.aircraft[0].dataLink[15],sentPackets:count,source,computeSentPackets,
Exponential-capacity-3267-20210301-21:50:11-11308,scalar,Aerocom.aircraft[0].dataLink[15],actualCapacity:mean,,,9418.9600577478
Exponential-capacity-3267-20210301-21:50:11-11308,attr,Aerocom.aircraft[0].dataLink[15],actualCapacity:mean,,,
Exponential-capacity-3267-20210301-21:50:11-11308,attr,Aerocom.aircraft[0].dataLink[15],actualCapacity:mean,source,computeActualCapacity,
Exponential-capacity-3267-20210301-21:50:11-11308,scalar,Aerocom.controlTower,receivedPackets:count,,,19598
Exponential-capacity-3267-20210301-21:50:11-11308,attr,Aerocom.controlTower,receivedPackets:count,source,computeReceivedPackets,
Exponential-capacity-3268-20210301-21:50:11-11308,scalar,Aerocom.aircraft[0].linkSelector,responseTime:mean,,,0.55146153430566
Exponential-capacity-3268-20210301-21:50:11-11308,attr,Aerocom.aircraft[0].linkSelector,responseTime:mean,,,
Exponential-capacity-3268-20210301-21:50:11-11308,attr,Aerocom.aircraft[0].linkSelector,responseTime:mean,source,computeResponseTime,
Exponential-capacity-3268-20210301-21:50:11-11308,scalar,Aerocom.aircraft[0].linkSelector,meanMalus:sum,,,12672
Exponential-capacity-3268-20210301-21:50:11-11308,attr,Aerocom.aircraft[0].linkSelector,meanMalus:sum,,,
Exponential-capacity-3268-20210301-21:50:11-11308,attr,Aerocom.aircraft[0].linkSelector,meanMalus:sum,source,computeMeanMalus,
Exponential-capacity-3268-20210301-21:50:11-11308,scalar,Aerocom.aircraft[0].linkSelector,waitingTime:mean,,,0.54429273446076
Exponential-capacity-3268-20210301-21:50:11-11308,attr,Aerocom.aircraft[0].linkSelector,waitingTime:mean,,,
Exponential-capacity-3268-20210301-21:50:11-11308,attr,Aerocom.aircraft[0].linkSelector,waitingTime:mean,source,computeWaitingTime,
Exponential-capacity-3268-20210301-21:50:11-11308,scalar,Aerocom.aircraft[0].linkSelector,serviceTime:mean,,,0.0071910716606746
Exponential-capacity-3268-20210301-21:50:11-11308,attr,Aerocom.aircraft[0].linkSelector,serviceTime:mean,,,
Exponential-capacity-3268-20210301-21:50:11-11308,attr,Aerocom.aircraft[0].linkSelector,serviceTime:mean,source,computeServiceTime,
Exponential-capacity-3268-20210301-21:50:11-11308,scalar,Aerocom.aircraft[0].linkSelector,queueLength:mean,,,27.656758526878
Exponential-capacity-3268-20210301-21:50:11-11308,attr,Aerocom.aircraft[0].linkSelector,queueLength:mean,,,
Exponential-capacity-3268-20210301-21:50:11-11308,attr,Aerocom.aircraft[0].linkSelector,queueLength:mean,source,computeQueueLength,
Exponential-capacity-3268-20210301-21:50:11-11308,scalar,Aerocom.aircraft[0].dataLink[0],sentPackets:count,,,626
Exponential-capacity-3268-20210301-21:50:11-11308,attr,Aerocom.aircraft[0].dataLink[0],sentPackets:count,source,computeSentPackets,
Exponential-capacity-3268-20210301-21:50:11-11308,scalar,Aerocom.aircraft[0].dataLink[0],actualCapacity:mean,,,9251.6455965909
Exponential-capacity-3268-20210301-21:50:11-11308,attr,Aerocom.aircraft[0].dataLink[0],actualCapacity:mean,,,
Exponential-capacity-3268-20210301-21:50:11-11308,attr,Aerocom.aircraft[0].dataLink[0],actualCapacity:mean,source,computeActualCapacity,
Exponential-capacity-3268-20210301-21:50:11-11308,scalar,Aerocom.aircraft[0].dataLink[1],sentPackets:count,,,1351
Exponential-capacity-3268-20210301-21:50:11-11308,attr,Aerocom.aircraft[0].dataLink[1],sentPackets:count,source,computeSentPackets,
Exponential-capacity-3268-20210301-21:50:11-11308,scalar,Aerocom.aircraft[0].dataLink[1],actualCapacity:mean,,,9505.697467167
Exponential-capacity-3268-20210301-21:50:11-11308,attr,Aerocom.aircraft[0].dataLink[1],actualCapacity:mean,,,
Exponential-capacity-3268-20210301-21:50:11-11308,attr,Aerocom.aircraft[0].dataLink[1],actualCapacity:mean,source,computeActualCapacity,
Exponential-capacity-3268-20210301-21:50:11-11308,scalar,Aerocom.aircraft[0].dataLink[2],sentPackets:count,,,901
Exponential-capacity-3268-20210301-21:50:11-11308,attr,Aerocom.aircraft[0].dataLink[2],sentPackets:count,source,computeSentPackets,
Exponential-capacity-3268-20210301-21:50:11-11308,scalar,Aerocom.aircraft[0].dataLink[2],actualCapacity:mean,,,9456.8080808081
Exponential-capacity-3268-20210301-21:50:11-11308,attr,Aerocom.aircraft[0].dataLink[2],actualCapacity:mean,,,
Exponential-capacity-3268-20210301-21:50:11-11308,attr,Aerocom.aircraft[0].dataLink[2],actualCapacity:mean,source,computeActualCapacity,
Exponential-capacity-3268-20210301-21:50:11-11308,scalar,Aerocom.aircraft[0].dataLink[3],sentPackets:count,,,940
Exponential-capacity-3268-20210301-21:50:11-11308,attr,Aerocom.aircraft[0].dataLink[3],sentPackets:count,source,computeSentPackets,
Exponential-capacity-3268-20210301-21:50:11-11308,scalar,Aerocom.aircraft[0].dataLink[3],actualCapacity:mean,,,9323.9779198141
Exponential-capacity-3268-20210301-21:50:11-11308,attr,Aerocom.aircraft[0].dataLink[3],actualCapacity:mean,,,
Exponential-capacity-3268-20210301-21:50:11-11308,attr,Aerocom.aircraft[0].dataLink[3],actualCapacity:mean,source,computeActualCapacity,
Exponential-capacity-3268-20210301-21:50:11-11308,scalar,Aerocom.aircraft[0].dataLink[4],sentPackets:count,,,1328
Exponential-capacity-3268-20210301-21:50:11-11308,attr,Aerocom.aircraft[0].dataLink[4],sentPackets:count,source,computeSentPackets,
Exponential-capacity-3268-20210301-21:50:11-11308,scalar,Aerocom.aircraft[0].dataLink[4],actualCapacity:mean,,,9449.9392501187
Exponential-capacity-3268-20210301-21:50:11-11308,attr,Aerocom.aircraft[0].dataLink[4],actualCapacity:mean,,,
Exponential-capacity-3268-20210301-21:50:11-11308,attr,Aerocom.aircraft[0].dataLink[4],actualCapacity:mean,source,computeActualCapacity,
Exponential-capacity-3268-20210301-21:50:11-11308,scalar,Aerocom.aircraft[0].dataLink[5],sentPackets:count,,,1187
Exponential-capacity-3268-20210301-21:50:11-11308,attr,Aerocom.aircraft[0].dataLink[5],sentPackets:count,source,computeSentPackets,
Exponential-capacity-3268-20210301-21:50:11-11308,scalar,Aerocom.aircraft[0].dataLink[5],actualCapacity:mean,,,9485.4629441624
Exponential-capacity-3268-20210301-21:50:11-11308,attr,Aerocom.aircraft[0].dataLink[5],actualCapacity:mean,,,
Exponential-capacity-3268-20210301-21:50:11-11308,attr,Aerocom.aircraft[0].dataLink[5],actualCapacity:mean,source,computeActualCapacity,
Exponential-capacity-3268-20210301-21:50:11-11308,scalar,Aerocom.aircraft[0].dataLink[6],sentPackets:count,,,1168
Exponential-capacity-3268-20210301-21:50:11-11308,attr,Aerocom.aircraft[0].dataLink[6],sentPackets:count,source,computeSentPackets,
Exponential-capacity-3268-20210301-21:50:11-11308,scalar,Aerocom.aircraft[0].dataLink[6],actualCapacity:mean,,,9474.3095115681
Exponential-capacity-3268-20210301-21:50:11-11308,attr,Aerocom.aircraft[0].dataLink[6],actualCapacity:mean,,,
Exponential-capacity-3268-20210301-21:50:11-11308,attr,Aerocom.aircraft[0].dataLink[6],actualCapacity:mean,source,computeActualCapacity,
Exponential-capacity-3268-20210301-21:50:11-11308,scalar,Aerocom.aircraft[0].dataLink[7],sentPackets:count,,,1646
Exponential-capacity-3268-20210301-21:50:11-11308,attr,Aerocom.aircraft[0].dataLink[7],sentPackets:count,source,computeSentPackets,
Exponential-capacity-3268-20210301-21:50:11-11308,scalar,Aerocom.aircraft[0].dataLink[7],actualCapacity:mean,,,9497.2810188989
Exponential-capacity-3268-20210301-21:50:11-11308,attr,Aerocom.aircraft[0].dataLink[7],actualCapacity:mean,,,
Exponential-capacity-3268-20210301-21:50:11-11308,attr,Aerocom.aircraft[0].dataLink[7],actualCapacity:mean,source,computeActualCapacity,
Exponential-capacity-3268-20210301-21:50:11-11308,scalar,Aerocom.aircraft[0].dataLink[8],sentPackets:count,,,1730
Exponential-capacity-3268-20210301-21:50:11-11308,attr,Aerocom.aircraft[0].dataLink[8],sentPackets:count,source,computeSentPackets,
Exponential-capacity-3268-20210301-21:50:11-11308,scalar,Aerocom.aircraft[0].dataLink[8],actualCapacity:mean,,,9530.5749601276
Exponential-capacity-3268-20210301-21:50:11-11308,attr,Aerocom.aircraft[0].dataLink[8],actualCapacity:mean,,,
Exponential-capacity-3268-20210301-21:50:11-11308,attr,Aerocom.aircraft[0].dataLink[8],actualCapacity:mean,source,computeActualCapacity,
Exponential-capacity-3268-20210301-21:50:11-11308,scalar,Aerocom.aircraft[0].dataLink[9],sentPackets:count,,,1404
Exponential-capacity-3268-20210301-21:50:11-11308,attr,Aerocom.aircraft[0].dataLink[9],sentPackets:count,source,computeSentPackets,
Exponential-capacity-3268-20210301-21:50:11-11308,scalar,Aerocom.aircraft[0].dataLink[9],actualCapacity:mean,,,9515.4866727941
Exponential-capacity-3268-20210301-21:50:11-11308,attr,Aerocom.aircraft[0].dataLink[9],actualCapacity:mean,,,
Exponential-capacity-3268-20210301-21:50:11-11308,attr,Aerocom.aircraft[0].dataLink[9],actualCapacity:mean,source,computeActualCapacity,
Exponential-capacity-3268-20210301-21:50:11-11308,scalar,Aerocom.aircraft[0].dataLink[10],sentPackets:count,,,610
Exponential-capacity-3268-20210301-21:50:11-11308,attr,Aerocom.aircraft[0].dataLink[10],sentPackets:count,source,computeSentPackets,
Exponential-capacity-3268-20210301-21:50:11-11308,scalar,Aerocom.aircraft[0].dataLink[10],actualCapacity:mean,,,9359.023689878
Exponential-capacity-3268-20210301-21:50:11-11308,attr,Aerocom.aircraft[0].dataLink[10],actualCapacity:mean,,,
Exponential-capacity-3268-20210301-21:50:11-11308,attr,Aerocom.aircraft[0].dataLink[10],actualCapacity:mean,source,computeActualCapacity,
Exponential-capacity-3268-20210301-21:50:11-11308,scalar,Aerocom.aircraft[0].dataLink[11],sentPackets:count,,,820
Exponential-capacity-3268-20210301-21:50:11-11308,attr,Aerocom.aircraft[0].dataLink[11],sentPackets:count,source,computeSentPackets,
Exponential-capacity-3268-20210301-21:50:11-11308,scalar,Aerocom.aircraft[0].dataLink[11],actualCapacity:mean,,,9360.5317955112
Exponential-capacity-3268-20210301-21:50:11-11308,attr,Aerocom.aircraft[0].dataLink[11],actualCapacity:mean,,,
Exponential-capacity-3268-20210301-21:50:11-11308,attr,Aerocom.aircraft[0].dataLink[11],actualCapacity:mean,source,computeActualCapacity,
Exponential-capacity-3268-20210301-21:50:11-11308,scalar,Aerocom.aircraft[0].dataLink[12],sentPackets:count,,,1816
Exponential-capacity-3268-20210301-21:50:11-11308,attr,Aerocom.aircraft[0].dataLink[12],sentPackets:count,source,computeSentPackets,
Exponential-capacity-3268-20210301-21:50:11-11308,scalar,Aerocom.aircraft[0].dataLink[12],actualCapacity:mean,,,9526.4128510966
Exponential-capacity-3268-20210301-21:50:11-11308,attr,Aerocom.aircraft[0].dataLink[12],actualCapacity:mean,,,
Exponential-capacity-3268-20210301-21:50:11-11308,attr,Aerocom.aircraft[0].dataLink[12],actualCapacity:mean,source,computeActualCapacity,
Exponential-capacity-3268-20210301-21:50:11-11308,scalar,Aerocom.aircraft[0].dataLink[13],sentPackets:count,,,1316
Exponential-capacity-3268-20210301-21:50:11-11308,attr,Aerocom.aircraft[0].dataLink[13],sentPackets:count,source,computeSentPackets,
Exponential-capacity-3268-20210301-21:50:11-11308,scalar,Aerocom.aircraft[0].dataLink[13],actualCapacity:mean,,,9495.2127455678
Exponential-capacity-3268-20210301-21:50:11-11308,attr,Aerocom.aircraft[0].dataLink[13],actualCapacity:mean,,,
Exponential-capacity-3268-20210301-21:50:11-11308,attr,Aerocom.aircraft[0].dataLink[13],actualCapacity:mean,source,computeActualCapacity,
Exponential-capacity-3268-20210301-21:50:11-11308,scalar,Aerocom.aircraft[0].dataLink[14],sentPackets:count,,,1770
Exponential-capacity-3268-20210301-21:50:11-11308,attr,Aerocom.aircraft[0].dataLink[14],sentPackets:count,source,computeSentPackets,
Exponential-capacity-3268-20210301-21:50:11-11308,scalar,Aerocom.aircraft[0].dataLink[14],actualCapacity:mean,,,9536.7658326818
Exponential-capacity-3268-20210301-21:50:11-11308,attr,Aerocom.aircraft[0].dataLink[14],actualCapacity:mean,,,
Exponential-capacity-3268-20210301-21:50:11-11308,attr,Aerocom.aircraft[0].dataLink[14],actualCapacity:mean,source,computeActualCapacity,
Exponential-capacity-3268-20210301-21:50:11-11308,scalar,Aerocom.aircraft[0].dataLink[15],sentPackets:count,,,1235
Exponential-capacity-3268-20210301-21:50:11-11308,attr,Aerocom.aircraft[0].dataLink[15],sentPackets:count,source,computeSentPackets,
Exponential-capacity-3268-20210301-21:50:11-11308,scalar,Aerocom.aircraft[0].dataLink[15],actualCapacity:mean,,,9416.8995049505
Exponential-capacity-3268-20210301-21:50:11-11308,attr,Aerocom.aircraft[0].dataLink[15],actualCapacity:mean,,,
Exponential-capacity-3268-20210301-21:50:11-11308,attr,Aerocom.aircraft[0].dataLink[15],actualCapacity:mean,source,computeActualCapacity,
Exponential-capacity-3268-20210301-21:50:11-11308,scalar,Aerocom.controlTower,receivedPackets:count,,,19848
Exponential-capacity-3268-20210301-21:50:11-11308,attr,Aerocom.controlTower,receivedPackets:count,source,computeReceivedPackets,
Exponential-capacity-3269-20210301-21:50:12-11308,scalar,Aerocom.aircraft[0].linkSelector,responseTime:mean,,,0.59097686078699
Exponential-capacity-3269-20210301-21:50:12-11308,attr,Aerocom.aircraft[0].linkSelector,responseTime:mean,,,
Exponential-capacity-3269-20210301-21:50:12-11308,attr,Aerocom.aircraft[0].linkSelector,responseTime:mean,source,computeResponseTime,
Exponential-capacity-3269-20210301-21:50:12-11308,scalar,Aerocom.aircraft[0].linkSelector,meanMalus:sum,,,12538
Exponential-capacity-3269-20210301-21:50:12-11308,attr,Aerocom.aircraft[0].linkSelector,meanMalus:sum,,,
Exponential-capacity-3269-20210301-21:50:12-11308,attr,Aerocom.aircraft[0].linkSelector,meanMalus:sum,source,computeMeanMalus,
Exponential-capacity-3269-20210301-21:50:12-11308,scalar,Aerocom.aircraft[0].linkSelector,waitingTime:mean,,,0.58380114467956
Exponential-capacity-3269-20210301-21:50:12-11308,attr,Aerocom.aircraft[0].linkSelector,waitingTime:mean,,,
Exponential-capacity-3269-20210301-21:50:12-11308,attr,Aerocom.aircraft[0].linkSelector,waitingTime:mean,source,computeWaitingTime,
Exponential-capacity-3269-20210301-21:50:12-11308,scalar,Aerocom.aircraft[0].linkSelector,serviceTime:mean,,,0.0071970293061361
Exponential-capacity-3269-20210301-21:50:12-11308,attr,Aerocom.aircraft[0].linkSelector,serviceTime:mean,,,
Exponential-capacity-3269-20210301-21:50:12-11308,attr,Aerocom.aircraft[0].linkSelector,serviceTime:mean,source,computeServiceTime,
Exponential-capacity-3269-20210301-21:50:12-11308,scalar,Aerocom.aircraft[0].linkSelector,queueLength:mean,,,28.680541048673
Exponential-capacity-3269-20210301-21:50:12-11308,attr,Aerocom.aircraft[0].linkSelector,queueLength:mean,,,
Exponential-capacity-3269-20210301-21:50:12-11308,attr,Aerocom.aircraft[0].linkSelector,queueLength:mean,source,computeQueueLength,
Exponential-capacity-3269-20210301-21:50:12-11308,scalar,Aerocom.aircraft[0].dataLink[0],sentPackets:count,,,1140
Exponential-capacity-3269-20210301-21:50:12-11308,attr,Aerocom.aircraft[0].dataLink[0],sentPackets:count,source,computeSentPackets,
Exponential-capacity-3269-20210301-21:50:12-11308,scalar,Aerocom.aircraft[0].dataLink[0],actualCapacity:mean,,,9433.9190600522
Exponential-capacity-3269-20210301-21:50:12-11308,attr,Aerocom.aircraft[0].dataLink[0],actualCapacity:mean,,,
Exponential-capacity-3269-20210301-21:50:12-11308,attr,Aerocom.aircraft[0].dataLink[0],actualCapacity:mean,source,computeActualCapacity,
Exponential-capacity-3269-20210301-21:50:12-11308,scalar,Aerocom.aircraft[0].dataLink[1],sentPackets:count,,,1807
Exponential-capacity-3269-20210301-21:50:12-11308,attr,Aerocom.aircraft[0].dataLink[1],sentPackets:count,source,computeSentPackets,
Exponential-capacity-3269-20210301-21:50:12-11308,scalar,Aerocom.aircraft[0].dataLink[1],actualCapacity:mean,,,9507.8408651989
Exponential-capacity-3269-20210301-21:50:12-11308,attr,Aerocom.aircraft[0].dataLink[1],actualCapacity:mean,,,
Exponential-capacity-3269-20210301-21:50:12-11308,attr,Aerocom.aircraft[0].dataLink[1],actualCapacity:mean,source,computeActualCapacity,
Exponential-capacity-3269-20210301-21:50:12-11308,scalar,Aerocom.aircraft[0].dataLink[2],sentPackets:count,,,1988
Exponential-capacity-3269-20210301-21:50:12-11308,attr,Aerocom.aircraft[0].dataLink[2],sentPackets:count,source,computeSentPackets,
Exponential-capacity-3269-20210301-21:50:12-11308,scalar,Aerocom.aircraft[0].dataLink[2],actualCapacity:mean,,,9533.2346348518
Exponential-capacity-3269-20210301-21:50:12-11308,attr,Aerocom.aircraft[0].dataLink[2],actualCapacity:mean,,,
Exponential-capacity-3269-20210301-21:50:12-11308,attr,Aerocom.aircraft[0].dataLink[2],actualCapacity:mean,source,computeActualCapacity,
Exponential-capacity-3269-20210301-21:50:12-11308,scalar,Aerocom.aircraft[0].dataLink[3],sentPackets:count,,,1517
Exponential-capacity-3269-20210301-21:50:12-11308,attr,Aerocom.aircraft[0].dataLink[3],sentPackets:count,source,computeSentPackets,
Exponential-capacity-3269-20210301-21:50:12-11308,scalar,Aerocom.aircraft[0].dataLink[3],actualCapacity:mean,,,9492.861618799
Exponential-capacity-3269-20210301-21:50:12-11308,attr,Aerocom.aircraft[0].dataLink[3],actualCapacity:mean,,,
Exponential-capacity-3269-20210301-21:50:12-11308,attr,Aerocom.aircraft[0].dataLink[3],actualCapacity:mean,source,computeActualCapacity,
Exponential-capacity-3269-20210301-21:50:12-11308,scalar,Aerocom.aircraft[0].dataLink[4],sentPackets:count,,,1743
Exponential-capacity-3269-20210301-21:50:12-11308,attr,Aerocom.aircraft[0].dataLink[4],sentPackets:count,source,computeSentPackets,
Exponential-capacity-3269-20210301-21:50:12-11308,scalar,Aerocom.aircraft[0].dataLink[4],actualCapacity:mean,,,9459.3921646221
Exponential-capacity-3269-20210301-21:50:12-11308,attr,Aerocom.aircraft[0].dataLink[4],actualCapacity:mean,,,
Exponential-capacity-3269-20210301-21:50:12-11308,attr,Aerocom.aircraft[0].dataLink[4],actualCapacity:mean,source,computeActualCapacity,
Exponential-capacity-3269-20210301-21:50:12-11308,scalar,Aerocom.aircraft[0].dataLink[5],sentPackets:count,,,1098
Exponential-capacity-3269-20210301-21:50:12-11308,attr,Aerocom.aircraft[0].dataLink[5],sentPackets:count,source,computeSentPackets,
Exponential-capacity-3269-20210301-21:50:12-11308,scalar,Aerocom.aircraft[0].dataLink[5],actualCapacity:mean,,,9374.9626666667
Exponential-capacity-3269-20210301-21:50:12-11308,attr,Aerocom.aircraft[0].dataLink[5],actualCapacity:mean,,,
Exponential-capacity-3269-20210301-21:50:12-11308,attr,Aerocom.aircraft[0].dataLink[5],actualCapacity:mean,source,computeActualCapacity,
Exponential-capacity-3269-20210301-21:50:12-11308,scalar,Aerocom.aircraft[0].dataLink[6],sentPackets:count,,,632
Exponential-capacity-3269-20210301-21:50:12-11308,attr,Aerocom.aircraft[0].dataLink[6],sentPackets:count,source,computeSentPackets,
Exponential-capacity-3269-20210301-21:50:12-11308,scalar,Aerocom.aircraft[0].dataLink[6],actualCapacity:mean,,,9286.9093484419
Exponential-capacity-3269-20210301-21:50:12-11308,attr,Aerocom.aircraft[0].dataLink[6],actualCapacity:mean,,,
Exponential-capacity-3269-20210301-21:50:12-11308,attr,Aerocom.aircraft[0].dataLink[6],actualCapacity:mean,source,computeActualCapacity,
Exponential-capacity-3269-20210301-21:50:12-11308,scalar,Aerocom.aircraft[0].dataLink[7],sentPackets:count,,,416
Exponential-capacity-3269-20210301-21:50:12-11308,attr,Aerocom.aircraft[0].dataLink[7],sentPackets:count,source,computeSentPackets,
Exponential-capacity-3269-20210301-21:50:12-11308,scalar,Aerocom.aircraft[0].dataLink[7],actualCapacity:mean,,,9210.1663879599
Exponential-capacity-3269-20210301-21:50:12-11308,attr,Aerocom.aircraft[0].dataLink[7],actualCapacity:mean,,,
Exponential-capacity-3269-20210301-21:50:12-11308,attr,Aerocom.aircraft[0].dataLink[7],actualCapacity:mean,source,computeActualCapacity,
Exponential-capacity-3269-20210301-21:50:12-11308,scalar,Aerocom.aircraft[0].dataLink[8],sentPackets:count,,,570
Exponential-capacity-3269-20210301-21:50:12-11308,attr,Aerocom.aircraft[0].dataLink[8],sentPackets:count,source,computeSentPackets,
Exponential-capacity-3269-20210301-21:50:12-11308,scalar,Aerocom.aircraft[0].dataLink[8],actualCapacity:mean,,,9322.3197631384
Exponential-capacity-3269-20210301-21:50:12-11308,attr,Aerocom.aircraft[0].dataLink[8],actualCapacity:mean,,,
Exponential-capacity-3269-20210301-21:50:12-11308,attr,Aerocom.aircraft[0].dataLink[8],actualCapacity:mean,source,computeActualCapacity,
Exponential-capacity-3269-20210301-21:50:12-11308,scalar,Aerocom.aircraft[0].dataLink[9],sentPackets:count,,,1210
Exponential-capacity-3269-20210301-21:50:12-11308,attr,Aerocom.aircraft[0].dataLink[9],sentPackets:count,source,computeSentPackets,
Exponential-capacity-3269-20210301-21:50:12-11308,scalar,Aerocom.aircraft[0].dataLink[9],actualCapacity:mean,,,9442.3838838839
Exponential-capacity-3269-20210301-21:50:12-11308,attr,Aerocom.aircraft[0].dataLink[9],actualCapacity:mean,,,
Exponential-capacity-3269-20210301-21:50:12-11308,attr,Aerocom.aircraft[0].dataLink[9],actualCapacity:mean,source,computeActualCapacity,
Exponential-capacity-3269-20210301-21:50:12-11308,scalar,Aerocom.aircraft[0].dataLink[10],sentPackets:count,,,1251
Exponential-capacity-3269-20210301-21:50:12-11308,attr,Aerocom.aircraft[0].dataLink[10],sentPackets:count,source,computeSentPackets,
Exponential-capacity-3269-20210301-21:50:12-11308,scalar,Aerocom.aircraft[0].dataLink[10],actualCapacity:mean,,,9473.9773510586
Exponential-capacity-3269-20210301-21:50:12-11308,attr,Aerocom.aircraft[0].dataLink[10],actualCapacity:mean,,,
Exponential-capacity-3269-20210301-21:50:12-11308,attr,Aerocom.aircraft[0].dataLink[10],actualCapacity:mean,source,computeActualCapacity,
Exponential-capacity-3269-20210301-21:50:12-11308,scalar,Aerocom.aircraft[0].dataLink[11],sentPackets:count,,,1682
Exponential-capacity-3269-20210301-21:50:12-11308,attr,Aerocom.aircraft[0].dataLink[11],sentPackets:count,source,computeSentPackets,
Exponential-capacity-3269-20210301-21:50:12-11308,scalar,Aerocom.aircraft[0].dataLink[11],actualCapacity:mean,,,9517.6441917141
Exponential-capacity-3269-20210301-21:50:12-11308,attr,Aerocom.aircraft[0].dataLink[11],actualCapacity:mean,,,
Exponential-capacity-3269-20210301-21:50:12-11308,attr,Aerocom.aircraft[0].dataLink[11],actualCapacity:mean,source,computeActualCapacity,
Exponential-capacity-3269-20210301-21:50:12-11308,scalar,Aerocom.aircraft[0].dataLink[12],sentPackets:count,,,1072
Exponential-capacity-3269-20210301-21:50:12-11308,attr,Aerocom.aircraft[0].dataLink[12],sentPackets:count,source,computeSentPackets,
Exponential-capacity-3269-20210301-21:50:12-11308,scalar,Aerocom.aircraft[0].dataLink[12],actualCapacity:mean,,,9395.5836491608
Exponential-capacity-3269-20210301-21:50:12-11308,attr,Aerocom.aircraft[0].dataLink[12],actualCapacity:mean,,,
Exponential-capacity-3269-20210301-21:50:12-11308,attr,Aerocom.aircraft[0].dataLink[12],actualCapacity:mean,source,computeActualCapacity,
Exponential-capacity-3269-20210301-21:50:12-11308,scalar,Aerocom.aircraft[0].dataLink[13],sentPackets:count,,,1373
Exponential-capacity-3269-20210301-21:50:12-11308,attr,Aerocom.aircraft[0].dataLink[13],sentPackets:count,source,computeSentPackets,
Exponential-capacity-3269-20210301-21:50:12-11308,scalar,Aerocom.aircraft[0].dataLink[13],actualCapacity:mean,,,9503.6561922366
Exponential-capacity-3269-20210301-21:50:12-11308,attr,Aerocom.aircraft[0].dataLink[13],actualCapacity:mean,,,
Exponential-capacity-3269-20210301-21:50:12-11308,attr,Aerocom.aircraft[0].dataLink[13],actualCapacity:mean,source,computeActualCapacity,
Exponential-capacity-3269-20210301-21:50:12-11308,scalar,Aerocom.aircraft[0].dataLink[14],sentPackets:count,,,588
Exponential-capacity-3269-20210301-21:50:12-11308,attr,Aerocom.aircraft[0].dataLink[14],sentPackets:count,source,computeSentPackets,
Exponential-capacity-3269-20210301-21:50:12-11308,scalar,Aerocom.aircraft[0].dataLink[14],actualCapacity:mean,,,9317.8224981738
Exponential-capacity-3269-20210301-21:50:12-11308,attr,Aerocom.aircraft[0].dataLink[14],actualCapacity:mean,,,
Exponential-capacity-3269-20210301-21:50:12-11308,attr,Aerocom.aircraft[0].dataLink[14],actualCapacity:mean,source,computeActualCapacity,
Exponential-capacity-3269-20210301-21:50:12-11308,scalar,Aerocom.aircraft[0].dataLink[15],sentPackets:count,,,1060
Exponential-capacity-3269-20210301-21:50:12-11308,attr,Aerocom.aircraft[0].dataLink[15],sentPackets:count,source,computeSentPackets,
Exponential-capacity-3269-20210301-21:50:12-11308,scalar,Aerocom.aircraft[0].dataLink[15],actualCapacity:mean,,,9418.3600867679
Exponential-capacity-3269-20210301-21:50:12-11308,attr,Aerocom.aircraft[0].dataLink[15],actualCapacity:mean,,,
Exponential-capacity-3269-20210301-21:50:12-11308,attr,Aerocom.aircraft[0].dataLink[15],actualCapacity:mean,source,computeActualCapacity,
Exponential-capacity-3269-20210301-21:50:12-11308,scalar,Aerocom.controlTower,receivedPackets:count,,,19147
Exponential-capacity-3269-20210301-21:50:12-11308,attr,Aerocom.controlTower,receivedPackets:count,source,computeReceivedPackets,
Exponential-capacity-3207-20210301-21:50:10-11267,scalar,Aerocom.aircraft[0].linkSelector,responseTime:mean,,,0.55827799766547
Exponential-capacity-3207-20210301-21:50:10-11267,attr,Aerocom.aircraft[0].linkSelector,responseTime:mean,,,
Exponential-capacity-3207-20210301-21:50:10-11267,attr,Aerocom.aircraft[0].linkSelector,responseTime:mean,source,computeResponseTime,
Exponential-capacity-3207-20210301-21:50:10-11267,scalar,Aerocom.aircraft[0].linkSelector,meanMalus:sum,,,12936
Exponential-capacity-3207-20210301-21:50:10-11267,attr,Aerocom.aircraft[0].linkSelector,meanMalus:sum,,,
Exponential-capacity-3207-20210301-21:50:10-11267,attr,Aerocom.aircraft[0].linkSelector,meanMalus:sum,source,computeMeanMalus,
Exponential-capacity-3207-20210301-21:50:10-11267,scalar,Aerocom.aircraft[0].linkSelector,waitingTime:mean,,,0.55108408944232
Exponential-capacity-3207-20210301-21:50:10-11267,attr,Aerocom.aircraft[0].linkSelector,waitingTime:mean,,,
Exponential-capacity-3207-20210301-21:50:10-11267,attr,Aerocom.aircraft[0].linkSelector,waitingTime:mean,source,computeWaitingTime,
Exponential-capacity-3207-20210301-21:50:10-11267,scalar,Aerocom.aircraft[0].linkSelector,serviceTime:mean,,,0.0071904681892508
Exponential-capacity-3207-20210301-21:50:10-11267,attr,Aerocom.aircraft[0].linkSelector,serviceTime:mean,,,
Exponential-capacity-3207-20210301-21:50:10-11267,attr,Aerocom.aircraft[0].linkSelector,serviceTime:mean,source,computeServiceTime,
Exponential-capacity-3207-20210301-21:50:10-11267,scalar,Aerocom.aircraft[0].linkSelector,queueLength:mean,,,27.492048835539
Exponential-capacity-3207-20210301-21:50:10-11267,attr,Aerocom.aircraft[0].linkSelector,queueLength:mean,,,
Exponential-capacity-3207-20210301-21:50:10-11267,attr,Aerocom.aircraft[0].linkSelector,queueLength:mean,source,computeQueueLength,
Exponential-capacity-3207-20210301-21:50:10-11267,scalar,Aerocom.aircraft[0].dataLink[0],sentPackets:count,,,1024
Exponential-capacity-3207-20210301-21:50:10-11267,attr,Aerocom.aircraft[0].dataLink[0],sentPackets:count,source,computeSentPackets,
Exponential-capacity-3207-20210301-21:50:10-11267,scalar,Aerocom.aircraft[0].dataLink[0],actualCapacity:mean,,,9382.6302660754
Exponential-capacity-3207-20210301-21:50:10-11267,attr,Aerocom.aircraft[0].dataLink[0],actualCapacity:mean,,,
Exponential-capacity-3207-20210301-21:50:10-11267,attr,Aerocom.aircraft[0].dataLink[0],actualCapacity:mean,source,computeActualCapacity,
Exponential-capacity-3207-20210301-21:50:10-11267,scalar,Aerocom.aircraft[0].dataLink[1],sentPackets:count,,,1285
Exponential-capacity-3207-20210301-21:50:10-11267,attr,Aerocom.aircraft[0].dataLink[1],sentPackets:count,source,computeSentPackets,
Exponential-capacity-3207-20210301-21:50:10-11267,scalar,Aerocom.aircraft[0].dataLink[1],actualCapacity:mean,,,9428.0058167717
Exponential-capacity-3207-20210301-21:50:10-11267,attr,Aerocom.aircraft[0].dataLink[1],actualCapacity:mean,,,
Exponential-capacity-3207-20210301-21:50:10-11267,attr,Aerocom.aircraft[0].dataLink[1],actualCapacity:mean,source,computeActualCapacity,
Exponential-capacity-3207-20210301-21:50:10-11267,scalar,Aerocom.aircraft[0].dataLink[2],sentPackets:count,,,684
Exponential-capacity-3207-20210301-21:50:10-11267,attr,Aerocom.aircraft[0].dataLink[2],sentPackets:count,source,computeSentPackets,
Exponential-capacity-3207-20210301-21:50:10-11267,scalar,Aerocom.aircraft[0].dataLink[2],actualCapacity:mean,,,9328.5946684894
Exponential-capacity-3207-20210301-21:50:10-11267,attr,Aerocom.aircraft[0].dataLink[2],actualCapacity:mean,,,
Exponential-capacity-3207-20210301-21:50:10-11267,attr,Aerocom.aircraft[0].dataLink[2],actualCapacity:mean,source,computeActualCapacity,
Exponential-capacity-3207-20210301-21:50:10-11267,scalar,Aerocom.aircraft[0].dataLink[3],sentPackets:count,,,939
Exponential-capacity-3207-20210301-21:50:10-11267,attr,Aerocom.aircraft[0].dataLink[3],sentPackets:count,source,computeSentPackets,
Exponential-capacity-3207-20210301-21:50:10-11267,scalar,Aerocom.aircraft[0].dataLink[3],actualCapacity:mean,,,9403.9906814211
Exponential-capacity-3207-20210301-21:50:10-11267,attr,Aerocom.aircraft[0].dataLink[3],actualCapacity:mean,,,
Exponential-capacity-3207-20210301-21:50:10-11267,attr,Aerocom.aircraft[0].dataLink[3],actualCapacity:mean,source,computeActualCapacity,
Exponential-capacity-3207-20210301-21:50:10-11267,scalar,Aerocom.aircraft[0].dataLink[4],sentPackets:count,,,1090
Exponential-capacity-3207-20210301-21:50:10-11267,attr,Aerocom.aircraft[0].dataLink[4],sentPackets:count,source,computeSentPackets,
Exponential-capacity-3207-20210301-21:50:10-11267,scalar,Aerocom.aircraft[0].dataLink[4],actualCapacity:mean,,,9446.2063067878
Exponential-capacity-3207-20210301-21:50:10-11267,attr,Aerocom.aircraft[0].dataLink[4],actualCapacity:mean,,,
Exponential-capacity-3207-20210301-21:50:10-11267,attr,Aerocom.aircraft[0].dataLink[4],actualCapacity:mean,source,computeActualCapacity,
Exponential-capacity-3207-20210301-21:50:10-11267,scalar,Aerocom.aircraft[0].dataLink[5],sentPackets:count,,,851
Exponential-capacity-3207-20210301-21:50:10-11267,attr,Aerocom.aircraft[0].dataLink[5],sentPackets:count,source,computeSentPackets,
Exponential-capacity-3207-20210301-21:50:10-11267,scalar,Aerocom.aircraft[0].dataLink[5],actualCapacity:mean,,,9295.5760537569
Exponential-capacity-3207-20210301-21:50:10-11267,attr,Aerocom.aircraft[0].dataLink[5],actualCapacity:mean,,,
Exponential-capacity-3207-20210301-21:50:10-11267,attr,Aerocom.aircraft[0].dataLink[5],actualCapacity:mean,source,computeActualCapacity,
Exponential-capacity-3207-20210301-21:50:10-11267,scalar,Aerocom.aircraft[0].dataLink[6],sentPackets:count,,,1124
Exponential-capacity-3207-20210301-21:50:10-11267,attr,Aerocom.aircraft[0].dataLink[6],sentPackets:count,source,computeSentPackets,
Exponential-capacity-3207-20210301-21:50:10-11267,scalar,Aerocom.aircraft[0].dataLink[6],actualCapacity:mean,,,9489.5907901622
Exponential-capacity-3207-20210301-21:50:10-11267,attr,Aerocom.aircraft[0].dataLink[6],actualCapacity:mean,,,
Exponential-capacity-3207-20210301-21:50:10-11267,attr,Aerocom.aircraft[0].dataLink[6],actualCapacity:mean,source,computeActualCapacity,
Exponential-capacity-3207-20210301-21:50:10-11267,scalar,Aerocom.aircraft[0].dataLink[7],sentPackets:count,,,1860
Exponential-capacity-3207-20210301-21:50:10-11267,attr,Aerocom.aircraft[0].dataLink[7],sentPackets:count,source,computeSentPackets,
Exponential-capacity-3207-20210301-21:50:10-11267,scalar,Aerocom.aircraft[0].dataLink[7],actualCapacity:mean,,,9588.3647014361
Exponential-capacity-3207-20210301-21:50:10-11267,attr,Aerocom.aircraft[0].dataLink[7],actualCapacity:mean,,,
Exponential-capacity-3207-20210301-21:50:10-11267,attr,Aerocom.aircraft[0].dataLink[7],actualCapacity:mean,source,computeActualCapacity,
Exponential-capacity-3207-20210301-21:50:10-11267,scalar,Aerocom.aircraft[0].dataLink[8],sentPackets:count,,,1075
Exponential-capacity-3207-20210301-21:50:10-11267,attr,Aerocom.aircraft[0].dataLink[8],sentPackets:count,source,computeSentPackets,
Exponential-capacity-3207-20210301-21:50:10-11267,scalar,Aerocom.aircraft[0].dataLink[8],actualCapacity:mean,,,9473.7658193618
Exponential-capacity-3207-20210301-21:50:10-11267,attr,Aerocom.aircraft[0].dataLink[8],actualCapacity:mean,,,
Exponential-capacity-3207-20210301-21:50:10-11267,attr,Aerocom.aircraft[0].dataLink[8],actualCapacity:mean,source,computeActualCapacity,
Exponential-capacity-3207-20210301-21:50:10-11267,scalar,Aerocom.aircraft[0].dataLink[9],sentPackets:count,,,1410
Exponential-capacity-3207-20210301-21:50:10-11267,attr,Aerocom.aircraft[0].dataLink[9],sentPackets:count,source,computeSentPackets,
Exponential-capacity-3207-20210301-21:50:10-11267,scalar,Aerocom.aircraft[0].dataLink[9],actualCapacity:mean,,,9481.2472577697
Exponential-capacity-3207-20210301-21:50:10-11267,attr,Aerocom.aircraft[0].dataLink[9],actualCapacity:mean,,,
Exponential-capacity-3207-20210301-21:50:10-11267,attr,Aerocom.aircraft[0].dataLink[9],actualCapacity:mean,source,computeActualCapacity,
Exponential-capacity-3207-20210301-21:50:10-11267,scalar,Aerocom.aircraft[0].dataLink[10],sentPackets:count,,,1649
Exponential-capacity-3207-20210301-21:50:10-11267,attr,Aerocom.aircraft[0].dataLink[10],sentPackets:count,source,computeSentPackets,
Exponential-capacity-3207-20210301-21:50:10-11267,scalar,Aerocom.aircraft[0].dataLink[10],actualCapacity:mean,,,9537.1360655738
Exponential-capacity-3207-20210301-21:50:10-11267,attr,Aerocom.aircraft[0].dataLink[10],actualCapacity:mean,,,
Exponential-capacity-3207-20210301-21:50:10-11267,attr,Aerocom.aircraft[0].dataLink[10],actualCapacity:mean,source,computeActualCapacity,
Exponential-capacity-3207-20210301-21:50:10-11267,scalar,Aerocom.aircraft[0].dataLink[11],sentPackets:count,,,1134
Exponential-capacity-3207-20210301-21:50:10-11267,attr,Aerocom.aircraft[0].dataLink[11],sentPackets:count,source,computeSentPackets,
Exponential-capacity-3207-20210301-21:50:10-11267,scalar,Aerocom.aircraft[0].dataLink[11],actualCapacity:mean,,,9459.4406867846
Exponential-capacity-3207-20210301-21:50:10-11267,attr,Aerocom.aircraft[0].dataLink[11],actualCapacity:mean,,,
Exponential-capacity-3207-20210301-21:50:10-11267,attr,Aerocom.aircraft[0].dataLink[11],actualCapacity:mean,source,computeActualCapacity,
Exponential-capacity-3207-20210301-21:50:10-11267,scalar,Aerocom.aircraft[0].dataLink[12],sentPackets:count,,,1372
Exponential-capacity-3207-20210301-21:50:10-11267,attr,Aerocom.aircraft[0].dataLink[12],sentPackets:count,source,computeSentPackets,
Exponential-capacity-3207-20210301-21:50:10-11267,scalar,Aerocom.aircraft[0].dataLink[12],actualCapacity:mean,,,9487.2588619403
Exponential-capacity-3207-20210301-21:50:10-11267,attr,Aerocom.aircraft[0].dataLink[12],actualCapacity:mean,,,
Exponential-capacity-3207-20210301-21:50:10-11267,attr,Aerocom.aircraft[0].dataLink[12],actualCapacity:mean,source,computeActualCapacity,
Exponential-capacity-3207-20210301-21:50:10-11267,scalar,Aerocom.aircraft[0].dataLink[13],sentPackets:count,,,1546
Exponential-capacity-3207-20210301-21:50:10-11267,attr,Aerocom.aircraft[0].dataLink[13],sentPackets:count,source,computeSentPackets,
Exponential-capacity-3207-20210301-21:50:10-11267,scalar,Aerocom.aircraft[0].dataLink[13],actualCapacity:mean,,,9499.4174548581
Exponential-capacity-3207-20210301-21:50:10-11267,attr,Aerocom.aircraft[0].dataLink[13],actualCapacity:mean,,,
Exponential-capacity-3207-20210301-21:50:10-11267,attr,Aerocom.aircraft[0].dataLink[13],actualCapacity:mean,source,computeActualCapacity,
Exponential-capacity-3207-20210301-21:50:10-11267,scalar,Aerocom.aircraft[0].dataLink[14],sentPackets:count,,,1828
Exponential-capacity-3207-20210301-21:50:10-11267,attr,Aerocom.aircraft[0].dataLink[14],sentPackets:count,source,computeSentPackets,
Exponential-capacity-3207-20210301-21:50:10-11267,scalar,Aerocom.aircraft[0].dataLink[14],actualCapacity:mean,,,9502.6703760553
Exponential-capacity-3207-20210301-21:50:10-11267,attr,Aerocom.aircraft[0].dataLink[14],actualCapacity:mean,,,
Exponential-capacity-3207-20210301-21:50:10-11267,attr,Aerocom.aircraft[0].dataLink[14],actualCapacity:mean,source,computeActualCapacity,
Exponential-capacity-3207-20210301-21:50:10-11267,scalar,Aerocom.aircraft[0].dataLink[15],sentPackets:count,,,622
Exponential-capacity-3207-20210301-21:50:10-11267,attr,Aerocom.aircraft[0].dataLink[15],sentPackets:count,source,computeSentPackets,
Exponential-capacity-3207-20210301-21:50:10-11267,scalar,Aerocom.aircraft[0].dataLink[15],actualCapacity:mean,,,9317.0755523877
Exponential-capacity-3207-20210301-21:50:10-11267,attr,Aerocom.aircraft[0].dataLink[15],actualCapacity:mean,,,
Exponential-capacity-3207-20210301-21:50:10-11267,attr,Aerocom.aircraft[0].dataLink[15],actualCapacity:mean,source,computeActualCapacity,
Exponential-capacity-3207-20210301-21:50:10-11267,scalar,Aerocom.controlTower,receivedPackets:count,,,19493
Exponential-capacity-3207-20210301-21:50:10-11267,attr,Aerocom.controlTower,receivedPackets:count,source,computeReceivedPackets,
Exponential-capacity-3270-20210301-21:50:12-11308,scalar,Aerocom.aircraft[0].linkSelector,responseTime:mean,,,0.57229554008021
Exponential-capacity-3270-20210301-21:50:12-11308,attr,Aerocom.aircraft[0].linkSelector,responseTime:mean,,,
Exponential-capacity-3270-20210301-21:50:12-11308,attr,Aerocom.aircraft[0].linkSelector,responseTime:mean,source,computeResponseTime,
Exponential-capacity-3270-20210301-21:50:12-11308,scalar,Aerocom.aircraft[0].linkSelector,meanMalus:sum,,,13814
Exponential-capacity-3270-20210301-21:50:12-11308,attr,Aerocom.aircraft[0].linkSelector,meanMalus:sum,,,
Exponential-capacity-3270-20210301-21:50:12-11308,attr,Aerocom.aircraft[0].linkSelector,meanMalus:sum,source,computeMeanMalus,
Exponential-capacity-3270-20210301-21:50:12-11308,scalar,Aerocom.aircraft[0].linkSelector,waitingTime:mean,,,0.56515403499173
Exponential-capacity-3270-20210301-21:50:12-11308,attr,Aerocom.aircraft[0].linkSelector,waitingTime:mean,,,
Exponential-capacity-3270-20210301-21:50:12-11308,attr,Aerocom.aircraft[0].linkSelector,waitingTime:mean,source,computeWaitingTime,
Exponential-capacity-3270-20210301-21:50:12-11308,scalar,Aerocom.aircraft[0].linkSelector,serviceTime:mean,,,0.0071848565753927
Exponential-capacity-3270-20210301-21:50:12-11308,attr,Aerocom.aircraft[0].linkSelector,serviceTime:mean,,,
Exponential-capacity-3270-20210301-21:50:12-11308,attr,Aerocom.aircraft[0].linkSelector,serviceTime:mean,source,computeServiceTime,
Exponential-capacity-3270-20210301-21:50:12-11308,scalar,Aerocom.aircraft[0].linkSelector,queueLength:mean,,,28.552985036515
Exponential-capacity-3270-20210301-21:50:12-11308,attr,Aerocom.aircraft[0].linkSelector,queueLength:mean,,,
Exponential-capacity-3270-20210301-21:50:12-11308,attr,Aerocom.aircraft[0].linkSelector,queueLength:mean,source,computeQueueLength,
Exponential-capacity-3270-20210301-21:50:12-11308,scalar,Aerocom.aircraft[0].dataLink[0],sentPackets:count,,,1169
Exponential-capacity-3270-20210301-21:50:12-11308,attr,Aerocom.aircraft[0].dataLink[0],sentPackets:count,source,computeSentPackets,
Exponential-capacity-3270-20210301-21:50:12-11308,scalar,Aerocom.aircraft[0].dataLink[0],actualCapacity:mean,,,9423.9538934426
Exponential-capacity-3270-20210301-21:50:12-11308,attr,Aerocom.aircraft[0].dataLink[0],actualCapacity:mean,,,
Exponential-capacity-3270-20210301-21:50:12-11308,attr,Aerocom.aircraft[0].dataLink[0],actualCapacity:mean,source,computeActualCapacity,
Exponential-capacity-3270-20210301-21:50:12-11308,scalar,Aerocom.aircraft[0].dataLink[1],sentPackets:count,,,1649
Exponential-capacity-3270-20210301-21:50:12-11308,attr,Aerocom.aircraft[0].dataLink[1],sentPackets:count,source,computeSentPackets,
Exponential-capacity-3270-20210301-21:50:12-11308,scalar,Aerocom.aircraft[0].dataLink[1],actualCapacity:mean,,,9531.0764802632
Exponential-capacity-3270-20210301-21:50:12-11308,attr,Aerocom.aircraft[0].dataLink[1],actualCapacity:mean,,,
Exponential-capacity-3270-20210301-21:50:12-11308,attr,Aerocom.aircraft[0].dataLink[1],actualCapacity:mean,source,computeActualCapacity,
Exponential-capacity-3270-20210301-21:50:12-11308,scalar,Aerocom.aircraft[0].dataLink[2],sentPackets:count,,,1584
Exponential-capacity-3270-20210301-21:50:12-11308,attr,Aerocom.aircraft[0].dataLink[2],sentPackets:count,source,computeSentPackets,
Exponential-capacity-3270-20210301-21:50:12-11308,scalar,Aerocom.aircraft[0].dataLink[2],actualCapacity:mean,,,9508.6199915647
Exponential-capacity-3270-20210301-21:50:12-11308,attr,Aerocom.aircraft[0].dataLink[2],actualCapacity:mean,,,
Exponential-capacity-3270-20210301-21:50:12-11308,attr,Aerocom.aircraft[0].dataLink[2],actualCapacity:mean,source,computeActualCapacity,
Exponential-capacity-3270-20210301-21:50:12-11308,scalar,Aerocom.aircraft[0].dataLink[3],sentPackets:count,,,1122
Exponential-capacity-3270-20210301-21:50:12-11308,attr,Aerocom.aircraft[0].dataLink[3],sentPackets:count,source,computeSentPackets,
Exponential-capacity-3270-20210301-21:50:12-11308,scalar,Aerocom.aircraft[0].dataLink[3],actualCapacity:mean,,,9446.8271346255
Exponential-capacity-3270-20210301-21:50:12-11308,attr,Aerocom.aircraft[0].dataLink[3],actualCapacity:mean,,,
Exponential-capacity-3270-20210301-21:50:12-11308,attr,Aerocom.aircraft[0].dataLink[3],actualCapacity:mean,source,computeActualCapacity,
Exponential-capacity-3270-20210301-21:50:12-11308,scalar,Aerocom.aircraft[0].dataLink[4],sentPackets:count,,,541
Exponential-capacity-3270-20210301-21:50:12-11308,attr,Aerocom.aircraft[0].dataLink[4],sentPackets:count,source,computeSentPackets,
Exponential-capacity-3270-20210301-21:50:12-11308,scalar,Aerocom.aircraft[0].dataLink[4],actualCapacity:mean,,,9325.179681577
Exponential-capacity-3270-20210301-21:50:12-11308,attr,Aerocom.aircraft[0].dataLink[4],actualCapacity:mean,,,
Exponential-capacity-3270-20210301-21:50:12-11308,attr,Aerocom.aircraft[0].dataLink[4],actualCapacity:mean,source,computeActualCapacity,
Exponential-capacity-3270-20210301-21:50:12-11308,scalar,Aerocom.aircraft[0].dataLink[5],sentPackets:count,,,1034
Exponential-capacity-3270-20210301-21:50:12-11308,attr,Aerocom.aircraft[0].dataLink[5],sentPackets:count,source,computeSentPackets,
Exponential-capacity-3270-20210301-21:50:12-11308,scalar,Aerocom.aircraft[0].dataLink[5],actualCapacity:mean,,,9440.6014293568
Exponential-capacity-3270-20210301-21:50:12-11308,attr,Aerocom.aircraft[0].dataLink[5],actualCapacity:mean,,,
Exponential-capacity-3270-20210301-21:50:12-11308,attr,Aerocom.aircraft[0].dataLink[5],actualCapacity:mean,source,computeActualCapacity,
Exponential-capacity-3270-20210301-21:50:12-11308,scalar,Aerocom.aircraft[0].dataLink[6],sentPackets:count,,,860
Exponential-capacity-3270-20210301-21:50:12-11308,attr,Aerocom.aircraft[0].dataLink[6],sentPackets:count,source,computeSentPackets,
Exponential-capacity-3270-20210301-21:50:12-11308,scalar,Aerocom.aircraft[0].dataLink[6],actualCapacity:mean,,,9314.0446210269
Exponential-capacity-3270-20210301-21:50:12-11308,attr,Aerocom.aircraft[0].dataLink[6],actualCapacity:mean,,,
Exponential-capacity-3270-20210301-21:50:12-11308,attr,Aerocom.aircraft[0].dataLink[6],actualCapacity:mean,source,computeActualCapacity,
Exponential-capacity-3270-20210301-21:50:12-11308,scalar,Aerocom.aircraft[0].dataLink[7],sentPackets:count,,,1093
Exponential-capacity-3270-20210301-21:50:12-11308,attr,Aerocom.aircraft[0].dataLink[7],sentPackets:count,source,computeSentPackets,
Exponential-capacity-3270-20210301-21:50:12-11308,scalar,Aerocom.aircraft[0].dataLink[7],actualCapacity:mean,,,9426.5445808863
Exponential-capacity-3270-20210301-21:50:12-11308,attr,Aerocom.aircraft[0].dataLink[7],actualCapacity:mean,,,
Exponential-capacity-3270-20210301-21:50:12-11308,attr,Aerocom.aircraft[0].dataLink[7],actualCapacity:mean,source,computeActualCapacity,
Exponential-capacity-3270-20210301-21:50:12-11308,scalar,Aerocom.aircraft[0].dataLink[8],sentPackets:count,,,1003
Exponential-capacity-3270-20210301-21:50:12-11308,attr,Aerocom.aircraft[0].dataLink[8],sentPackets:count,source,computeSentPackets,
Exponential-capacity-3270-20210301-21:50:12-11308,scalar,Aerocom.aircraft[0].dataLink[8],actualCapacity:mean,,,9419.0869321368
Exponential-capacity-3270-20210301-21:50:12-11308,attr,Aerocom.aircraft[0].dataLink[8],actualCapacity:mean,,,
Exponential-capacity-3270-20210301-21:50:12-11308,attr,Aerocom.aircraft[0].dataLink[8],actualCapacity:mean,source,computeActualCapacity,
Exponential-capacity-3270-20210301-21:50:12-11308,scalar,Aerocom.aircraft[0].dataLink[9],sentPackets:count,,,2416
Exponential-capacity-3270-20210301-21:50:12-11308,attr,Aerocom.aircraft[0].dataLink[9],sentPackets:count,source,computeSentPackets,
Exponential-capacity-3270-20210301-21:50:12-11308,scalar,Aerocom.aircraft[0].dataLink[9],actualCapacity:mean,,,9595.0634771732
Exponential-capacity-3270-20210301-21:50:12-11308,attr,Aerocom.aircraft[0].dataLink[9],actualCapacity:mean,,,
Exponential-capacity-3270-20210301-21:50:12-11308,attr,Aerocom.aircraft[0].dataLink[9],actualCapacity:mean,source,computeActualCapacity,
Exponential-capacity-3270-20210301-21:50:12-11308,scalar,Aerocom.aircraft[0].dataLink[10],sentPackets:count,,,1582
Exponential-capacity-3270-20210301-21:50:12-11308,attr,Aerocom.aircraft[0].dataLink[10],sentPackets:count,source,computeSentPackets,
Exponential-capacity-3270-20210301-21:50:12-11308,scalar,Aerocom.aircraft[0].dataLink[10],actualCapacity:mean,,,9476.3458933108
Exponential-capacity-3270-20210301-21:50:12-11308,attr,Aerocom.aircraft[0].dataLink[10],actualCapacity:mean,,,
Exponential-capacity-3270-20210301-21:50:12-11308,attr,Aerocom.aircraft[0].dataLink[10],actualCapacity:mean,source,computeActualCapacity,
Exponential-capacity-3270-20210301-21:50:12-11308,scalar,Aerocom.aircraft[0].dataLink[11],sentPackets:count,,,921
Exponential-capacity-3270-20210301-21:50:12-11308,attr,Aerocom.aircraft[0].dataLink[11],sentPackets:count,source,computeSentPackets,
Exponential-capacity-3270-20210301-21:50:12-11308,scalar,Aerocom.aircraft[0].dataLink[11],actualCapacity:mean,,,9373.2427813789
Exponential-capacity-3270-20210301-21:50:12-11308,attr,Aerocom.aircraft[0].dataLink[11],actualCapacity:mean,,,
Exponential-capacity-3270-20210301-21:50:12-11308,attr,Aerocom.aircraft[0].dataLink[11],actualCapacity:mean,source,computeActualCapacity,
Exponential-capacity-3270-20210301-21:50:12-11308,scalar,Aerocom.aircraft[0].dataLink[12],sentPackets:count,,,781
Exponential-capacity-3270-20210301-21:50:12-11308,attr,Aerocom.aircraft[0].dataLink[12],sentPackets:count,source,computeSentPackets,
Exponential-capacity-3270-20210301-21:50:12-11308,scalar,Aerocom.aircraft[0].dataLink[12],actualCapacity:mean,,,9366.3834827145
Exponential-capacity-3270-20210301-21:50:12-11308,attr,Aerocom.aircraft[0].dataLink[12],actualCapacity:mean,,,
Exponential-capacity-3270-20210301-21:50:12-11308,attr,Aerocom.aircraft[0].dataLink[12],actualCapacity:mean,source,computeActualCapacity,
Exponential-capacity-3270-20210301-21:50:12-11308,scalar,Aerocom.aircraft[0].dataLink[13],sentPackets:count,,,1075
Exponential-capacity-3270-20210301-21:50:12-11308,attr,Aerocom.aircraft[0].dataLink[13],sentPackets:count,source,computeSentPackets,
Exponential-capacity-3270-20210301-21:50:12-11308,scalar,Aerocom.aircraft[0].dataLink[13],actualCapacity:mean,,,9421.2319309601
Exponential-capacity-3270-20210301-21:50:12-11308,attr,Aerocom.aircraft[0].dataLink[13],actualCapacity:mean,,,
Exponential-capacity-3270-20210301-21:50:12-11308,attr,Aerocom.aircraft[0].dataLink[13],actualCapacity:mean,source,computeActualCapacity,
Exponential-capacity-3270-20210301-21:50:12-11308,scalar,Aerocom.aircraft[0].dataLink[14],sentPackets:count,,,1582
Exponential-capacity-3270-20210301-21:50:12-11308,attr,Aerocom.aircraft[0].dataLink[14],sentPackets:count,source,computeSentPackets,
Exponential-capacity-3270-20210301-21:50:12-11308,scalar,Aerocom.aircraft[0].dataLink[14],actualCapacity:mean,,,9492.0215553677
Exponential-capacity-3270-20210301-21:50:12-11308,attr,Aerocom.aircraft[0].dataLink[14],actualCapacity:mean,,,
Exponential-capacity-3270-20210301-21:50:12-11308,attr,Aerocom.aircraft[0].dataLink[14],actualCapacity:mean,source,computeActualCapacity,
Exponential-capacity-3270-20210301-21:50:12-11308,scalar,Aerocom.aircraft[0].dataLink[15],sentPackets:count,,,1168
Exponential-capacity-3270-20210301-21:50:12-11308,attr,Aerocom.aircraft[0].dataLink[15],sentPackets:count,source,computeSentPackets,
Exponential-capacity-3270-20210301-21:50:12-11308,scalar,Aerocom.aircraft[0].dataLink[15],actualCapacity:mean,,,9468.1913580247
Exponential-capacity-3270-20210301-21:50:12-11308,attr,Aerocom.aircraft[0].dataLink[15],actualCapacity:mean,,,
Exponential-capacity-3270-20210301-21:50:12-11308,attr,Aerocom.aircraft[0].dataLink[15],actualCapacity:mean,source,computeActualCapacity,
Exponential-capacity-3270-20210301-21:50:12-11308,scalar,Aerocom.controlTower,receivedPackets:count,,,19580
Exponential-capacity-3270-20210301-21:50:12-11308,attr,Aerocom.controlTower,receivedPackets:count,source,computeReceivedPackets,
Exponential-capacity-3271-20210301-21:50:12-11308,scalar,Aerocom.aircraft[0].linkSelector,responseTime:mean,,,0.56758876006748
Exponential-capacity-3271-20210301-21:50:12-11308,attr,Aerocom.aircraft[0].linkSelector,responseTime:mean,,,
Exponential-capacity-3271-20210301-21:50:12-11308,attr,Aerocom.aircraft[0].linkSelector,responseTime:mean,source,computeResponseTime,
Exponential-capacity-3271-20210301-21:50:12-11308,scalar,Aerocom.aircraft[0].linkSelector,meanMalus:sum,,,11976
Exponential-capacity-3271-20210301-21:50:12-11308,attr,Aerocom.aircraft[0].linkSelector,meanMalus:sum,,,
Exponential-capacity-3271-20210301-21:50:12-11308,attr,Aerocom.aircraft[0].linkSelector,meanMalus:sum,source,computeMeanMalus,
Exponential-capacity-3271-20210301-21:50:12-11308,scalar,Aerocom.aircraft[0].linkSelector,waitingTime:mean,,,0.56039006986009
Exponential-capacity-3271-20210301-21:50:12-11308,attr,Aerocom.aircraft[0].linkSelector,waitingTime:mean,,,
Exponential-capacity-3271-20210301-21:50:12-11308,attr,Aerocom.aircraft[0].linkSelector,waitingTime:mean,source,computeWaitingTime,
Exponential-capacity-3271-20210301-21:50:12-11308,scalar,Aerocom.aircraft[0].linkSelector,serviceTime:mean,,,0.0071986902074116
Exponential-capacity-3271-20210301-21:50:12-11308,attr,Aerocom.aircraft[0].linkSelector,serviceTime:mean,,,
Exponential-capacity-3271-20210301-21:50:12-11308,attr,Aerocom.aircraft[0].linkSelector,serviceTime:mean,source,computeServiceTime,
Exponential-capacity-3271-20210301-21:50:12-11308,scalar,Aerocom.aircraft[0].linkSelector,queueLength:mean,,,28.252618135377
Exponential-capacity-3271-20210301-21:50:12-11308,attr,Aerocom.aircraft[0].linkSelector,queueLength:mean,,,
Exponential-capacity-3271-20210301-21:50:12-11308,attr,Aerocom.aircraft[0].linkSelector,queueLength:mean,source,computeQueueLength,
Exponential-capacity-3271-20210301-21:50:12-11308,scalar,Aerocom.aircraft[0].dataLink[0],sentPackets:count,,,1412
Exponential-capacity-3271-20210301-21:50:12-11308,attr,Aerocom.aircraft[0].dataLink[0],sentPackets:count,source,computeSentPackets,
Exponential-capacity-3271-20210301-21:50:12-11308,scalar,Aerocom.aircraft[0].dataLink[0],actualCapacity:mean,,,9474.4279854148
Exponential-capacity-3271-20210301-21:50:12-11308,attr,Aerocom.aircraft[0].dataLink[0],actualCapacity:mean,,,
Exponential-capacity-3271-20210301-21:50:12-11308,attr,Aerocom.aircraft[0].dataLink[0],actualCapacity:mean,source,computeActualCapacity,
Exponential-capacity-3271-20210301-21:50:12-11308,scalar,Aerocom.aircraft[0].dataLink[1],sentPackets:count,,,886
Exponential-capacity-3271-20210301-21:50:12-11308,attr,Aerocom.aircraft[0].dataLink[1],sentPackets:count,source,computeSentPackets,
Exponential-capacity-3271-20210301-21:50:12-11308,scalar,Aerocom.aircraft[0].dataLink[1],actualCapacity:mean,,,9354.6580838323
Exponential-capacity-3271-20210301-21:50:12-11308,attr,Aerocom.aircraft[0].dataLink[1],actualCapacity:mean,,,
Exponential-capacity-3271-20210301-21:50:12-11308,attr,Aerocom.aircraft[0].dataLink[1],actualCapacity:mean,source,computeActualCapacity,
Exponential-capacity-3271-20210301-21:50:12-11308,scalar,Aerocom.aircraft[0].dataLink[2],sentPackets:count,,,1165
Exponential-capacity-3271-20210301-21:50:12-11308,attr,Aerocom.aircraft[0].dataLink[2],sentPackets:count,source,computeSentPackets,
Exponential-capacity-3271-20210301-21:50:12-11308,scalar,Aerocom.aircraft[0].dataLink[2],actualCapacity:mean,,,9411.1197327852
Exponential-capacity-3271-20210301-21:50:12-11308,attr,Aerocom.aircraft[0].dataLink[2],actualCapacity:mean,,,
Exponential-capacity-3271-20210301-21:50:12-11308,attr,Aerocom.aircraft[0].dataLink[2],actualCapacity:mean,source,computeActualCapacity,
Exponential-capacity-3271-20210301-21:50:12-11308,scalar,Aerocom.aircraft[0].dataLink[3],sentPackets:count,,,1025
Exponential-capacity-3271-20210301-21:50:12-11308,attr,Aerocom.aircraft[0].dataLink[3],sentPackets:count,source,computeSentPackets,
Exponential-capacity-3271-20210301-21:50:12-11308,scalar,Aerocom.aircraft[0].dataLink[3],actualCapacity:mean,,,9337.4894678492
Exponential-capacity-3271-20210301-21:50:12-11308,attr,Aerocom.aircraft[0].dataLink[3],actualCapacity:mean,,,
Exponential-capacity-3271-20210301-21:50:12-11308,attr,Aerocom.aircraft[0].dataLink[3],actualCapacity:mean,source,computeActualCapacity,
Exponential-capacity-3271-20210301-21:50:12-11308,scalar,Aerocom.aircraft[0].dataLink[4],sentPackets:count,,,1531
Exponential-capacity-3271-20210301-21:50:12-11308,attr,Aerocom.aircraft[0].dataLink[4],sentPackets:count,source,computeSentPackets,
Exponential-capacity-3271-20210301-21:50:12-11308,scalar,Aerocom.aircraft[0].dataLink[4],actualCapacity:mean,,,9502.0103671706
Exponential-capacity-3271-20210301-21:50:12-11308,attr,Aerocom.aircraft[0].dataLink[4],actualCapacity:mean,,,
Exponential-capacity-3271-20210301-21:50:12-11308,attr,Aerocom.aircraft[0].dataLink[4],actualCapacity:mean,source,computeActualCapacity,
Exponential-capacity-3271-20210301-21:50:12-11308,scalar,Aerocom.aircraft[0].dataLink[5],sentPackets:count,,,1579
Exponential-capacity-3271-20210301-21:50:12-11308,attr,Aerocom.aircraft[0].dataLink[5],sentPackets:count,source,computeSentPackets,
Exponential-capacity-3271-20210301-21:50:12-11308,scalar,Aerocom.aircraft[0].dataLink[5],actualCapacity:mean,,,9508.7875581887
Exponential-capacity-3271-20210301-21:50:12-11308,attr,Aerocom.aircraft[0].dataLink[5],actualCapacity:mean,,,
Exponential-capacity-3271-20210301-21:50:12-11308,attr,Aerocom.aircraft[0].dataLink[5],actualCapacity:mean,source,computeActualCapacity,
Exponential-capacity-3271-20210301-21:50:12-11308,scalar,Aerocom.aircraft[0].dataLink[6],sentPackets:count,,,1229
Exponential-capacity-3271-20210301-21:50:12-11308,attr,Aerocom.aircraft[0].dataLink[6],sentPackets:count,source,computeSentPackets,
Exponential-capacity-3271-20210301-21:50:12-11308,scalar,Aerocom.aircraft[0].dataLink[6],actualCapacity:mean,,,9477.8505976096
Exponential-capacity-3271-20210301-21:50:12-11308,attr,Aerocom.aircraft[0].dataLink[6],actualCapacity:mean,,,
Exponential-capacity-3271-20210301-21:50:12-11308,attr,Aerocom.aircraft[0].dataLink[6],actualCapacity:mean,source,computeActualCapacity,
Exponential-capacity-3271-20210301-21:50:12-11308,scalar,Aerocom.aircraft[0].dataLink[7],sentPackets:count,,,1066
Exponential-capacity-3271-20210301-21:50:12-11308,attr,Aerocom.aircraft[0].dataLink[7],sentPackets:count,source,computeSentPackets,
Exponential-capacity-3271-20210301-21:50:12-11308,scalar,Aerocom.aircraft[0].dataLink[7],actualCapacity:mean,,,9418.4728850325
Exponential-capacity-3271-20210301-21:50:12-11308,attr,Aerocom.aircraft[0].dataLink[7],actualCapacity:mean,,,
Exponential-capacity-3271-20210301-21:50:12-11308,attr,Aerocom.aircraft[0].dataLink[7],actualCapacity:mean,source,computeActualCapacity,
Exponential-capacity-3271-20210301-21:50:12-11308,scalar,Aerocom.aircraft[0].dataLink[8],sentPackets:count,,,2161
Exponential-capacity-3271-20210301-21:50:12-11308,attr,Aerocom.aircraft[0].dataLink[8],sentPackets:count,source,computeSentPackets,
Exponential-capacity-3271-20210301-21:50:12-11308,scalar,Aerocom.aircraft[0].dataLink[8],actualCapacity:mean,,,9570.6154107264
Exponential-capacity-3271-20210301-21:50:12-11308,attr,Aerocom.aircraft[0].dataLink[8],actualCapacity:mean,,,
Exponential-capacity-3271-20210301-21:50:12-11308,attr,Aerocom.aircraft[0].dataLink[8],actualCapacity:mean,source,computeActualCapacity,
Exponential-capacity-3271-20210301-21:50:12-11308,scalar,Aerocom.aircraft[0].dataLink[9],sentPackets:count,,,838
Exponential-capacity-3271-20210301-21:50:12-11308,attr,Aerocom.aircraft[0].dataLink[9],sentPackets:count,source,computeSentPackets,
Exponential-capacity-3271-20210301-21:50:12-11308,scalar,Aerocom.aircraft[0].dataLink[9],actualCapacity:mean,,,9347.3042671614
Exponential-capacity-3271-20210301-21:50:12-11308,attr,Aerocom.aircraft[0].dataLink[9],actualCapacity:mean,,,
Exponential-capacity-3271-20210301-21:50:12-11308,attr,Aerocom.aircraft[0].dataLink[9],actualCapacity:mean,source,computeActualCapacity,
Exponential-capacity-3271-20210301-21:50:12-11308,scalar,Aerocom.aircraft[0].dataLink[10],sentPackets:count,,,809
Exponential-capacity-3271-20210301-21:50:12-11308,attr,Aerocom.aircraft[0].dataLink[10],sentPackets:count,source,computeSentPackets,
Exponential-capacity-3271-20210301-21:50:12-11308,scalar,Aerocom.aircraft[0].dataLink[10],actualCapacity:mean,,,9297.6995600251
Exponential-capacity-3271-20210301-21:50:12-11308,attr,Aerocom.aircraft[0].dataLink[10],actualCapacity:mean,,,
Exponential-capacity-3271-20210301-21:50:12-11308,attr,Aerocom.aircraft[0].dataLink[10],actualCapacity:mean,source,computeActualCapacity,
Exponential-capacity-3271-20210301-21:50:12-11308,scalar,Aerocom.aircraft[0].dataLink[11],sentPackets:count,,,1602
Exponential-capacity-3271-20210301-21:50:12-11308,attr,Aerocom.aircraft[0].dataLink[11],sentPackets:count,source,computeSentPackets,
Exponential-capacity-3271-20210301-21:50:12-11308,scalar,Aerocom.aircraft[0].dataLink[11],actualCapacity:mean,,,9517.7088767354
Exponential-capacity-3271-20210301-21:50:12-11308,attr,Aerocom.aircraft[0].dataLink[11],actualCapacity:mean,,,
Exponential-capacity-3271-20210301-21:50:12-11308,attr,Aerocom.aircraft[0].dataLink[11],actualCapacity:mean,source,computeActualCapacity,
Exponential-capacity-3271-20210301-21:50:12-11308,scalar,Aerocom.aircraft[0].dataLink[12],sentPackets:count,,,1087
Exponential-capacity-3271-20210301-21:50:12-11308,attr,Aerocom.aircraft[0].dataLink[12],sentPackets:count,source,computeSentPackets,
Exponential-capacity-3271-20210301-21:50:12-11308,scalar,Aerocom.aircraft[0].dataLink[12],actualCapacity:mean,,,9412.9533762058
Exponential-capacity-3271-20210301-21:50:12-11308,attr,Aerocom.aircraft[0].dataLink[12],actualCapacity:mean,,,
Exponential-capacity-3271-20210301-21:50:12-11308,attr,Aerocom.aircraft[0].dataLink[12],actualCapacity:mean,source,computeActualCapacity,
Exponential-capacity-3271-20210301-21:50:12-11308,scalar,Aerocom.aircraft[0].dataLink[13],sentPackets:count,,,1414
Exponential-capacity-3271-20210301-21:50:12-11308,attr,Aerocom.aircraft[0].dataLink[13],sentPackets:count,source,computeSentPackets,
Exponential-capacity-3271-20210301-21:50:12-11308,scalar,Aerocom.aircraft[0].dataLink[13],actualCapacity:mean,,,9511.8195899772
Exponential-capacity-3271-20210301-21:50:12-11308,attr,Aerocom.aircraft[0].dataLink[13],actualCapacity:mean,,,
Exponential-capacity-3271-20210301-21:50:12-11308,attr,Aerocom.aircraft[0].dataLink[13],actualCapacity:mean,source,computeActualCapacity,
Exponential-capacity-3271-20210301-21:50:12-11308,scalar,Aerocom.aircraft[0].dataLink[14],sentPackets:count,,,702
Exponential-capacity-3271-20210301-21:50:12-11308,attr,Aerocom.aircraft[0].dataLink[14],sentPackets:count,source,computeSentPackets,
Exponential-capacity-3271-20210301-21:50:12-11308,scalar,Aerocom.aircraft[0].dataLink[14],actualCapacity:mean,,,9368.1165768194
Exponential-capacity-3271-20210301-21:50:12-11308,attr,Aerocom.aircraft[0].dataLink[14],actualCapacity:mean,,,
Exponential-capacity-3271-20210301-21:50:12-11308,attr,Aerocom.aircraft[0].dataLink[14],actualCapacity:mean,source,computeActualCapacity,
Exponential-capacity-3271-20210301-21:50:12-11308,scalar,Aerocom.aircraft[0].dataLink[15],sentPackets:count,,,1069
Exponential-capacity-3271-20210301-21:50:12-11308,attr,Aerocom.aircraft[0].dataLink[15],sentPackets:count,source,computeSentPackets,
Exponential-capacity-3271-20210301-21:50:12-11308,scalar,Aerocom.aircraft[0].dataLink[15],actualCapacity:mean,,,9398.792004322
Exponential-capacity-3271-20210301-21:50:12-11308,attr,Aerocom.aircraft[0].dataLink[15],actualCapacity:mean,,,
Exponential-capacity-3271-20210301-21:50:12-11308,attr,Aerocom.aircraft[0].dataLink[15],actualCapacity:mean,source,computeActualCapacity,
Exponential-capacity-3271-20210301-21:50:12-11308,scalar,Aerocom.controlTower,receivedPackets:count,,,19575
Exponential-capacity-3271-20210301-21:50:12-11308,attr,Aerocom.controlTower,receivedPackets:count,source,computeReceivedPackets,
Exponential-capacity-3272-20210301-21:50:11-11313,scalar,Aerocom.aircraft[0].linkSelector,responseTime:mean,,,0.58902706526652
Exponential-capacity-3272-20210301-21:50:11-11313,attr,Aerocom.aircraft[0].linkSelector,responseTime:mean,,,
Exponential-capacity-3272-20210301-21:50:11-11313,attr,Aerocom.aircraft[0].linkSelector,responseTime:mean,source,computeResponseTime,
Exponential-capacity-3272-20210301-21:50:11-11313,scalar,Aerocom.aircraft[0].linkSelector,meanMalus:sum,,,13742
Exponential-capacity-3272-20210301-21:50:11-11313,attr,Aerocom.aircraft[0].linkSelector,meanMalus:sum,,,
Exponential-capacity-3272-20210301-21:50:11-11313,attr,Aerocom.aircraft[0].linkSelector,meanMalus:sum,source,computeMeanMalus,
Exponential-capacity-3272-20210301-21:50:11-11313,scalar,Aerocom.aircraft[0].linkSelector,waitingTime:mean,,,0.58189911897878
Exponential-capacity-3272-20210301-21:50:11-11313,attr,Aerocom.aircraft[0].linkSelector,waitingTime:mean,,,
Exponential-capacity-3272-20210301-21:50:11-11313,attr,Aerocom.aircraft[0].linkSelector,waitingTime:mean,source,computeWaitingTime,
Exponential-capacity-3272-20210301-21:50:11-11313,scalar,Aerocom.aircraft[0].linkSelector,serviceTime:mean,,,0.0071966209679196
Exponential-capacity-3272-20210301-21:50:11-11313,attr,Aerocom.aircraft[0].linkSelector,serviceTime:mean,,,
Exponential-capacity-3272-20210301-21:50:11-11313,attr,Aerocom.aircraft[0].linkSelector,serviceTime:mean,source,computeServiceTime,
Exponential-capacity-3272-20210301-21:50:11-11313,scalar,Aerocom.aircraft[0].linkSelector,queueLength:mean,,,29.067835955636
Exponential-capacity-3272-20210301-21:50:11-11313,attr,Aerocom.aircraft[0].linkSelector,queueLength:mean,,,
Exponential-capacity-3272-20210301-21:50:11-11313,attr,Aerocom.aircraft[0].linkSelector,queueLength:mean,source,computeQueueLength,
Exponential-capacity-3272-20210301-21:50:11-11313,scalar,Aerocom.aircraft[0].dataLink[0],sentPackets:count,,,1327
Exponential-capacity-3272-20210301-21:50:11-11313,attr,Aerocom.aircraft[0].dataLink[0],sentPackets:count,source,computeSentPackets,
Exponential-capacity-3272-20210301-21:50:11-11313,scalar,Aerocom.aircraft[0].dataLink[0],actualCapacity:mean,,,9451.8665716999
Exponential-capacity-3272-20210301-21:50:11-11313,attr,Aerocom.aircraft[0].dataLink[0],actualCapacity:mean,,,
Exponential-capacity-3272-20210301-21:50:11-11313,attr,Aerocom.aircraft[0].dataLink[0],actualCapacity:mean,source,computeActualCapacity,
Exponential-capacity-3272-20210301-21:50:11-11313,scalar,Aerocom.aircraft[0].dataLink[1],sentPackets:count,,,1181
Exponential-capacity-3272-20210301-21:50:11-11313,attr,Aerocom.aircraft[0].dataLink[1],sentPackets:count,source,computeSentPackets,
Exponential-capacity-3272-20210301-21:50:11-11313,scalar,Aerocom.aircraft[0].dataLink[1],actualCapacity:mean,,,9435.9607142857
Exponential-capacity-3272-20210301-21:50:11-11313,attr,Aerocom.aircraft[0].dataLink[1],actualCapacity:mean,,,
Exponential-capacity-3272-20210301-21:50:11-11313,attr,Aerocom.aircraft[0].dataLink[1],actualCapacity:mean,source,computeActualCapacity,
Exponential-capacity-3272-20210301-21:50:11-11313,scalar,Aerocom.aircraft[0].dataLink[2],sentPackets:count,,,761
Exponential-capacity-3272-20210301-21:50:11-11313,attr,Aerocom.aircraft[0].dataLink[2],sentPackets:count,source,computeSentPackets,
Exponential-capacity-3272-20210301-21:50:11-11313,scalar,Aerocom.aircraft[0].dataLink[2],actualCapacity:mean,,,9319.448767834
Exponential-capacity-3272-20210301-21:50:11-11313,attr,Aerocom.aircraft[0].dataLink[2],actualCapacity:mean,,,
Exponential-capacity-3272-20210301-21:50:11-11313,attr,Aerocom.aircraft[0].dataLink[2],actualCapacity:mean,source,computeActualCapacity,
Exponential-capacity-3272-20210301-21:50:11-11313,scalar,Aerocom.aircraft[0].dataLink[3],sentPackets:count,,,1038
Exponential-capacity-3272-20210301-21:50:11-11313,attr,Aerocom.aircraft[0].dataLink[3],sentPackets:count,source,computeSentPackets,
Exponential-capacity-3272-20210301-21:50:11-11313,scalar,Aerocom.aircraft[0].dataLink[3],actualCapacity:mean,,,9469.775151182
Exponential-capacity-3272-20210301-21:50:11-11313,attr,Aerocom.aircraft[0].dataLink[3],actualCapacity:mean,,,
Exponential-capacity-3272-20210301-21:50:11-11313,attr,Aerocom.aircraft[0].dataLink[3],actualCapacity:mean,source,computeActualCapacity,
Exponential-capacity-3272-20210301-21:50:11-11313,scalar,Aerocom.aircraft[0].dataLink[4],sentPackets:count,,,933
Exponential-capacity-3272-20210301-21:50:11-11313,attr,Aerocom.aircraft[0].dataLink[4],sentPackets:count,source,computeSentPackets,
Exponential-capacity-3272-20210301-21:50:11-11313,scalar,Aerocom.aircraft[0].dataLink[4],actualCapacity:mean,,,9387.3847051956
Exponential-capacity-3272-20210301-21:50:11-11313,attr,Aerocom.aircraft[0].dataLink[4],actualCapacity:mean,,,
Exponential-capacity-3272-20210301-21:50:11-11313,attr,Aerocom.aircraft[0].dataLink[4],actualCapacity:mean,source,computeActualCapacity,
Exponential-capacity-3272-20210301-21:50:11-11313,scalar,Aerocom.aircraft[0].dataLink[5],sentPackets:count,,,1420
Exponential-capacity-3272-20210301-21:50:11-11313,attr,Aerocom.aircraft[0].dataLink[5],sentPackets:count,source,computeSentPackets,
Exponential-capacity-3272-20210301-21:50:11-11313,scalar,Aerocom.aircraft[0].dataLink[5],actualCapacity:mean,,,9460.3182024512
Exponential-capacity-3272-20210301-21:50:11-11313,attr,Aerocom.aircraft[0].dataLink[5],actualCapacity:mean,,,
Exponential-capacity-3272-20210301-21:50:11-11313,attr,Aerocom.aircraft[0].dataLink[5],actualCapacity:mean,source,computeActualCapacity,
Exponential-capacity-3272-20210301-21:50:11-11313,scalar,Aerocom.aircraft[0].dataLink[6],sentPackets:count,,,1090
Exponential-capacity-3272-20210301-21:50:11-11313,attr,Aerocom.aircraft[0].dataLink[6],sentPackets:count,source,computeSentPackets,
Exponential-capacity-3272-20210301-21:50:11-11313,scalar,Aerocom.aircraft[0].dataLink[6],actualCapacity:mean,,,9439.188034188
Exponential-capacity-3272-20210301-21:50:11-11313,attr,Aerocom.aircraft[0].dataLink[6],actualCapacity:mean,,,
Exponential-capacity-3272-20210301-21:50:11-11313,attr,Aerocom.aircraft[0].dataLink[6],actualCapacity:mean,source,computeActualCapacity,
Exponential-capacity-3272-20210301-21:50:11-11313,scalar,Aerocom.aircraft[0].dataLink[7],sentPackets:count,,,1152
Exponential-capacity-3272-20210301-21:50:11-11313,attr,Aerocom.aircraft[0].dataLink[7],sentPackets:count,source,computeSentPackets,
Exponential-capacity-3272-20210301-21:50:11-11313,scalar,Aerocom.aircraft[0].dataLink[7],actualCapacity:mean,,,9463.3502066116
Exponential-capacity-3272-20210301-21:50:11-11313,attr,Aerocom.aircraft[0].dataLink[7],actualCapacity:mean,,,
Exponential-capacity-3272-20210301-21:50:11-11313,attr,Aerocom.aircraft[0].dataLink[7],actualCapacity:mean,source,computeActualCapacity,
Exponential-capacity-3272-20210301-21:50:11-11313,scalar,Aerocom.aircraft[0].dataLink[8],sentPackets:count,,,798
Exponential-capacity-3272-20210301-21:50:11-11313,attr,Aerocom.aircraft[0].dataLink[8],sentPackets:count,source,computeSentPackets,
Exponential-capacity-3272-20210301-21:50:11-11313,scalar,Aerocom.aircraft[0].dataLink[8],actualCapacity:mean,,,9358.7733333333
Exponential-capacity-3272-20210301-21:50:11-11313,attr,Aerocom.aircraft[0].dataLink[8],actualCapacity:mean,,,
Exponential-capacity-3272-20210301-21:50:11-11313,attr,Aerocom.aircraft[0].dataLink[8],actualCapacity:mean,source,computeActualCapacity,
Exponential-capacity-3272-20210301-21:50:11-11313,scalar,Aerocom.aircraft[0].dataLink[9],sentPackets:count,,,696
Exponential-capacity-3272-20210301-21:50:11-11313,attr,Aerocom.aircraft[0].dataLink[9],sentPackets:count,source,computeSentPackets,
Exponential-capacity-3272-20210301-21:50:11-11313,scalar,Aerocom.aircraft[0].dataLink[9],actualCapacity:mean,,,9272.0602572783
Exponential-capacity-3272-20210301-21:50:11-11313,attr,Aerocom.aircraft[0].dataLink[9],actualCapacity:mean,,,
Exponential-capacity-3272-20210301-21:50:11-11313,attr,Aerocom.aircraft[0].dataLink[9],actualCapacity:mean,source,computeActualCapacity,
Exponential-capacity-3272-20210301-21:50:11-11313,scalar,Aerocom.aircraft[0].dataLink[10],sentPackets:count,,,1615
Exponential-capacity-3272-20210301-21:50:11-11313,attr,Aerocom.aircraft[0].dataLink[10],sentPackets:count,source,computeSentPackets,
Exponential-capacity-3272-20210301-21:50:11-11313,scalar,Aerocom.aircraft[0].dataLink[10],actualCapacity:mean,,,9456.1945606695
Exponential-capacity-3272-20210301-21:50:11-11313,attr,Aerocom.aircraft[0].dataLink[10],actualCapacity:mean,,,
Exponential-capacity-3272-20210301-21:50:11-11313,attr,Aerocom.aircraft[0].dataLink[10],actualCapacity:mean,source,computeActualCapacity,
Exponential-capacity-3272-20210301-21:50:11-11313,scalar,Aerocom.aircraft[0].dataLink[11],sentPackets:count,,,1034
Exponential-capacity-3272-20210301-21:50:11-11313,attr,Aerocom.aircraft[0].dataLink[11],sentPackets:count,source,computeSentPackets,
Exponential-capacity-3272-20210301-21:50:11-11313,scalar,Aerocom.aircraft[0].dataLink[11],actualCapacity:mean,,,9417.6343077772
Exponential-capacity-3272-20210301-21:50:11-11313,attr,Aerocom.aircraft[0].dataLink[11],actualCapacity:mean,,,
Exponential-capacity-3272-20210301-21:50:11-11313,attr,Aerocom.aircraft[0].dataLink[11],actualCapacity:mean,source,computeActualCapacity,
Exponential-capacity-3272-20210301-21:50:11-11313,scalar,Aerocom.aircraft[0].dataLink[12],sentPackets:count,,,1423
Exponential-capacity-3272-20210301-21:50:11-11313,attr,Aerocom.aircraft[0].dataLink[12],sentPackets:count,source,computeSentPackets,
Exponential-capacity-3272-20210301-21:50:11-11313,scalar,Aerocom.aircraft[0].dataLink[12],actualCapacity:mean,,,9449.9352648257
Exponential-capacity-3272-20210301-21:50:11-11313,attr,Aerocom.aircraft[0].dataLink[12],actualCapacity:mean,,,
Exponential-capacity-3272-20210301-21:50:11-11313,attr,Aerocom.aircraft[0].dataLink[12],actualCapacity:mean,source,computeActualCapacity,
Exponential-capacity-3272-20210301-21:50:11-11313,scalar,Aerocom.aircraft[0].dataLink[13],sentPackets:count,,,1464
Exponential-capacity-3272-20210301-21:50:11-11313,attr,Aerocom.aircraft[0].dataLink[13],sentPackets:count,source,computeSentPackets,
Exponential-capacity-3272-20210301-21:50:11-11313,scalar,Aerocom.aircraft[0].dataLink[13],actualCapacity:mean,,,9476.6780791463
Exponential-capacity-3272-20210301-21:50:11-11313,attr,Aerocom.aircraft[0].dataLink[13],actualCapacity:mean,,,
Exponential-capacity-3272-20210301-21:50:11-11313,attr,Aerocom.aircraft[0].dataLink[13],actualCapacity:mean,source,computeActualCapacity,
Exponential-capacity-3272-20210301-21:50:11-11313,scalar,Aerocom.aircraft[0].dataLink[14],sentPackets:count,,,1315
Exponential-capacity-3272-20210301-21:50:11-11313,attr,Aerocom.aircraft[0].dataLink[14],sentPackets:count,source,computeSentPackets,
Exponential-capacity-3272-20210301-21:50:11-11313,scalar,Aerocom.aircraft[0].dataLink[14],actualCapacity:mean,,,9443.0271428571
Exponential-capacity-3272-20210301-21:50:11-11313,attr,Aerocom.aircraft[0].dataLink[14],actualCapacity:mean,,,
Exponential-capacity-3272-20210301-21:50:11-11313,attr,Aerocom.aircraft[0].dataLink[14],actualCapacity:mean,source,computeActualCapacity,
Exponential-capacity-3272-20210301-21:50:11-11313,scalar,Aerocom.aircraft[0].dataLink[15],sentPackets:count,,,2137
Exponential-capacity-3272-20210301-21:50:11-11313,attr,Aerocom.aircraft[0].dataLink[15],sentPackets:count,source,computeSentPackets,
Exponential-capacity-3272-20210301-21:50:11-11313,scalar,Aerocom.aircraft[0].dataLink[15],actualCapacity:mean,,,9565.631813507
Exponential-capacity-3272-20210301-21:50:11-11313,attr,Aerocom.aircraft[0].dataLink[15],actualCapacity:mean,,,
Exponential-capacity-3272-20210301-21:50:11-11313,attr,Aerocom.aircraft[0].dataLink[15],actualCapacity:mean,source,computeActualCapacity,
Exponential-capacity-3272-20210301-21:50:11-11313,scalar,Aerocom.controlTower,receivedPackets:count,,,19384
Exponential-capacity-3272-20210301-21:50:11-11313,attr,Aerocom.controlTower,receivedPackets:count,source,computeReceivedPackets,
Exponential-capacity-3273-20210301-21:50:11-11313,scalar,Aerocom.aircraft[0].linkSelector,responseTime:mean,,,0.59130742321634
Exponential-capacity-3273-20210301-21:50:11-11313,attr,Aerocom.aircraft[0].linkSelector,responseTime:mean,,,
Exponential-capacity-3273-20210301-21:50:11-11313,attr,Aerocom.aircraft[0].linkSelector,responseTime:mean,source,computeResponseTime,
Exponential-capacity-3273-20210301-21:50:11-11313,scalar,Aerocom.aircraft[0].linkSelector,meanMalus:sum,,,12846
Exponential-capacity-3273-20210301-21:50:11-11313,attr,Aerocom.aircraft[0].linkSelector,meanMalus:sum,,,
Exponential-capacity-3273-20210301-21:50:11-11313,attr,Aerocom.aircraft[0].linkSelector,meanMalus:sum,source,computeMeanMalus,
Exponential-capacity-3273-20210301-21:50:11-11313,scalar,Aerocom.aircraft[0].linkSelector,waitingTime:mean,,,0.58411298998028
Exponential-capacity-3273-20210301-21:50:11-11313,attr,Aerocom.aircraft[0].linkSelector,waitingTime:mean,,,
Exponential-capacity-3273-20210301-21:50:11-11313,attr,Aerocom.aircraft[0].linkSelector,waitingTime:mean,source,computeWaitingTime,
Exponential-capacity-3273-20210301-21:50:11-11313,scalar,Aerocom.aircraft[0].linkSelector,serviceTime:mean,,,0.0071944332360824
Exponential-capacity-3273-20210301-21:50:11-11313,attr,Aerocom.aircraft[0].linkSelector,serviceTime:mean,,,
Exponential-capacity-3273-20210301-21:50:11-11313,attr,Aerocom.aircraft[0].linkSelector,serviceTime:mean,source,computeServiceTime,
Exponential-capacity-3273-20210301-21:50:11-11313,scalar,Aerocom.aircraft[0].linkSelector,queueLength:mean,,,29.355776045358
Exponential-capacity-3273-20210301-21:50:11-11313,attr,Aerocom.aircraft[0].linkSelector,queueLength:mean,,,
Exponential-capacity-3273-20210301-21:50:11-11313,attr,Aerocom.aircraft[0].linkSelector,queueLength:mean,source,computeQueueLength,
Exponential-capacity-3273-20210301-21:50:11-11313,scalar,Aerocom.aircraft[0].dataLink[0],sentPackets:count,,,1063
Exponential-capacity-3273-20210301-21:50:11-11313,attr,Aerocom.aircraft[0].dataLink[0],sentPackets:count,source,computeSentPackets,
Exponential-capacity-3273-20210301-21:50:11-11313,scalar,Aerocom.aircraft[0].dataLink[0],actualCapacity:mean,,,9430.8211777418
Exponential-capacity-3273-20210301-21:50:11-11313,attr,Aerocom.aircraft[0].dataLink[0],actualCapacity:mean,,,
Exponential-capacity-3273-20210301-21:50:11-11313,attr,Aerocom.aircraft[0].dataLink[0],actualCapacity:mean,source,computeActualCapacity,
Exponential-capacity-3273-20210301-21:50:11-11313,scalar,Aerocom.aircraft[0].dataLink[1],sentPackets:count,,,998
Exponential-capacity-3273-20210301-21:50:11-11313,attr,Aerocom.aircraft[0].dataLink[1],sentPackets:count,source,computeSentPackets,
Exponential-capacity-3273-20210301-21:50:11-11313,scalar,Aerocom.aircraft[0].dataLink[1],actualCapacity:mean,,,9402.6393718452
Exponential-capacity-3273-20210301-21:50:11-11313,attr,Aerocom.aircraft[0].dataLink[1],actualCapacity:mean,,,
Exponential-capacity-3273-20210301-21:50:11-11313,attr,Aerocom.aircraft[0].dataLink[1],actualCapacity:mean,source,computeActualCapacity,
Exponential-capacity-3273-20210301-21:50:11-11313,scalar,Aerocom.aircraft[0].dataLink[2],sentPackets:count,,,2650
Exponential-capacity-3273-20210301-21:50:11-11313,attr,Aerocom.aircraft[0].dataLink[2],sentPackets:count,source,computeSentPackets,
Exponential-capacity-3273-20210301-21:50:11-11313,scalar,Aerocom.aircraft[0].dataLink[2],actualCapacity:mean,,,9578.3686205891
Exponential-capacity-3273-20210301-21:50:11-11313,attr,Aerocom.aircraft[0].dataLink[2],actualCapacity:mean,,,
Exponential-capacity-3273-20210301-21:50:11-11313,attr,Aerocom.aircraft[0].dataLink[2],actualCapacity:mean,source,computeActualCapacity,
Exponential-capacity-3273-20210301-21:50:11-11313,scalar,Aerocom.aircraft[0].dataLink[3],sentPackets:count,,,1338
Exponential-capacity-3273-20210301-21:50:11-11313,attr,Aerocom.aircraft[0].dataLink[3],sentPackets:count,source,computeSentPackets,
Exponential-capacity-3273-20210301-21:50:11-11313,scalar,Aerocom.aircraft[0].dataLink[3],actualCapacity:mean,,,9501.7123352166
Exponential-capacity-3273-20210301-21:50:11-11313,attr,Aerocom.aircraft[0].dataLink[3],actualCapacity:mean,,,
Exponential-capacity-3273-20210301-21:50:11-11313,attr,Aerocom.aircraft[0].dataLink[3],actualCapacity:mean,source,computeActualCapacity,
Exponential-capacity-3273-20210301-21:50:11-11313,scalar,Aerocom.aircraft[0].dataLink[4],sentPackets:count,,,1667
Exponential-capacity-3273-20210301-21:50:11-11313,attr,Aerocom.aircraft[0].dataLink[4],sentPackets:count,source,computeSentPackets,
Exponential-capacity-3273-20210301-21:50:11-11313,scalar,Aerocom.aircraft[0].dataLink[4],actualCapacity:mean,,,9528.6597137014
Exponential-capacity-3273-20210301-21:50:11-11313,attr,Aerocom.aircraft[0].dataLink[4],actualCapacity:mean,,,
Exponential-capacity-3273-20210301-21:50:11-11313,attr,Aerocom.aircraft[0].dataLink[4],actualCapacity:mean,source,computeActualCapacity,
Exponential-capacity-3273-20210301-21:50:11-11313,scalar,Aerocom.aircraft[0].dataLink[5],sentPackets:count,,,1526
Exponential-capacity-3273-20210301-21:50:11-11313,attr,Aerocom.aircraft[0].dataLink[5],sentPackets:count,source,computeSentPackets,
Exponential-capacity-3273-20210301-21:50:11-11313,scalar,Aerocom.aircraft[0].dataLink[5],actualCapacity:mean,,,9481.3301476977
Exponential-capacity-3273-20210301-21:50:11-11313,attr,Aerocom.aircraft[0].dataLink[5],actualCapacity:mean,,,
Exponential-capacity-3273-20210301-21:50:11-11313,attr,Aerocom.aircraft[0].dataLink[5],actualCapacity:mean,source,computeActualCapacity,
Exponential-capacity-3273-20210301-21:50:11-11313,scalar,Aerocom.aircraft[0].dataLink[6],sentPackets:count,,,991
Exponential-capacity-3273-20210301-21:50:11-11313,attr,Aerocom.aircraft[0].dataLink[6],sentPackets:count,source,computeSentPackets,
Exponential-capacity-3273-20210301-21:50:11-11313,scalar,Aerocom.aircraft[0].dataLink[6],actualCapacity:mean,,,9394.494084507
Exponential-capacity-3273-20210301-21:50:11-11313,attr,Aerocom.aircraft[0].dataLink[6],actualCapacity:mean,,,
Exponential-capacity-3273-20210301-21:50:11-11313,attr,Aerocom.aircraft[0].dataLink[6],actualCapacity:mean,source,computeActualCapacity,
Exponential-capacity-3273-20210301-21:50:11-11313,scalar,Aerocom.aircraft[0].dataLink[7],sentPackets:count,,,1308
Exponential-capacity-3273-20210301-21:50:11-11313,attr,Aerocom.aircraft[0].dataLink[7],sentPackets:count,source,computeSentPackets,
Exponential-capacity-3273-20210301-21:50:11-11313,scalar,Aerocom.aircraft[0].dataLink[7],actualCapacity:mean,,,9556.0913875598
Exponential-capacity-3273-20210301-21:50:11-11313,attr,Aerocom.aircraft[0].dataLink[7],actualCapacity:mean,,,
Exponential-capacity-3273-20210301-21:50:11-11313,attr,Aerocom.aircraft[0].dataLink[7],actualCapacity:mean,source,computeActualCapacity,
Exponential-capacity-3273-20210301-21:50:11-11313,scalar,Aerocom.aircraft[0].dataLink[8],sentPackets:count,,,1128
Exponential-capacity-3273-20210301-21:50:11-11313,attr,Aerocom.aircraft[0].dataLink[8],sentPackets:count,source,computeSentPackets,
Exponential-capacity-3273-20210301-21:50:11-11313,scalar,Aerocom.aircraft[0].dataLink[8],actualCapacity:mean,,,9428.8028316728
Exponential-capacity-3273-20210301-21:50:11-11313,attr,Aerocom.aircraft[0].dataLink[8],actualCapacity:mean,,,
Exponential-capacity-3273-20210301-21:50:11-11313,attr,Aerocom.aircraft[0].dataLink[8],actualCapacity:mean,source,computeActualCapacity,
Exponential-capacity-3273-20210301-21:50:11-11313,scalar,Aerocom.aircraft[0].dataLink[9],sentPackets:count,,,1434
Exponential-capacity-3273-20210301-21:50:11-11313,attr,Aerocom.aircraft[0].dataLink[9],sentPackets:count,source,computeSentPackets,
Exponential-capacity-3273-20210301-21:50:11-11313,scalar,Aerocom.aircraft[0].dataLink[9],actualCapacity:mean,,,9468.867933062
Exponential-capacity-3273-20210301-21:50:11-11313,attr,Aerocom.aircraft[0].dataLink[9],actualCapacity:mean,,,
Exponential-capacity-3273-20210301-21:50:11-11313,attr,Aerocom.aircraft[0].dataLink[9],actualCapacity:mean,source,computeActualCapacity,
Exponential-capacity-3273-20210301-21:50:11-11313,scalar,Aerocom.aircraft[0].dataLink[10],sentPackets:count,,,802
Exponential-capacity-3273-20210301-21:50:11-11313,attr,Aerocom.aircraft[0].dataLink[10],sentPackets:count,source,computeSentPackets,
Exponential-capacity-3273-20210301-21:50:11-11313,scalar,Aerocom.aircraft[0].dataLink[10],actualCapacity:mean,,,9356.625
Exponential-capacity-3273-20210301-21:50:11-11313,attr,Aerocom.aircraft[0].dataLink[10],actualCapacity:mean,,,
Exponential-capacity-3273-20210301-21:50:11-11313,attr,Aerocom.aircraft[0].dataLink[10],actualCapacity:mean,source,computeActualCapacity,
Exponential-capacity-3273-20210301-21:50:11-11313,scalar,Aerocom.aircraft[0].dataLink[11],sentPackets:count,,,1544
Exponential-capacity-3273-20210301-21:50:11-11313,attr,Aerocom.aircraft[0].dataLink[11],sentPackets:count,source,computeSentPackets,
Exponential-capacity-3273-20210301-21:50:11-11313,scalar,Aerocom.aircraft[0].dataLink[11],actualCapacity:mean,,,9489.223417994
Exponential-capacity-3273-20210301-21:50:11-11313,attr,Aerocom.aircraft[0].dataLink[11],actualCapacity:mean,,,
Exponential-capacity-3273-20210301-21:50:11-11313,attr,Aerocom.aircraft[0].dataLink[11],actualCapacity:mean,source,computeActualCapacity,
Exponential-capacity-3273-20210301-21:50:11-11313,scalar,Aerocom.aircraft[0].dataLink[12],sentPackets:count,,,817
Exponential-capacity-3273-20210301-21:50:11-11313,attr,Aerocom.aircraft[0].dataLink[12],sentPackets:count,source,computeSentPackets,
Exponential-capacity-3273-20210301-21:50:11-11313,scalar,Aerocom.aircraft[0].dataLink[12],actualCapacity:mean,,,9310.6495619524
Exponential-capacity-3273-20210301-21:50:11-11313,attr,Aerocom.aircraft[0].dataLink[12],actualCapacity:mean,,,
Exponential-capacity-3273-20210301-21:50:11-11313,attr,Aerocom.aircraft[0].dataLink[12],actualCapacity:mean,source,computeActualCapacity,
Exponential-capacity-3273-20210301-21:50:11-11313,scalar,Aerocom.aircraft[0].dataLink[13],sentPackets:count,,,822
Exponential-capacity-3273-20210301-21:50:11-11313,attr,Aerocom.aircraft[0].dataLink[13],sentPackets:count,source,computeSentPackets,
Exponential-capacity-3273-20210301-21:50:11-11313,scalar,Aerocom.aircraft[0].dataLink[13],actualCapacity:mean,,,9318.6879699248
Exponential-capacity-3273-20210301-21:50:11-11313,attr,Aerocom.aircraft[0].dataLink[13],actualCapacity:mean,,,
Exponential-capacity-3273-20210301-21:50:11-11313,attr,Aerocom.aircraft[0].dataLink[13],actualCapacity:mean,source,computeActualCapacity,
Exponential-capacity-3273-20210301-21:50:11-11313,scalar,Aerocom.aircraft[0].dataLink[14],sentPackets:count,,,993
Exponential-capacity-3273-20210301-21:50:11-11313,attr,Aerocom.aircraft[0].dataLink[14],sentPackets:count,source,computeSentPackets,
Exponential-capacity-3273-20210301-21:50:11-11313,scalar,Aerocom.aircraft[0].dataLink[14],actualCapacity:mean,,,9419.5160202361
Exponential-capacity-3273-20210301-21:50:11-11313,attr,Aerocom.aircraft[0].dataLink[14],actualCapacity:mean,,,
Exponential-capacity-3273-20210301-21:50:11-11313,attr,Aerocom.aircraft[0].dataLink[14],actualCapacity:mean,source,computeActualCapacity,
Exponential-capacity-3273-20210301-21:50:11-11313,scalar,Aerocom.aircraft[0].dataLink[15],sentPackets:count,,,673
Exponential-capacity-3273-20210301-21:50:11-11313,attr,Aerocom.aircraft[0].dataLink[15],sentPackets:count,source,computeSentPackets,
Exponential-capacity-3273-20210301-21:50:11-11313,scalar,Aerocom.aircraft[0].dataLink[15],actualCapacity:mean,,,9272.3172746043
Exponential-capacity-3273-20210301-21:50:11-11313,attr,Aerocom.aircraft[0].dataLink[15],actualCapacity:mean,,,
Exponential-capacity-3273-20210301-21:50:11-11313,attr,Aerocom.aircraft[0].dataLink[15],actualCapacity:mean,source,computeActualCapacity,
Exponential-capacity-3273-20210301-21:50:11-11313,scalar,Aerocom.controlTower,receivedPackets:count,,,19754
Exponential-capacity-3273-20210301-21:50:11-11313,attr,Aerocom.controlTower,receivedPackets:count,source,computeReceivedPackets,
Exponential-capacity-3274-20210301-21:50:11-11313,scalar,Aerocom.aircraft[0].linkSelector,responseTime:mean,,,0.58159534707631
Exponential-capacity-3274-20210301-21:50:11-11313,attr,Aerocom.aircraft[0].linkSelector,responseTime:mean,,,
Exponential-capacity-3274-20210301-21:50:11-11313,attr,Aerocom.aircraft[0].linkSelector,responseTime:mean,source,computeResponseTime,
Exponential-capacity-3274-20210301-21:50:11-11313,scalar,Aerocom.aircraft[0].linkSelector,meanMalus:sum,,,13938
Exponential-capacity-3274-20210301-21:50:11-11313,attr,Aerocom.aircraft[0].linkSelector,meanMalus:sum,,,
Exponential-capacity-3274-20210301-21:50:11-11313,attr,Aerocom.aircraft[0].linkSelector,meanMalus:sum,source,computeMeanMalus,
Exponential-capacity-3274-20210301-21:50:11-11313,scalar,Aerocom.aircraft[0].linkSelector,waitingTime:mean,,,0.57439496760317
Exponential-capacity-3274-20210301-21:50:11-11313,attr,Aerocom.aircraft[0].linkSelector,waitingTime:mean,,,
Exponential-capacity-3274-20210301-21:50:11-11313,attr,Aerocom.aircraft[0].linkSelector,waitingTime:mean,source,computeWaitingTime,
Exponential-capacity-3274-20210301-21:50:11-11313,scalar,Aerocom.aircraft[0].linkSelector,serviceTime:mean,,,0.0072003794731707
Exponential-capacity-3274-20210301-21:50:11-11313,attr,Aerocom.aircraft[0].linkSelector,serviceTime:mean,,,
Exponential-capacity-3274-20210301-21:50:11-11313,attr,Aerocom.aircraft[0].linkSelector,serviceTime:mean,source,computeServiceTime,
Exponential-capacity-3274-20210301-21:50:11-11313,scalar,Aerocom.aircraft[0].linkSelector,queueLength:mean,,,29.357862439274
Exponential-capacity-3274-20210301-21:50:11-11313,attr,Aerocom.aircraft[0].linkSelector,queueLength:mean,,,
Exponential-capacity-3274-20210301-21:50:11-11313,attr,Aerocom.aircraft[0].linkSelector,queueLength:mean,source,computeQueueLength,
Exponential-capacity-3274-20210301-21:50:11-11313,scalar,Aerocom.aircraft[0].dataLink[0],sentPackets:count,,,1859
Exponential-capacity-3274-20210301-21:50:11-11313,attr,Aerocom.aircraft[0].dataLink[0],sentPackets:count,source,computeSentPackets,
Exponential-capacity-3274-20210301-21:50:11-11313,scalar,Aerocom.aircraft[0].dataLink[0],actualCapacity:mean,,,9608.239954511
Exponential-capacity-3274-20210301-21:50:11-11313,attr,Aerocom.aircraft[0].dataLink[0],actualCapacity:mean,,,
Exponential-capacity-3274-20210301-21:50:11-11313,attr,Aerocom.aircraft[0].dataLink[0],actualCapacity:mean,source,computeActualCapacity,
Exponential-capacity-3274-20210301-21:50:11-11313,scalar,Aerocom.aircraft[0].dataLink[1],sentPackets:count,,,1071
Exponential-capacity-3274-20210301-21:50:11-11313,attr,Aerocom.aircraft[0].dataLink[1],sentPackets:count,source,computeSentPackets,
Exponential-capacity-3274-20210301-21:50:11-11313,scalar,Aerocom.aircraft[0].dataLink[1],actualCapacity:mean,,,9428.9919224556
Exponential-capacity-3274-20210301-21:50:11-11313,attr,Aerocom.aircraft[0].dataLink[1],actualCapacity:mean,,,
Exponential-capacity-3274-20210301-21:50:11-11313,attr,Aerocom.aircraft[0].dataLink[1],actualCapacity:mean,source,computeActualCapacity,
Exponential-capacity-3274-20210301-21:50:11-11313,scalar,Aerocom.aircraft[0].dataLink[2],sentPackets:count,,,1225
Exponential-capacity-3274-20210301-21:50:11-11313,attr,Aerocom.aircraft[0].dataLink[2],sentPackets:count,source,computeSentPackets,
Exponential-capacity-3274-20210301-21:50:11-11313,scalar,Aerocom.aircraft[0].dataLink[2],actualCapacity:mean,,,9450.0643070788
Exponential-capacity-3274-20210301-21:50:11-11313,attr,Aerocom.aircraft[0].dataLink[2],actualCapacity:mean,,,
Exponential-capacity-3274-20210301-21:50:11-11313,attr,Aerocom.aircraft[0].dataLink[2],actualCapacity:mean,source,computeActualCapacity,
Exponential-capacity-3274-20210301-21:50:11-11313,scalar,Aerocom.aircraft[0].dataLink[3],sentPackets:count,,,635
Exponential-capacity-3274-20210301-21:50:11-11313,attr,Aerocom.aircraft[0].dataLink[3],sentPackets:count,source,computeSentPackets,
Exponential-capacity-3274-20210301-21:50:11-11313,scalar,Aerocom.aircraft[0].dataLink[3],actualCapacity:mean,,,9219.7991483322
Exponential-capacity-3274-20210301-21:50:11-11313,attr,Aerocom.aircraft[0].dataLink[3],actualCapacity:mean,,,
Exponential-capacity-3274-20210301-21:50:11-11313,attr,Aerocom.aircraft[0].dataLink[3],actualCapacity:mean,source,computeActualCapacity,
Exponential-capacity-3274-20210301-21:50:11-11313,scalar,Aerocom.aircraft[0].dataLink[4],sentPackets:count,,,1060
Exponential-capacity-3274-20210301-21:50:11-11313,attr,Aerocom.aircraft[0].dataLink[4],sentPackets:count,source,computeSentPackets,
Exponential-capacity-3274-20210301-21:50:11-11313,scalar,Aerocom.aircraft[0].dataLink[4],actualCapacity:mean,,,9396.4489130435
Exponential-capacity-3274-20210301-21:50:11-11313,attr,Aerocom.aircraft[0].dataLink[4],actualCapacity:mean,,,
Exponential-capacity-3274-20210301-21:50:11-11313,attr,Aerocom.aircraft[0].dataLink[4],actualCapacity:mean,source,computeActualCapacity,
Exponential-capacity-3274-20210301-21:50:11-11313,scalar,Aerocom.aircraft[0].dataLink[5],sentPackets:count,,,2092
Exponential-capacity-3274-20210301-21:50:11-11313,attr,Aerocom.aircraft[0].dataLink[5],sentPackets:count,source,computeSentPackets,
Exponential-capacity-3274-20210301-21:50:11-11313,scalar,Aerocom.aircraft[0].dataLink[5],actualCapacity:mean,,,9548.2585247042
Exponential-capacity-3274-20210301-21:50:11-11313,attr,Aerocom.aircraft[0].dataLink[5],actualCapacity:mean,,,
Exponential-capacity-3274-20210301-21:50:11-11313,attr,Aerocom.aircraft[0].dataLink[5],actualCapacity:mean,source,computeActualCapacity,
Exponential-capacity-3274-20210301-21:50:11-11313,scalar,Aerocom.aircraft[0].dataLink[6],sentPackets:count,,,1341
Exponential-capacity-3274-20210301-21:50:11-11313,attr,Aerocom.aircraft[0].dataLink[6],sentPackets:count,source,computeSentPackets,
Exponential-capacity-3274-20210301-21:50:11-11313,scalar,Aerocom.aircraft[0].dataLink[6],actualCapacity:mean,,,9481.7798208392
Exponential-capacity-3274-20210301-21:50:11-11313,attr,Aerocom.aircraft[0].dataLink[6],actualCapacity:mean,,,
Exponential-capacity-3274-20210301-21:50:11-11313,attr,Aerocom.aircraft[0].dataLink[6],actualCapacity:mean,source,computeActualCapacity,
Exponential-capacity-3274-20210301-21:50:11-11313,scalar,Aerocom.aircraft[0].dataLink[7],sentPackets:count,,,743
Exponential-capacity-3274-20210301-21:50:11-11313,attr,Aerocom.aircraft[0].dataLink[7],sentPackets:count,source,computeSentPackets,
Exponential-capacity-3274-20210301-21:50:11-11313,scalar,Aerocom.aircraft[0].dataLink[7],actualCapacity:mean,,,9271.7009222661
Exponential-capacity-3274-20210301-21:50:11-11313,attr,Aerocom.aircraft[0].dataLink[7],actualCapacity:mean,,,
Exponential-capacity-3274-20210301-21:50:11-11313,attr,Aerocom.aircraft[0].dataLink[7],actualCapacity:mean,source,computeActualCapacity,
Exponential-capacity-3274-20210301-21:50:11-11313,scalar,Aerocom.aircraft[0].dataLink[8],sentPackets:count,,,1798
Exponential-capacity-3274-20210301-21:50:11-11313,attr,Aerocom.aircraft[0].dataLink[8],sentPackets:count,source,computeSentPackets,
Exponential-capacity-3274-20210301-21:50:11-11313,scalar,Aerocom.aircraft[0].dataLink[8],actualCapacity:mean,,,9574.1163241567
Exponential-capacity-3274-20210301-21:50:11-11313,attr,Aerocom.aircraft[0].dataLink[8],actualCapacity:mean,,,
Exponential-capacity-3274-20210301-21:50:11-11313,attr,Aerocom.aircraft[0].dataLink[8],actualCapacity:mean,source,computeActualCapacity,
Exponential-capacity-3274-20210301-21:50:11-11313,scalar,Aerocom.aircraft[0].dataLink[9],sentPackets:count,,,1253
Exponential-capacity-3274-20210301-21:50:11-11313,attr,Aerocom.aircraft[0].dataLink[9],sentPackets:count,source,computeSentPackets,
Exponential-capacity-3274-20210301-21:50:11-11313,scalar,Aerocom.aircraft[0].dataLink[9],actualCapacity:mean,,,9464.3321901029
Exponential-capacity-3274-20210301-21:50:11-11313,attr,Aerocom.aircraft[0].dataLink[9],actualCapacity:mean,,,
Exponential-capacity-3274-20210301-21:50:11-11313,attr,Aerocom.aircraft[0].dataLink[9],actualCapacity:mean,source,computeActualCapacity,
Exponential-capacity-3274-20210301-21:50:11-11313,scalar,Aerocom.aircraft[0].dataLink[10],sentPackets:count,,,692
Exponential-capacity-3274-20210301-21:50:11-11313,attr,Aerocom.aircraft[0].dataLink[10],sentPackets:count,source,computeSentPackets,
Exponential-capacity-3274-20210301-21:50:11-11313,scalar,Aerocom.aircraft[0].dataLink[10],actualCapacity:mean,,,9270.1734693878
Exponential-capacity-3274-20210301-21:50:11-11313,attr,Aerocom.aircraft[0].dataLink[10],actualCapacity:mean,,,
Exponential-capacity-3274-20210301-21:50:11-11313,attr,Aerocom.aircraft[0].dataLink[10],actualCapacity:mean,source,computeActualCapacity,
Exponential-capacity-3274-20210301-21:50:11-11313,scalar,Aerocom.aircraft[0].dataLink[11],sentPackets:count,,,964
Exponential-capacity-3274-20210301-21:50:11-11313,attr,Aerocom.aircraft[0].dataLink[11],sentPackets:count,source,computeSentPackets,
Exponential-capacity-3274-20210301-21:50:11-11313,scalar,Aerocom.aircraft[0].dataLink[11],actualCapacity:mean,,,9303.9582618639
Exponential-capacity-3274-20210301-21:50:11-11313,attr,Aerocom.aircraft[0].dataLink[11],actualCapacity:mean,,,
Exponential-capacity-3274-20210301-21:50:11-11313,attr,Aerocom.aircraft[0].dataLink[11],actualCapacity:mean,source,computeActualCapacity,
Exponential-capacity-3274-20210301-21:50:11-11313,scalar,Aerocom.aircraft[0].dataLink[12],sentPackets:count,,,818
Exponential-capacity-3274-20210301-21:50:11-11313,attr,Aerocom.aircraft[0].dataLink[12],sentPackets:count,source,computeSentPackets,
Exponential-capacity-3274-20210301-21:50:11-11313,scalar,Aerocom.aircraft[0].dataLink[12],actualCapacity:mean,,,9313.9549718574
Exponential-capacity-3274-20210301-21:50:11-11313,attr,Aerocom.aircraft[0].dataLink[12],actualCapacity:mean,,,
Exponential-capacity-3274-20210301-21:50:11-11313,attr,Aerocom.aircraft[0].dataLink[12],actualCapacity:mean,source,computeActualCapacity,
Exponential-capacity-3274-20210301-21:50:11-11313,scalar,Aerocom.aircraft[0].dataLink[13],sentPackets:count,,,1889
Exponential-capacity-3274-20210301-21:50:11-11313,attr,Aerocom.aircraft[0].dataLink[13],sentPackets:count,source,computeSentPackets,
Exponential-capacity-3274-20210301-21:50:11-11313,scalar,Aerocom.aircraft[0].dataLink[13],actualCapacity:mean,,,9529.7831460674
Exponential-capacity-3274-20210301-21:50:11-11313,attr,Aerocom.aircraft[0].dataLink[13],actualCapacity:mean,,,
Exponential-capacity-3274-20210301-21:50:11-11313,attr,Aerocom.aircraft[0].dataLink[13],actualCapacity:mean,source,computeActualCapacity,
Exponential-capacity-3274-20210301-21:50:11-11313,scalar,Aerocom.aircraft[0].dataLink[14],sentPackets:count,,,1101
Exponential-capacity-3274-20210301-21:50:11-11313,attr,Aerocom.aircraft[0].dataLink[14],sentPackets:count,source,computeSentPackets,
Exponential-capacity-3274-20210301-21:50:11-11313,scalar,Aerocom.aircraft[0].dataLink[14],actualCapacity:mean,,,9391.3228890069
Exponential-capacity-3274-20210301-21:50:11-11313,attr,Aerocom.aircraft[0].dataLink[14],actualCapacity:mean,,,
Exponential-capacity-3274-20210301-21:50:11-11313,attr,Aerocom.aircraft[0].dataLink[14],actualCapacity:mean,source,computeActualCapacity,
Exponential-capacity-3274-20210301-21:50:11-11313,scalar,Aerocom.aircraft[0].dataLink[15],sentPackets:count,,,1014
Exponential-capacity-3274-20210301-21:50:11-11313,attr,Aerocom.aircraft[0].dataLink[15],sentPackets:count,source,computeSentPackets,
Exponential-capacity-3274-20210301-21:50:11-11313,scalar,Aerocom.aircraft[0].dataLink[15],actualCapacity:mean,,,9419.5442404007
Exponential-capacity-3274-20210301-21:50:11-11313,attr,Aerocom.aircraft[0].dataLink[15],actualCapacity:mean,,,
Exponential-capacity-3274-20210301-21:50:11-11313,attr,Aerocom.aircraft[0].dataLink[15],actualCapacity:mean,source,computeActualCapacity,
Exponential-capacity-3274-20210301-21:50:11-11313,scalar,Aerocom.controlTower,receivedPackets:count,,,19555
Exponential-capacity-3274-20210301-21:50:11-11313,attr,Aerocom.controlTower,receivedPackets:count,source,computeReceivedPackets,
Exponential-capacity-3275-20210301-21:50:12-11313,scalar,Aerocom.aircraft[0].linkSelector,responseTime:mean,,,0.59313600770039
Exponential-capacity-3275-20210301-21:50:12-11313,attr,Aerocom.aircraft[0].linkSelector,responseTime:mean,,,
Exponential-capacity-3275-20210301-21:50:12-11313,attr,Aerocom.aircraft[0].linkSelector,responseTime:mean,source,computeResponseTime,
Exponential-capacity-3275-20210301-21:50:12-11313,scalar,Aerocom.aircraft[0].linkSelector,meanMalus:sum,,,12368
Exponential-capacity-3275-20210301-21:50:12-11313,attr,Aerocom.aircraft[0].linkSelector,meanMalus:sum,,,
Exponential-capacity-3275-20210301-21:50:12-11313,attr,Aerocom.aircraft[0].linkSelector,meanMalus:sum,source,computeMeanMalus,
Exponential-capacity-3275-20210301-21:50:12-11313,scalar,Aerocom.aircraft[0].linkSelector,waitingTime:mean,,,0.58594868886894
Exponential-capacity-3275-20210301-21:50:12-11313,attr,Aerocom.aircraft[0].linkSelector,waitingTime:mean,,,
Exponential-capacity-3275-20210301-21:50:12-11313,attr,Aerocom.aircraft[0].linkSelector,waitingTime:mean,source,computeWaitingTime,
Exponential-capacity-3275-20210301-21:50:12-11313,scalar,Aerocom.aircraft[0].linkSelector,serviceTime:mean,,,0.0071873188314722
Exponential-capacity-3275-20210301-21:50:12-11313,attr,Aerocom.aircraft[0].linkSelector,serviceTime:mean,,,
Exponential-capacity-3275-20210301-21:50:12-11313,attr,Aerocom.aircraft[0].linkSelector,serviceTime:mean,source,computeServiceTime,
Exponential-capacity-3275-20210301-21:50:12-11313,scalar,Aerocom.aircraft[0].linkSelector,queueLength:mean,,,29.629815060795
Exponential-capacity-3275-20210301-21:50:12-11313,attr,Aerocom.aircraft[0].linkSelector,queueLength:mean,,,
Exponential-capacity-3275-20210301-21:50:12-11313,attr,Aerocom.aircraft[0].linkSelector,queueLength:mean,source,computeQueueLength,
Exponential-capacity-3275-20210301-21:50:12-11313,scalar,Aerocom.aircraft[0].dataLink[0],sentPackets:count,,,997
Exponential-capacity-3275-20210301-21:50:12-11313,attr,Aerocom.aircraft[0].dataLink[0],sentPackets:count,source,computeSentPackets,
Exponential-capacity-3275-20210301-21:50:12-11313,scalar,Aerocom.aircraft[0].dataLink[0],actualCapacity:mean,,,9388.2428330523
Exponential-capacity-3275-20210301-21:50:12-11313,attr,Aerocom.aircraft[0].dataLink[0],actualCapacity:mean,,,
Exponential-capacity-3275-20210301-21:50:12-11313,attr,Aerocom.aircraft[0].dataLink[0],actualCapacity:mean,source,computeActualCapacity,
Exponential-capacity-3275-20210301-21:50:12-11313,scalar,Aerocom.aircraft[0].dataLink[1],sentPackets:count,,,1305
Exponential-capacity-3275-20210301-21:50:12-11313,attr,Aerocom.aircraft[0].dataLink[1],sentPackets:count,source,computeSentPackets,
Exponential-capacity-3275-20210301-21:50:12-11313,scalar,Aerocom.aircraft[0].dataLink[1],actualCapacity:mean,,,9441.0272988506
Exponential-capacity-3275-20210301-21:50:12-11313,attr,Aerocom.aircraft[0].dataLink[1],actualCapacity:mean,,,
Exponential-capacity-3275-20210301-21:50:12-11313,attr,Aerocom.aircraft[0].dataLink[1],actualCapacity:mean,source,computeActualCapacity,
Exponential-capacity-3275-20210301-21:50:12-11313,scalar,Aerocom.aircraft[0].dataLink[2],sentPackets:count,,,1392
Exponential-capacity-3275-20210301-21:50:12-11313,attr,Aerocom.aircraft[0].dataLink[2],sentPackets:count,source,computeSentPackets,
Exponential-capacity-3275-20210301-21:50:12-11313,scalar,Aerocom.aircraft[0].dataLink[2],actualCapacity:mean,,,9430.4422988506
Exponential-capacity-3275-20210301-21:50:12-11313,attr,Aerocom.aircraft[0].dataLink[2],actualCapacity:mean,,,
Exponential-capacity-3275-20210301-21:50:12-11313,attr,Aerocom.aircraft[0].dataLink[2],actualCapacity:mean,source,computeActualCapacity,
Exponential-capacity-3275-20210301-21:50:12-11313,scalar,Aerocom.aircraft[0].dataLink[3],sentPackets:count,,,881
Exponential-capacity-3275-20210301-21:50:12-11313,attr,Aerocom.aircraft[0].dataLink[3],sentPackets:count,source,computeSentPackets,
Exponential-capacity-3275-20210301-21:50:12-11313,scalar,Aerocom.aircraft[0].dataLink[3],actualCapacity:mean,,,9321.2527141134
Exponential-capacity-3275-20210301-21:50:12-11313,attr,Aerocom.aircraft[0].dataLink[3],actualCapacity:mean,,,
Exponential-capacity-3275-20210301-21:50:12-11313,attr,Aerocom.aircraft[0].dataLink[3],actualCapacity:mean,source,computeActualCapacity,
Exponential-capacity-3275-20210301-21:50:12-11313,scalar,Aerocom.aircraft[0].dataLink[4],sentPackets:count,,,1347
Exponential-capacity-3275-20210301-21:50:12-11313,attr,Aerocom.aircraft[0].dataLink[4],sentPackets:count,source,computeSentPackets,
Exponential-capacity-3275-20210301-21:50:12-11313,scalar,Aerocom.aircraft[0].dataLink[4],actualCapacity:mean,,,9487.5204705882
Exponential-capacity-3275-20210301-21:50:12-11313,attr,Aerocom.aircraft[0].dataLink[4],actualCapacity:mean,,,
Exponential-capacity-3275-20210301-21:50:12-11313,attr,Aerocom.aircraft[0].dataLink[4],actualCapacity:mean,source,computeActualCapacity,
Exponential-capacity-3275-20210301-21:50:12-11313,scalar,Aerocom.aircraft[0].dataLink[5],sentPackets:count,,,1235
Exponential-capacity-3275-20210301-21:50:12-11313,attr,Aerocom.aircraft[0].dataLink[5],sentPackets:count,source,computeSentPackets,
Exponential-capacity-3275-20210301-21:50:12-11313,scalar,Aerocom.aircraft[0].dataLink[5],actualCapacity:mean,,,9438.3361427863
Exponential-capacity-3275-20210301-21:50:12-11313,attr,Aerocom.aircraft[0].dataLink[5],actualCapacity:mean,,,
Exponential-capacity-3275-20210301-21:50:12-11313,attr,Aerocom.aircraft[0].dataLink[5],actualCapacity:mean,source,computeActualCapacity,
Exponential-capacity-3275-20210301-21:50:12-11313,scalar,Aerocom.aircraft[0].dataLink[6],sentPackets:count,,,633
Exponential-capacity-3275-20210301-21:50:12-11313,attr,Aerocom.aircraft[0].dataLink[6],sentPackets:count,source,computeSentPackets,
Exponential-capacity-3275-20210301-21:50:12-11313,scalar,Aerocom.aircraft[0].dataLink[6],actualCapacity:mean,,,9354.4819532909
Exponential-capacity-3275-20210301-21:50:12-11313,attr,Aerocom.aircraft[0].dataLink[6],actualCapacity:mean,,,
Exponential-capacity-3275-20210301-21:50:12-11313,attr,Aerocom.aircraft[0].dataLink[6],actualCapacity:mean,source,computeActualCapacity,
Exponential-capacity-3275-20210301-21:50:12-11313,scalar,Aerocom.aircraft[0].dataLink[7],sentPackets:count,,,1771
Exponential-capacity-3275-20210301-21:50:12-11313,attr,Aerocom.aircraft[0].dataLink[7],sentPackets:count,source,computeSentPackets,
Exponential-capacity-3275-20210301-21:50:12-11313,scalar,Aerocom.aircraft[0].dataLink[7],actualCapacity:mean,,,9577.5921568627
Exponential-capacity-3275-20210301-21:50:12-11313,attr,Aerocom.aircraft[0].dataLink[7],actualCapacity:mean,,,
Exponential-capacity-3275-20210301-21:50:12-11313,attr,Aerocom.aircraft[0].dataLink[7],actualCapacity:mean,source,computeActualCapacity,
Exponential-capacity-3275-20210301-21:50:12-11313,scalar,Aerocom.aircraft[0].dataLink[8],sentPackets:count,,,1476
Exponential-capacity-3275-20210301-21:50:12-11313,attr,Aerocom.aircraft[0].dataLink[8],sentPackets:count,source,computeSentPackets,
Exponential-capacity-3275-20210301-21:50:12-11313,scalar,Aerocom.aircraft[0].dataLink[8],actualCapacity:mean,,,9516.6867256637
Exponential-capacity-3275-20210301-21:50:12-11313,attr,Aerocom.aircraft[0].dataLink[8],actualCapacity:mean,,,
Exponential-capacity-3275-20210301-21:50:12-11313,attr,Aerocom.aircraft[0].dataLink[8],actualCapacity:mean,source,computeActualCapacity,
Exponential-capacity-3275-20210301-21:50:12-11313,scalar,Aerocom.aircraft[0].dataLink[9],sentPackets:count,,,1938
Exponential-capacity-3275-20210301-21:50:12-11313,attr,Aerocom.aircraft[0].dataLink[9],sentPackets:count,source,computeSentPackets,
Exponential-capacity-3275-20210301-21:50:12-11313,scalar,Aerocom.aircraft[0].dataLink[9],actualCapacity:mean,,,9575.6085200147
Exponential-capacity-3275-20210301-21:50:12-11313,attr,Aerocom.aircraft[0].dataLink[9],actualCapacity:mean,,,
Exponential-capacity-3275-20210301-21:50:12-11313,attr,Aerocom.aircraft[0].dataLink[9],actualCapacity:mean,source,computeActualCapacity,
Exponential-capacity-3275-20210301-21:50:12-11313,scalar,Aerocom.aircraft[0].dataLink[10],sentPackets:count,,,1063
Exponential-capacity-3275-20210301-21:50:12-11313,attr,Aerocom.aircraft[0].dataLink[10],sentPackets:count,source,computeSentPackets,
Exponential-capacity-3275-20210301-21:50:12-11313,scalar,Aerocom.aircraft[0].dataLink[10],actualCapacity:mean,,,9451.0189701897
Exponential-capacity-3275-20210301-21:50:12-11313,attr,Aerocom.aircraft[0].dataLink[10],actualCapacity:mean,,,
Exponential-capacity-3275-20210301-21:50:12-11313,attr,Aerocom.aircraft[0].dataLink[10],actualCapacity:mean,source,computeActualCapacity,
Exponential-capacity-3275-20210301-21:50:12-11313,scalar,Aerocom.aircraft[0].dataLink[11],sentPackets:count,,,933
Exponential-capacity-3275-20210301-21:50:12-11313,attr,Aerocom.aircraft[0].dataLink[11],sentPackets:count,source,computeSentPackets,
Exponential-capacity-3275-20210301-21:50:12-11313,scalar,Aerocom.aircraft[0].dataLink[11],actualCapacity:mean,,,9395.6945898778
Exponential-capacity-3275-20210301-21:50:12-11313,attr,Aerocom.aircraft[0].dataLink[11],actualCapacity:mean,,,
Exponential-capacity-3275-20210301-21:50:12-11313,attr,Aerocom.aircraft[0].dataLink[11],actualCapacity:mean,source,computeActualCapacity,
Exponential-capacity-3275-20210301-21:50:12-11313,scalar,Aerocom.aircraft[0].dataLink[12],sentPackets:count,,,1102
Exponential-capacity-3275-20210301-21:50:12-11313,attr,Aerocom.aircraft[0].dataLink[12],sentPackets:count,source,computeSentPackets,
Exponential-capacity-3275-20210301-21:50:12-11313,scalar,Aerocom.aircraft[0].dataLink[12],actualCapacity:mean,,,9403.7686170213
Exponential-capacity-3275-20210301-21:50:12-11313,attr,Aerocom.aircraft[0].dataLink[12],actualCapacity:mean,,,
Exponential-capacity-3275-20210301-21:50:12-11313,attr,Aerocom.aircraft[0].dataLink[12],actualCapacity:mean,source,computeActualCapacity,
Exponential-capacity-3275-20210301-21:50:12-11313,scalar,Aerocom.aircraft[0].dataLink[13],sentPackets:count,,,1122
Exponential-capacity-3275-20210301-21:50:12-11313,attr,Aerocom.aircraft[0].dataLink[13],sentPackets:count,source,computeSentPackets,
Exponential-capacity-3275-20210301-21:50:12-11313,scalar,Aerocom.aircraft[0].dataLink[13],actualCapacity:mean,,,9424.2660357518
Exponential-capacity-3275-20210301-21:50:12-11313,attr,Aerocom.aircraft[0].dataLink[13],actualCapacity:mean,,,
Exponential-capacity-3275-20210301-21:50:12-11313,attr,Aerocom.aircraft[0].dataLink[13],actualCapacity:mean,source,computeActualCapacity,
Exponential-capacity-3275-20210301-21:50:12-11313,scalar,Aerocom.aircraft[0].dataLink[14],sentPackets:count,,,706
Exponential-capacity-3275-20210301-21:50:12-11313,attr,Aerocom.aircraft[0].dataLink[14],sentPackets:count,source,computeSentPackets,
Exponential-capacity-3275-20210301-21:50:12-11313,scalar,Aerocom.aircraft[0].dataLink[14],actualCapacity:mean,,,9315.9092741935
Exponential-capacity-3275-20210301-21:50:12-11313,attr,Aerocom.aircraft[0].dataLink[14],actualCapacity:mean,,,
Exponential-capacity-3275-20210301-21:50:12-11313,attr,Aerocom.aircraft[0].dataLink[14],actualCapacity:mean,source,computeActualCapacity,
Exponential-capacity-3275-20210301-21:50:12-11313,scalar,Aerocom.aircraft[0].dataLink[15],sentPackets:count,,,1673
Exponential-capacity-3275-20210301-21:50:12-11313,attr,Aerocom.aircraft[0].dataLink[15],sentPackets:count,source,computeSentPackets,
Exponential-capacity-3275-20210301-21:50:12-11313,scalar,Aerocom.aircraft[0].dataLink[15],actualCapacity:mean,,,9559.7708333333
Exponential-capacity-3275-20210301-21:50:12-11313,attr,Aerocom.aircraft[0].dataLink[15],actualCapacity:mean,,,
Exponential-capacity-3275-20210301-21:50:12-11313,attr,Aerocom.aircraft[0].dataLink[15],actualCapacity:mean,source,computeActualCapacity,
Exponential-capacity-3275-20210301-21:50:12-11313,scalar,Aerocom.controlTower,receivedPackets:count,,,19574
Exponential-capacity-3275-20210301-21:50:12-11313,attr,Aerocom.controlTower,receivedPackets:count,source,computeReceivedPackets,
Exponential-capacity-3276-20210301-21:50:12-11313,scalar,Aerocom.aircraft[0].linkSelector,responseTime:mean,,,0.6203554221906
Exponential-capacity-3276-20210301-21:50:12-11313,attr,Aerocom.aircraft[0].linkSelector,responseTime:mean,,,
Exponential-capacity-3276-20210301-21:50:12-11313,attr,Aerocom.aircraft[0].linkSelector,responseTime:mean,source,computeResponseTime,
Exponential-capacity-3276-20210301-21:50:12-11313,scalar,Aerocom.aircraft[0].linkSelector,meanMalus:sum,,,14356
Exponential-capacity-3276-20210301-21:50:12-11313,attr,Aerocom.aircraft[0].linkSelector,meanMalus:sum,,,
Exponential-capacity-3276-20210301-21:50:12-11313,attr,Aerocom.aircraft[0].linkSelector,meanMalus:sum,source,computeMeanMalus,
Exponential-capacity-3276-20210301-21:50:12-11313,scalar,Aerocom.aircraft[0].linkSelector,waitingTime:mean,,,0.61316341339164
Exponential-capacity-3276-20210301-21:50:12-11313,attr,Aerocom.aircraft[0].linkSelector,waitingTime:mean,,,
Exponential-capacity-3276-20210301-21:50:12-11313,attr,Aerocom.aircraft[0].linkSelector,waitingTime:mean,source,computeWaitingTime,
Exponential-capacity-3276-20210301-21:50:12-11313,scalar,Aerocom.aircraft[0].linkSelector,serviceTime:mean,,,0.0071920087989917
Exponential-capacity-3276-20210301-21:50:12-11313,attr,Aerocom.aircraft[0].linkSelector,serviceTime:mean,,,
Exponential-capacity-3276-20210301-21:50:12-11313,attr,Aerocom.aircraft[0].linkSelector,serviceTime:mean,source,computeServiceTime,
Exponential-capacity-3276-20210301-21:50:12-11313,scalar,Aerocom.aircraft[0].linkSelector,queueLength:mean,,,30.48449711396
Exponential-capacity-3276-20210301-21:50:12-11313,attr,Aerocom.aircraft[0].linkSelector,queueLength:mean,,,
Exponential-capacity-3276-20210301-21:50:12-11313,attr,Aerocom.aircraft[0].linkSelector,queueLength:mean,source,computeQueueLength,
Exponential-capacity-3276-20210301-21:50:12-11313,scalar,Aerocom.aircraft[0].dataLink[0],sentPackets:count,,,1020
Exponential-capacity-3276-20210301-21:50:12-11313,attr,Aerocom.aircraft[0].dataLink[0],sentPackets:count,source,computeSentPackets,
Exponential-capacity-3276-20210301-21:50:12-11313,scalar,Aerocom.aircraft[0].dataLink[0],actualCapacity:mean,,,9358.9872505543
Exponential-capacity-3276-20210301-21:50:12-11313,attr,Aerocom.aircraft[0].dataLink[0],actualCapacity:mean,,,
Exponential-capacity-3276-20210301-21:50:12-11313,attr,Aerocom.aircraft[0].dataLink[0],actualCapacity:mean,source,computeActualCapacity,
Exponential-capacity-3276-20210301-21:50:12-11313,scalar,Aerocom.aircraft[0].dataLink[1],sentPackets:count,,,1789
Exponential-capacity-3276-20210301-21:50:12-11313,attr,Aerocom.aircraft[0].dataLink[1],sentPackets:count,source,computeSentPackets,
Exponential-capacity-3276-20210301-21:50:12-11313,scalar,Aerocom.aircraft[0].dataLink[1],actualCapacity:mean,,,9538.4060676779
Exponential-capacity-3276-20210301-21:50:12-11313,attr,Aerocom.aircraft[0].dataLink[1],actualCapacity:mean,,,
Exponential-capacity-3276-20210301-21:50:12-11313,attr,Aerocom.aircraft[0].dataLink[1],actualCapacity:mean,source,computeActualCapacity,
Exponential-capacity-3276-20210301-21:50:12-11313,scalar,Aerocom.aircraft[0].dataLink[2],sentPackets:count,,,857
Exponential-capacity-3276-20210301-21:50:12-11313,attr,Aerocom.aircraft[0].dataLink[2],sentPackets:count,source,computeSentPackets,
Exponential-capacity-3276-20210301-21:50:12-11313,scalar,Aerocom.aircraft[0].dataLink[2],actualCapacity:mean,,,9322.2763480392
Exponential-capacity-3276-20210301-21:50:12-11313,attr,Aerocom.aircraft[0].dataLink[2],actualCapacity:mean,,,
Exponential-capacity-3276-20210301-21:50:12-11313,attr,Aerocom.aircraft[0].dataLink[2],actualCapacity:mean,source,computeActualCapacity,
Exponential-capacity-3276-20210301-21:50:12-11313,scalar,Aerocom.aircraft[0].dataLink[3],sentPackets:count,,,1349
Exponential-capacity-3276-20210301-21:50:12-11313,attr,Aerocom.aircraft[0].dataLink[3],sentPackets:count,source,computeSentPackets,
Exponential-capacity-3276-20210301-21:50:12-11313,scalar,Aerocom.aircraft[0].dataLink[3],actualCapacity:mean,,,9455.788956481
Exponential-capacity-3276-20210301-21:50:12-11313,attr,Aerocom.aircraft[0].dataLink[3],actualCapacity:mean,,,
Exponential-capacity-3276-20210301-21:50:12-11313,attr,Aerocom.aircraft[0].dataLink[3],actualCapacity:mean,source,computeActualCapacity,
Exponential-capacity-3276-20210301-21:50:12-11313,scalar,Aerocom.aircraft[0].dataLink[4],sentPackets:count,,,1009
Exponential-capacity-3276-20210301-21:50:12-11313,attr,Aerocom.aircraft[0].dataLink[4],sentPackets:count,source,computeSentPackets,
Exponential-capacity-3276-20210301-21:50:12-11313,scalar,Aerocom.aircraft[0].dataLink[4],actualCapacity:mean,,,9458.5902466368
Exponential-capacity-3276-20210301-21:50:12-11313,attr,Aerocom.aircraft[0].dataLink[4],actualCapacity:mean,,,
Exponential-capacity-3276-20210301-21:50:12-11313,attr,Aerocom.aircraft[0].dataLink[4],actualCapacity:mean,source,computeActualCapacity,
Exponential-capacity-3276-20210301-21:50:12-11313,scalar,Aerocom.aircraft[0].dataLink[5],sentPackets:count,,,1266
Exponential-capacity-3276-20210301-21:50:12-11313,attr,Aerocom.aircraft[0].dataLink[5],sentPackets:count,source,computeSentPackets,
Exponential-capacity-3276-20210301-21:50:12-11313,scalar,Aerocom.aircraft[0].dataLink[5],actualCapacity:mean,,,9446.9510044096
Exponential-capacity-3276-20210301-21:50:12-11313,attr,Aerocom.aircraft[0].dataLink[5],actualCapacity:mean,,,
Exponential-capacity-3276-20210301-21:50:12-11313,attr,Aerocom.aircraft[0].dataLink[5],actualCapacity:mean,source,computeActualCapacity,
Exponential-capacity-3276-20210301-21:50:12-11313,scalar,Aerocom.aircraft[0].dataLink[6],sentPackets:count,,,670
Exponential-capacity-3276-20210301-21:50:12-11313,attr,Aerocom.aircraft[0].dataLink[6],sentPackets:count,source,computeSentPackets,
Exponential-capacity-3276-20210301-21:50:12-11313,scalar,Aerocom.aircraft[0].dataLink[6],actualCapacity:mean,,,9318.4717630854
Exponential-capacity-3276-20210301-21:50:12-11313,attr,Aerocom.aircraft[0].dataLink[6],actualCapacity:mean,,,
Exponential-capacity-3276-20210301-21:50:12-11313,attr,Aerocom.aircraft[0].dataLink[6],actualCapacity:mean,source,computeActualCapacity,
Exponential-capacity-3276-20210301-21:50:12-11313,scalar,Aerocom.aircraft[0].dataLink[7],sentPackets:count,,,1570
Exponential-capacity-3276-20210301-21:50:12-11313,attr,Aerocom.aircraft[0].dataLink[7],sentPackets:count,source,computeSentPackets,
Exponential-capacity-3276-20210301-21:50:12-11313,scalar,Aerocom.aircraft[0].dataLink[7],actualCapacity:mean,,,9505.4243197279
Exponential-capacity-3276-20210301-21:50:12-11313,attr,Aerocom.aircraft[0].dataLink[7],actualCapacity:mean,,,
Exponential-capacity-3276-20210301-21:50:12-11313,attr,Aerocom.aircraft[0].dataLink[7],actualCapacity:mean,source,computeActualCapacity,
Exponential-capacity-3276-20210301-21:50:12-11313,scalar,Aerocom.aircraft[0].dataLink[8],sentPackets:count,,,2396
Exponential-capacity-3276-20210301-21:50:12-11313,attr,Aerocom.aircraft[0].dataLink[8],sentPackets:count,source,computeSentPackets,
Exponential-capacity-3276-20210301-21:50:12-11313,scalar,Aerocom.aircraft[0].dataLink[8],actualCapacity:mean,,,9597.0661000944
Exponential-capacity-3276-20210301-21:50:12-11313,attr,Aerocom.aircraft[0].dataLink[8],actualCapacity:mean,,,
Exponential-capacity-3276-20210301-21:50:12-11313,attr,Aerocom.aircraft[0].dataLink[8],actualCapacity:mean,source,computeActualCapacity,
Exponential-capacity-3276-20210301-21:50:12-11313,scalar,Aerocom.aircraft[0].dataLink[9],sentPackets:count,,,476
Exponential-capacity-3276-20210301-21:50:12-11313,attr,Aerocom.aircraft[0].dataLink[9],sentPackets:count,source,computeSentPackets,
Exponential-capacity-3276-20210301-21:50:12-11313,scalar,Aerocom.aircraft[0].dataLink[9],actualCapacity:mean,,,9238.5207336523
Exponential-capacity-3276-20210301-21:50:12-11313,attr,Aerocom.aircraft[0].dataLink[9],actualCapacity:mean,,,
Exponential-capacity-3276-20210301-21:50:12-11313,attr,Aerocom.aircraft[0].dataLink[9],actualCapacity:mean,source,computeActualCapacity,
Exponential-capacity-3276-20210301-21:50:12-11313,scalar,Aerocom.aircraft[0].dataLink[10],sentPackets:count,,,1202
Exponential-capacity-3276-20210301-21:50:12-11313,attr,Aerocom.aircraft[0].dataLink[10],sentPackets:count,source,computeSentPackets,
Exponential-capacity-3276-20210301-21:50:12-11313,scalar,Aerocom.aircraft[0].dataLink[10],actualCapacity:mean,,,9463.2585858586
Exponential-capacity-3276-20210301-21:50:12-11313,attr,Aerocom.aircraft[0].dataLink[10],actualCapacity:mean,,,
Exponential-capacity-3276-20210301-21:50:12-11313,attr,Aerocom.aircraft[0].dataLink[10],actualCapacity:mean,source,computeActualCapacity,
Exponential-capacity-3276-20210301-21:50:12-11313,scalar,Aerocom.aircraft[0].dataLink[11],sentPackets:count,,,1274
Exponential-capacity-3276-20210301-21:50:12-11313,attr,Aerocom.aircraft[0].dataLink[11],sentPackets:count,source,computeSentPackets,
Exponential-capacity-3276-20210301-21:50:12-11313,scalar,Aerocom.aircraft[0].dataLink[11],actualCapacity:mean,,,9444.8725680934
Exponential-capacity-3276-20210301-21:50:12-11313,attr,Aerocom.aircraft[0].dataLink[11],actualCapacity:mean,,,
Exponential-capacity-3276-20210301-21:50:12-11313,attr,Aerocom.aircraft[0].dataLink[11],actualCapacity:mean,source,computeActualCapacity,
Exponential-capacity-3276-20210301-21:50:12-11313,scalar,Aerocom.aircraft[0].dataLink[12],sentPackets:count,,,1006
Exponential-capacity-3276-20210301-21:50:12-11313,attr,Aerocom.aircraft[0].dataLink[12],sentPackets:count,source,computeSentPackets,
Exponential-capacity-3276-20210301-21:50:12-11313,scalar,Aerocom.aircraft[0].dataLink[12],actualCapacity:mean,,,9419.9375348578
Exponential-capacity-3276-20210301-21:50:12-11313,attr,Aerocom.aircraft[0].dataLink[12],actualCapacity:mean,,,
Exponential-capacity-3276-20210301-21:50:12-11313,attr,Aerocom.aircraft[0].dataLink[12],actualCapacity:mean,source,computeActualCapacity,
Exponential-capacity-3276-20210301-21:50:12-11313,scalar,Aerocom.aircraft[0].dataLink[13],sentPackets:count,,,730
Exponential-capacity-3276-20210301-21:50:12-11313,attr,Aerocom.aircraft[0].dataLink[13],sentPackets:count,source,computeSentPackets,
Exponential-capacity-3276-20210301-21:50:12-11313,scalar,Aerocom.aircraft[0].dataLink[13],actualCapacity:mean,,,9311.2849604222
Exponential-capacity-3276-20210301-21:50:12-11313,attr,Aerocom.aircraft[0].dataLink[13],actualCapacity:mean,,,
Exponential-capacity-3276-20210301-21:50:12-11313,attr,Aerocom.aircraft[0].dataLink[13],actualCapacity:mean,source,computeActualCapacity,
Exponential-capacity-3276-20210301-21:50:12-11313,scalar,Aerocom.aircraft[0].dataLink[14],sentPackets:count,,,2014
Exponential-capacity-3276-20210301-21:50:12-11313,attr,Aerocom.aircraft[0].dataLink[14],sentPackets:count,source,computeSentPackets,
Exponential-capacity-3276-20210301-21:50:12-11313,scalar,Aerocom.aircraft[0].dataLink[14],actualCapacity:mean,,,9549.3692307692
Exponential-capacity-3276-20210301-21:50:12-11313,attr,Aerocom.aircraft[0].dataLink[14],actualCapacity:mean,,,
Exponential-capacity-3276-20210301-21:50:12-11313,attr,Aerocom.aircraft[0].dataLink[14],actualCapacity:mean,source,computeActualCapacity,
Exponential-capacity-3276-20210301-21:50:12-11313,scalar,Aerocom.aircraft[0].dataLink[15],sentPackets:count,,,949
Exponential-capacity-3276-20210301-21:50:12-11313,attr,Aerocom.aircraft[0].dataLink[15],sentPackets:count,source,computeSentPackets,
Exponential-capacity-3276-20210301-21:50:12-11313,scalar,Aerocom.aircraft[0].dataLink[15],actualCapacity:mean,,,9373.9305957201
Exponential-capacity-3276-20210301-21:50:12-11313,attr,Aerocom.aircraft[0].dataLink[15],actualCapacity:mean,,,
Exponential-capacity-3276-20210301-21:50:12-11313,attr,Aerocom.aircraft[0].dataLink[15],actualCapacity:mean,source,computeActualCapacity,
Exponential-capacity-3276-20210301-21:50:12-11313,scalar,Aerocom.controlTower,receivedPackets:count,,,19577
Exponential-capacity-3276-20210301-21:50:12-11313,attr,Aerocom.controlTower,receivedPackets:count,source,computeReceivedPackets,
Exponential-capacity-3277-20210301-21:50:12-11313,scalar,Aerocom.aircraft[0].linkSelector,responseTime:mean,,,0.59462816904383
Exponential-capacity-3277-20210301-21:50:12-11313,attr,Aerocom.aircraft[0].linkSelector,responseTime:mean,,,
Exponential-capacity-3277-20210301-21:50:12-11313,attr,Aerocom.aircraft[0].linkSelector,responseTime:mean,source,computeResponseTime,
Exponential-capacity-3277-20210301-21:50:12-11313,scalar,Aerocom.aircraft[0].linkSelector,meanMalus:sum,,,13182
Exponential-capacity-3277-20210301-21:50:12-11313,attr,Aerocom.aircraft[0].linkSelector,meanMalus:sum,,,
Exponential-capacity-3277-20210301-21:50:12-11313,attr,Aerocom.aircraft[0].linkSelector,meanMalus:sum,source,computeMeanMalus,
Exponential-capacity-3277-20210301-21:50:12-11313,scalar,Aerocom.aircraft[0].linkSelector,waitingTime:mean,,,0.58742625670936
Exponential-capacity-3277-20210301-21:50:12-11313,attr,Aerocom.aircraft[0].linkSelector,waitingTime:mean,,,
Exponential-capacity-3277-20210301-21:50:12-11313,attr,Aerocom.aircraft[0].linkSelector,waitingTime:mean,source,computeWaitingTime,
Exponential-capacity-3277-20210301-21:50:12-11313,scalar,Aerocom.aircraft[0].linkSelector,serviceTime:mean,,,0.0072019123345005
Exponential-capacity-3277-20210301-21:50:12-11313,attr,Aerocom.aircraft[0].linkSelector,serviceTime:mean,,,
Exponential-capacity-3277-20210301-21:50:12-11313,attr,Aerocom.aircraft[0].linkSelector,serviceTime:mean,source,computeServiceTime,
Exponential-capacity-3277-20210301-21:50:12-11313,scalar,Aerocom.aircraft[0].linkSelector,queueLength:mean,,,29.652109053498
Exponential-capacity-3277-20210301-21:50:12-11313,attr,Aerocom.aircraft[0].linkSelector,queueLength:mean,,,
Exponential-capacity-3277-20210301-21:50:12-11313,attr,Aerocom.aircraft[0].linkSelector,queueLength:mean,source,computeQueueLength,
Exponential-capacity-3277-20210301-21:50:12-11313,scalar,Aerocom.aircraft[0].dataLink[0],sentPackets:count,,,917
Exponential-capacity-3277-20210301-21:50:12-11313,attr,Aerocom.aircraft[0].dataLink[0],sentPackets:count,source,computeSentPackets,
Exponential-capacity-3277-20210301-21:50:12-11313,scalar,Aerocom.aircraft[0].dataLink[0],actualCapacity:mean,,,9420.7365939894
Exponential-capacity-3277-20210301-21:50:12-11313,attr,Aerocom.aircraft[0].dataLink[0],actualCapacity:mean,,,
Exponential-capacity-3277-20210301-21:50:12-11313,attr,Aerocom.aircraft[0].dataLink[0],actualCapacity:mean,source,computeActualCapacity,
Exponential-capacity-3277-20210301-21:50:12-11313,scalar,Aerocom.aircraft[0].dataLink[1],sentPackets:count,,,848
Exponential-capacity-3277-20210301-21:50:12-11313,attr,Aerocom.aircraft[0].dataLink[1],sentPackets:count,source,computeSentPackets,
Exponential-capacity-3277-20210301-21:50:12-11313,scalar,Aerocom.aircraft[0].dataLink[1],actualCapacity:mean,,,9366.5702885206
Exponential-capacity-3277-20210301-21:50:12-11313,attr,Aerocom.aircraft[0].dataLink[1],actualCapacity:mean,,,
Exponential-capacity-3277-20210301-21:50:12-11313,attr,Aerocom.aircraft[0].dataLink[1],actualCapacity:mean,source,computeActualCapacity,
Exponential-capacity-3277-20210301-21:50:12-11313,scalar,Aerocom.aircraft[0].dataLink[2],sentPackets:count,,,1386
Exponential-capacity-3277-20210301-21:50:12-11313,attr,Aerocom.aircraft[0].dataLink[2],sentPackets:count,source,computeSentPackets,
Exponential-capacity-3277-20210301-21:50:12-11313,scalar,Aerocom.aircraft[0].dataLink[2],actualCapacity:mean,,,9414.8656235619
Exponential-capacity-3277-20210301-21:50:12-11313,attr,Aerocom.aircraft[0].dataLink[2],actualCapacity:mean,,,
Exponential-capacity-3277-20210301-21:50:12-11313,attr,Aerocom.aircraft[0].dataLink[2],actualCapacity:mean,source,computeActualCapacity,
Exponential-capacity-3277-20210301-21:50:12-11313,scalar,Aerocom.aircraft[0].dataLink[3],sentPackets:count,,,1009
Exponential-capacity-3277-20210301-21:50:12-11313,attr,Aerocom.aircraft[0].dataLink[3],sentPackets:count,source,computeSentPackets,
Exponential-capacity-3277-20210301-21:50:12-11313,scalar,Aerocom.aircraft[0].dataLink[3],actualCapacity:mean,,,9413.6731843575
Exponential-capacity-3277-20210301-21:50:12-11313,attr,Aerocom.aircraft[0].dataLink[3],actualCapacity:mean,,,
Exponential-capacity-3277-20210301-21:50:12-11313,attr,Aerocom.aircraft[0].dataLink[3],actualCapacity:mean,source,computeActualCapacity,
Exponential-capacity-3277-20210301-21:50:12-11313,scalar,Aerocom.aircraft[0].dataLink[4],sentPackets:count,,,957
Exponential-capacity-3277-20210301-21:50:12-11313,attr,Aerocom.aircraft[0].dataLink[4],sentPackets:count,source,computeSentPackets,
Exponential-capacity-3277-20210301-21:50:12-11313,scalar,Aerocom.aircraft[0].dataLink[4],actualCapacity:mean,,,9387.0190092166
Exponential-capacity-3277-20210301-21:50:12-11313,attr,Aerocom.aircraft[0].dataLink[4],actualCapacity:mean,,,
Exponential-capacity-3277-20210301-21:50:12-11313,attr,Aerocom.aircraft[0].dataLink[4],actualCapacity:mean,source,computeActualCapacity,
Exponential-capacity-3277-20210301-21:50:12-11313,scalar,Aerocom.aircraft[0].dataLink[5],sentPackets:count,,,1932
Exponential-capacity-3277-20210301-21:50:12-11313,attr,Aerocom.aircraft[0].dataLink[5],sentPackets:count,source,computeSentPackets,
Exponential-capacity-3277-20210301-21:50:12-11313,scalar,Aerocom.aircraft[0].dataLink[5],actualCapacity:mean,,,9558.826070901
Exponential-capacity-3277-20210301-21:50:12-11313,attr,Aerocom.aircraft[0].dataLink[5],actualCapacity:mean,,,
Exponential-capacity-3277-20210301-21:50:12-11313,attr,Aerocom.aircraft[0].dataLink[5],actualCapacity:mean,source,computeActualCapacity,
Exponential-capacity-3277-20210301-21:50:12-11313,scalar,Aerocom.aircraft[0].dataLink[6],sentPackets:count,,,1619
Exponential-capacity-3277-20210301-21:50:12-11313,attr,Aerocom.aircraft[0].dataLink[6],sentPackets:count,source,computeSentPackets,
Exponential-capacity-3277-20210301-21:50:12-11313,scalar,Aerocom.aircraft[0].dataLink[6],actualCapacity:mean,,,9474.2001668057
Exponential-capacity-3277-20210301-21:50:12-11313,attr,Aerocom.aircraft[0].dataLink[6],actualCapacity:mean,,,
Exponential-capacity-3277-20210301-21:50:12-11313,attr,Aerocom.aircraft[0].dataLink[6],actualCapacity:mean,source,computeActualCapacity,
Exponential-capacity-3277-20210301-21:50:12-11313,scalar,Aerocom.aircraft[0].dataLink[7],sentPackets:count,,,1923
Exponential-capacity-3277-20210301-21:50:12-11313,attr,Aerocom.aircraft[0].dataLink[7],sentPackets:count,source,computeSentPackets,
Exponential-capacity-3277-20210301-21:50:12-11313,scalar,Aerocom.aircraft[0].dataLink[7],actualCapacity:mean,,,9572.6954915004
Exponential-capacity-3277-20210301-21:50:12-11313,attr,Aerocom.aircraft[0].dataLink[7],actualCapacity:mean,,,
Exponential-capacity-3277-20210301-21:50:12-11313,attr,Aerocom.aircraft[0].dataLink[7],actualCapacity:mean,source,computeActualCapacity,
Exponential-capacity-3277-20210301-21:50:12-11313,scalar,Aerocom.aircraft[0].dataLink[8],sentPackets:count,,,1387
Exponential-capacity-3277-20210301-21:50:12-11313,attr,Aerocom.aircraft[0].dataLink[8],sentPackets:count,source,computeSentPackets,
Exponential-capacity-3277-20210301-21:50:12-11313,scalar,Aerocom.aircraft[0].dataLink[8],actualCapacity:mean,,,9509.0977859779
Exponential-capacity-3277-20210301-21:50:12-11313,attr,Aerocom.aircraft[0].dataLink[8],actualCapacity:mean,,,
Exponential-capacity-3277-20210301-21:50:12-11313,attr,Aerocom.aircraft[0].dataLink[8],actualCapacity:mean,source,computeActualCapacity,
Exponential-capacity-3277-20210301-21:50:12-11313,scalar,Aerocom.aircraft[0].dataLink[9],sentPackets:count,,,1291
Exponential-capacity-3277-20210301-21:50:12-11313,attr,Aerocom.aircraft[0].dataLink[9],sentPackets:count,source,computeSentPackets,
Exponential-capacity-3277-20210301-21:50:12-11313,scalar,Aerocom.aircraft[0].dataLink[9],actualCapacity:mean,,,9462.9502174964
Exponential-capacity-3277-20210301-21:50:12-11313,attr,Aerocom.aircraft[0].dataLink[9],actualCapacity:mean,,,
Exponential-capacity-3277-20210301-21:50:12-11313,attr,Aerocom.aircraft[0].dataLink[9],actualCapacity:mean,source,computeActualCapacity,
Exponential-capacity-3277-20210301-21:50:12-11313,scalar,Aerocom.aircraft[0].dataLink[10],sentPackets:count,,,921
Exponential-capacity-3277-20210301-21:50:12-11313,attr,Aerocom.aircraft[0].dataLink[10],sentPackets:count,source,computeSentPackets,
Exponential-capacity-3277-20210301-21:50:12-11313,scalar,Aerocom.aircraft[0].dataLink[10],actualCapacity:mean,,,9391.4551319648
Exponential-capacity-3277-20210301-21:50:12-11313,attr,Aerocom.aircraft[0].dataLink[10],actualCapacity:mean,,,
Exponential-capacity-3277-20210301-21:50:12-11313,attr,Aerocom.aircraft[0].dataLink[10],actualCapacity:mean,source,computeActualCapacity,
Exponential-capacity-3277-20210301-21:50:12-11313,scalar,Aerocom.aircraft[0].dataLink[11],sentPackets:count,,,807
Exponential-capacity-3277-20210301-21:50:12-11313,attr,Aerocom.aircraft[0].dataLink[11],sentPackets:count,source,computeSentPackets,
Exponential-capacity-3277-20210301-21:50:12-11313,scalar,Aerocom.aircraft[0].dataLink[11],actualCapacity:mean,,,9282.4366729679
Exponential-capacity-3277-20210301-21:50:12-11313,attr,Aerocom.aircraft[0].dataLink[11],actualCapacity:mean,,,
Exponential-capacity-3277-20210301-21:50:12-11313,attr,Aerocom.aircraft[0].dataLink[11],actualCapacity:mean,source,computeActualCapacity,
Exponential-capacity-3277-20210301-21:50:12-11313,scalar,Aerocom.aircraft[0].dataLink[12],sentPackets:count,,,975
Exponential-capacity-3277-20210301-21:50:12-11313,attr,Aerocom.aircraft[0].dataLink[12],sentPackets:count,source,computeSentPackets,
Exponential-capacity-3277-20210301-21:50:12-11313,scalar,Aerocom.aircraft[0].dataLink[12],actualCapacity:mean,,,9350.6452164009
Exponential-capacity-3277-20210301-21:50:12-11313,attr,Aerocom.aircraft[0].dataLink[12],actualCapacity:mean,,,
Exponential-capacity-3277-20210301-21:50:12-11313,attr,Aerocom.aircraft[0].dataLink[12],actualCapacity:mean,source,computeActualCapacity,
Exponential-capacity-3277-20210301-21:50:12-11313,scalar,Aerocom.aircraft[0].dataLink[13],sentPackets:count,,,1469
Exponential-capacity-3277-20210301-21:50:12-11313,attr,Aerocom.aircraft[0].dataLink[13],sentPackets:count,source,computeSentPackets,
Exponential-capacity-3277-20210301-21:50:12-11313,scalar,Aerocom.aircraft[0].dataLink[13],actualCapacity:mean,,,9519.1175687666
Exponential-capacity-3277-20210301-21:50:12-11313,attr,Aerocom.aircraft[0].dataLink[13],actualCapacity:mean,,,
Exponential-capacity-3277-20210301-21:50:12-11313,attr,Aerocom.aircraft[0].dataLink[13],actualCapacity:mean,source,computeActualCapacity,
Exponential-capacity-3277-20210301-21:50:12-11313,scalar,Aerocom.aircraft[0].dataLink[14],sentPackets:count,,,1170
Exponential-capacity-3277-20210301-21:50:12-11313,attr,Aerocom.aircraft[0].dataLink[14],sentPackets:count,source,computeSentPackets,
Exponential-capacity-3277-20210301-21:50:12-11313,scalar,Aerocom.aircraft[0].dataLink[14],actualCapacity:mean,,,9444.348026653
Exponential-capacity-3277-20210301-21:50:12-11313,attr,Aerocom.aircraft[0].dataLink[14],actualCapacity:mean,,,
Exponential-capacity-3277-20210301-21:50:12-11313,attr,Aerocom.aircraft[0].dataLink[14],actualCapacity:mean,source,computeActualCapacity,
Exponential-capacity-3277-20210301-21:50:12-11313,scalar,Aerocom.aircraft[0].dataLink[15],sentPackets:count,,,829
Exponential-capacity-3277-20210301-21:50:12-11313,attr,Aerocom.aircraft[0].dataLink[15],sentPackets:count,source,computeSentPackets,
Exponential-capacity-3277-20210301-21:50:12-11313,scalar,Aerocom.aircraft[0].dataLink[15],actualCapacity:mean,,,9340.9241765071
Exponential-capacity-3277-20210301-21:50:12-11313,attr,Aerocom.aircraft[0].dataLink[15],actualCapacity:mean,,,
Exponential-capacity-3277-20210301-21:50:12-11313,attr,Aerocom.aircraft[0].dataLink[15],actualCapacity:mean,source,computeActualCapacity,
Exponential-capacity-3277-20210301-21:50:12-11313,scalar,Aerocom.controlTower,receivedPackets:count,,,19440
Exponential-capacity-3277-20210301-21:50:12-11313,attr,Aerocom.controlTower,receivedPackets:count,source,computeReceivedPackets,
Exponential-capacity-3278-20210301-21:50:12-11313,scalar,Aerocom.aircraft[0].linkSelector,responseTime:mean,,,0.54924793865963
Exponential-capacity-3278-20210301-21:50:12-11313,attr,Aerocom.aircraft[0].linkSelector,responseTime:mean,,,
Exponential-capacity-3278-20210301-21:50:12-11313,attr,Aerocom.aircraft[0].linkSelector,responseTime:mean,source,computeResponseTime,
Exponential-capacity-3278-20210301-21:50:12-11313,scalar,Aerocom.aircraft[0].linkSelector,meanMalus:sum,,,12658
Exponential-capacity-3278-20210301-21:50:12-11313,attr,Aerocom.aircraft[0].linkSelector,meanMalus:sum,,,
Exponential-capacity-3278-20210301-21:50:12-11313,attr,Aerocom.aircraft[0].linkSelector,meanMalus:sum,source,computeMeanMalus,
Exponential-capacity-3278-20210301-21:50:12-11313,scalar,Aerocom.aircraft[0].linkSelector,waitingTime:mean,,,0.54202797951455
Exponential-capacity-3278-20210301-21:50:12-11313,attr,Aerocom.aircraft[0].linkSelector,waitingTime:mean,,,
Exponential-capacity-3278-20210301-21:50:12-11313,attr,Aerocom.aircraft[0].linkSelector,waitingTime:mean,source,computeWaitingTime,
Exponential-capacity-3278-20210301-21:50:12-11313,scalar,Aerocom.aircraft[0].linkSelector,serviceTime:mean,,,0.0071924910676212
Exponential-capacity-3278-20210301-21:50:12-11313,attr,Aerocom.aircraft[0].linkSelector,serviceTime:mean,,,
Exponential-capacity-3278-20210301-21:50:12-11313,attr,Aerocom.aircraft[0].linkSelector,serviceTime:mean,source,computeServiceTime,
Exponential-capacity-3278-20210301-21:50:12-11313,scalar,Aerocom.aircraft[0].linkSelector,queueLength:mean,,,26.921086343838
Exponential-capacity-3278-20210301-21:50:12-11313,attr,Aerocom.aircraft[0].linkSelector,queueLength:mean,,,
Exponential-capacity-3278-20210301-21:50:12-11313,attr,Aerocom.aircraft[0].linkSelector,queueLength:mean,source,computeQueueLength,
Exponential-capacity-3278-20210301-21:50:12-11313,scalar,Aerocom.aircraft[0].dataLink[0],sentPackets:count,,,1000
Exponential-capacity-3278-20210301-21:50:12-11313,attr,Aerocom.aircraft[0].dataLink[0],sentPackets:count,source,computeSentPackets,
Exponential-capacity-3278-20210301-21:50:12-11313,scalar,Aerocom.aircraft[0].dataLink[0],actualCapacity:mean,,,9397.4421464505
Exponential-capacity-3278-20210301-21:50:12-11313,attr,Aerocom.aircraft[0].dataLink[0],actualCapacity:mean,,,
Exponential-capacity-3278-20210301-21:50:12-11313,attr,Aerocom.aircraft[0].dataLink[0],actualCapacity:mean,source,computeActualCapacity,
Exponential-capacity-3278-20210301-21:50:12-11313,scalar,Aerocom.aircraft[0].dataLink[1],sentPackets:count,,,829
Exponential-capacity-3278-20210301-21:50:12-11313,attr,Aerocom.aircraft[0].dataLink[1],sentPackets:count,source,computeSentPackets,
Exponential-capacity-3278-20210301-21:50:12-11313,scalar,Aerocom.aircraft[0].dataLink[1],actualCapacity:mean,,,9391.3591505309
Exponential-capacity-3278-20210301-21:50:12-11313,attr,Aerocom.aircraft[0].dataLink[1],actualCapacity:mean,,,
Exponential-capacity-3278-20210301-21:50:12-11313,attr,Aerocom.aircraft[0].dataLink[1],actualCapacity:mean,source,computeActualCapacity,
Exponential-capacity-3278-20210301-21:50:12-11313,scalar,Aerocom.aircraft[0].dataLink[2],sentPackets:count,,,1484
Exponential-capacity-3278-20210301-21:50:12-11313,attr,Aerocom.aircraft[0].dataLink[2],sentPackets:count,source,computeSentPackets,
Exponential-capacity-3278-20210301-21:50:12-11313,scalar,Aerocom.aircraft[0].dataLink[2],actualCapacity:mean,,,9511.212962963
Exponential-capacity-3278-20210301-21:50:12-11313,attr,Aerocom.aircraft[0].dataLink[2],actualCapacity:mean,,,
Exponential-capacity-3278-20210301-21:50:12-11313,attr,Aerocom.aircraft[0].dataLink[2],actualCapacity:mean,source,computeActualCapacity,
Exponential-capacity-3278-20210301-21:50:12-11313,scalar,Aerocom.aircraft[0].dataLink[3],sentPackets:count,,,1049
Exponential-capacity-3278-20210301-21:50:12-11313,attr,Aerocom.aircraft[0].dataLink[3],sentPackets:count,source,computeSentPackets,
Exponential-capacity-3278-20210301-21:50:12-11313,scalar,Aerocom.aircraft[0].dataLink[3],actualCapacity:mean,,,9424.5150684932
Exponential-capacity-3278-20210301-21:50:12-11313,attr,Aerocom.aircraft[0].dataLink[3],actualCapacity:mean,,,
Exponential-capacity-3278-20210301-21:50:12-11313,attr,Aerocom.aircraft[0].dataLink[3],actualCapacity:mean,source,computeActualCapacity,
Exponential-capacity-3278-20210301-21:50:12-11313,scalar,Aerocom.aircraft[0].dataLink[4],sentPackets:count,,,2441
Exponential-capacity-3278-20210301-21:50:12-11313,attr,Aerocom.aircraft[0].dataLink[4],sentPackets:count,source,computeSentPackets,
Exponential-capacity-3278-20210301-21:50:12-11313,scalar,Aerocom.aircraft[0].dataLink[4],actualCapacity:mean,,,9594.7435738619
Exponential-capacity-3278-20210301-21:50:12-11313,attr,Aerocom.aircraft[0].dataLink[4],actualCapacity:mean,,,
Exponential-capacity-3278-20210301-21:50:12-11313,attr,Aerocom.aircraft[0].dataLink[4],actualCapacity:mean,source,computeActualCapacity,
Exponential-capacity-3278-20210301-21:50:12-11313,scalar,Aerocom.aircraft[0].dataLink[5],sentPackets:count,,,1505
Exponential-capacity-3278-20210301-21:50:12-11313,attr,Aerocom.aircraft[0].dataLink[5],sentPackets:count,source,computeSentPackets,
Exponential-capacity-3278-20210301-21:50:12-11313,scalar,Aerocom.aircraft[0].dataLink[5],actualCapacity:mean,,,9483.3533274956
Exponential-capacity-3278-20210301-21:50:12-11313,attr,Aerocom.aircraft[0].dataLink[5],actualCapacity:mean,,,
Exponential-capacity-3278-20210301-21:50:12-11313,attr,Aerocom.aircraft[0].dataLink[5],actualCapacity:mean,source,computeActualCapacity,
Exponential-capacity-3278-20210301-21:50:12-11313,scalar,Aerocom.aircraft[0].dataLink[6],sentPackets:count,,,799
Exponential-capacity-3278-20210301-21:50:12-11313,attr,Aerocom.aircraft[0].dataLink[6],sentPackets:count,source,computeSentPackets,
Exponential-capacity-3278-20210301-21:50:12-11313,scalar,Aerocom.aircraft[0].dataLink[6],actualCapacity:mean,,,9389.6643533123
Exponential-capacity-3278-20210301-21:50:12-11313,attr,Aerocom.aircraft[0].dataLink[6],actualCapacity:mean,,,
Exponential-capacity-3278-20210301-21:50:12-11313,attr,Aerocom.aircraft[0].dataLink[6],actualCapacity:mean,source,computeActualCapacity,
Exponential-capacity-3278-20210301-21:50:12-11313,scalar,Aerocom.aircraft[0].dataLink[7],sentPackets:count,,,727
Exponential-capacity-3278-20210301-21:50:12-11313,attr,Aerocom.aircraft[0].dataLink[7],sentPackets:count,source,computeSentPackets,
Exponential-capacity-3278-20210301-21:50:12-11313,scalar,Aerocom.aircraft[0].dataLink[7],actualCapacity:mean,,,9323.2754966887
Exponential-capacity-3278-20210301-21:50:12-11313,attr,Aerocom.aircraft[0].dataLink[7],actualCapacity:mean,,,
Exponential-capacity-3278-20210301-21:50:12-11313,attr,Aerocom.aircraft[0].dataLink[7],actualCapacity:mean,source,computeActualCapacity,
Exponential-capacity-3278-20210301-21:50:12-11313,scalar,Aerocom.aircraft[0].dataLink[8],sentPackets:count,,,1211
Exponential-capacity-3278-20210301-21:50:12-11313,attr,Aerocom.aircraft[0].dataLink[8],sentPackets:count,source,computeSentPackets,
Exponential-capacity-3278-20210301-21:50:12-11313,scalar,Aerocom.aircraft[0].dataLink[8],actualCapacity:mean,,,9459.3875813721
Exponential-capacity-3278-20210301-21:50:12-11313,attr,Aerocom.aircraft[0].dataLink[8],actualCapacity:mean,,,
Exponential-capacity-3278-20210301-21:50:12-11313,attr,Aerocom.aircraft[0].dataLink[8],actualCapacity:mean,source,computeActualCapacity,
Exponential-capacity-3278-20210301-21:50:12-11313,scalar,Aerocom.aircraft[0].dataLink[9],sentPackets:count,,,1971
Exponential-capacity-3278-20210301-21:50:12-11313,attr,Aerocom.aircraft[0].dataLink[9],sentPackets:count,source,computeSentPackets,
Exponential-capacity-3278-20210301-21:50:12-11313,scalar,Aerocom.aircraft[0].dataLink[9],actualCapacity:mean,,,9566.1568627451
Exponential-capacity-3278-20210301-21:50:12-11313,attr,Aerocom.aircraft[0].dataLink[9],actualCapacity:mean,,,
Exponential-capacity-3278-20210301-21:50:12-11313,attr,Aerocom.aircraft[0].dataLink[9],actualCapacity:mean,source,computeActualCapacity,
Exponential-capacity-3278-20210301-21:50:12-11313,scalar,Aerocom.aircraft[0].dataLink[10],sentPackets:count,,,1403
Exponential-capacity-3278-20210301-21:50:12-11313,attr,Aerocom.aircraft[0].dataLink[10],sentPackets:count,source,computeSentPackets,
Exponential-capacity-3278-20210301-21:50:12-11313,scalar,Aerocom.aircraft[0].dataLink[10],actualCapacity:mean,,,9463.4576659039
Exponential-capacity-3278-20210301-21:50:12-11313,attr,Aerocom.aircraft[0].dataLink[10],actualCapacity:mean,,,
Exponential-capacity-3278-20210301-21:50:12-11313,attr,Aerocom.aircraft[0].dataLink[10],actualCapacity:mean,source,computeActualCapacity,
Exponential-capacity-3278-20210301-21:50:12-11313,scalar,Aerocom.aircraft[0].dataLink[11],sentPackets:count,,,834
Exponential-capacity-3278-20210301-21:50:12-11313,attr,Aerocom.aircraft[0].dataLink[11],sentPackets:count,source,computeSentPackets,
Exponential-capacity-3278-20210301-21:50:12-11313,scalar,Aerocom.aircraft[0].dataLink[11],actualCapacity:mean,,,9364.9956440572
Exponential-capacity-3278-20210301-21:50:12-11313,attr,Aerocom.aircraft[0].dataLink[11],actualCapacity:mean,,,
Exponential-capacity-3278-20210301-21:50:12-11313,attr,Aerocom.aircraft[0].dataLink[11],actualCapacity:mean,source,computeActualCapacity,
Exponential-capacity-3278-20210301-21:50:12-11313,scalar,Aerocom.aircraft[0].dataLink[12],sentPackets:count,,,1010
Exponential-capacity-3278-20210301-21:50:12-11313,attr,Aerocom.aircraft[0].dataLink[12],sentPackets:count,source,computeSentPackets,
Exponential-capacity-3278-20210301-21:50:12-11313,scalar,Aerocom.aircraft[0].dataLink[12],actualCapacity:mean,,,9425.5732662192
Exponential-capacity-3278-20210301-21:50:12-11313,attr,Aerocom.aircraft[0].dataLink[12],actualCapacity:mean,,,
Exponential-capacity-3278-20210301-21:50:12-11313,attr,Aerocom.aircraft[0].dataLink[12],actualCapacity:mean,source,computeActualCapacity,
Exponential-capacity-3278-20210301-21:50:12-11313,scalar,Aerocom.aircraft[0].dataLink[13],sentPackets:count,,,1069
Exponential-capacity-3278-20210301-21:50:12-11313,attr,Aerocom.aircraft[0].dataLink[13],sentPackets:count,source,computeSentPackets,
Exponential-capacity-3278-20210301-21:50:12-11313,scalar,Aerocom.aircraft[0].dataLink[13],actualCapacity:mean,,,9391.790923825
Exponential-capacity-3278-20210301-21:50:12-11313,attr,Aerocom.aircraft[0].dataLink[13],actualCapacity:mean,,,
Exponential-capacity-3278-20210301-21:50:12-11313,attr,Aerocom.aircraft[0].dataLink[13],actualCapacity:mean,source,computeActualCapacity,
Exponential-capacity-3278-20210301-21:50:12-11313,scalar,Aerocom.aircraft[0].dataLink[14],sentPackets:count,,,927
Exponential-capacity-3278-20210301-21:50:12-11313,attr,Aerocom.aircraft[0].dataLink[14],sentPackets:count,source,computeSentPackets,
Exponential-capacity-3278-20210301-21:50:12-11313,scalar,Aerocom.aircraft[0].dataLink[14],actualCapacity:mean,,,9332.5897887324
Exponential-capacity-3278-20210301-21:50:12-11313,attr,Aerocom.aircraft[0].dataLink[14],actualCapacity:mean,,,
Exponential-capacity-3278-20210301-21:50:12-11313,attr,Aerocom.aircraft[0].dataLink[14],actualCapacity:mean,source,computeActualCapacity,
Exponential-capacity-3278-20210301-21:50:12-11313,scalar,Aerocom.aircraft[0].dataLink[15],sentPackets:count,,,1255
Exponential-capacity-3278-20210301-21:50:12-11313,attr,Aerocom.aircraft[0].dataLink[15],sentPackets:count,source,computeSentPackets,
Exponential-capacity-3278-20210301-21:50:12-11313,scalar,Aerocom.aircraft[0].dataLink[15],actualCapacity:mean,,,9498.5560471976
Exponential-capacity-3278-20210301-21:50:12-11313,attr,Aerocom.aircraft[0].dataLink[15],actualCapacity:mean,,,
Exponential-capacity-3278-20210301-21:50:12-11313,attr,Aerocom.aircraft[0].dataLink[15],actualCapacity:mean,source,computeActualCapacity,
Exponential-capacity-3278-20210301-21:50:12-11313,scalar,Aerocom.controlTower,receivedPackets:count,,,19514
Exponential-capacity-3278-20210301-21:50:12-11313,attr,Aerocom.controlTower,receivedPackets:count,source,computeReceivedPackets,
Exponential-capacity-3279-20210301-21:50:13-11313,scalar,Aerocom.aircraft[0].linkSelector,responseTime:mean,,,0.55069618375331
Exponential-capacity-3279-20210301-21:50:13-11313,attr,Aerocom.aircraft[0].linkSelector,responseTime:mean,,,
Exponential-capacity-3279-20210301-21:50:13-11313,attr,Aerocom.aircraft[0].linkSelector,responseTime:mean,source,computeResponseTime,
Exponential-capacity-3279-20210301-21:50:13-11313,scalar,Aerocom.aircraft[0].linkSelector,meanMalus:sum,,,12994
Exponential-capacity-3279-20210301-21:50:13-11313,attr,Aerocom.aircraft[0].linkSelector,meanMalus:sum,,,
Exponential-capacity-3279-20210301-21:50:13-11313,attr,Aerocom.aircraft[0].linkSelector,meanMalus:sum,source,computeMeanMalus,
Exponential-capacity-3279-20210301-21:50:13-11313,scalar,Aerocom.aircraft[0].linkSelector,waitingTime:mean,,,0.54353517408261
Exponential-capacity-3279-20210301-21:50:13-11313,attr,Aerocom.aircraft[0].linkSelector,waitingTime:mean,,,
Exponential-capacity-3279-20210301-21:50:13-11313,attr,Aerocom.aircraft[0].linkSelector,waitingTime:mean,source,computeWaitingTime,
Exponential-capacity-3279-20210301-21:50:13-11313,scalar,Aerocom.aircraft[0].linkSelector,serviceTime:mean,,,0.0071890304116559
Exponential-capacity-3279-20210301-21:50:13-11313,attr,Aerocom.aircraft[0].linkSelector,serviceTime:mean,,,
Exponential-capacity-3279-20210301-21:50:13-11313,attr,Aerocom.aircraft[0].linkSelector,serviceTime:mean,source,computeServiceTime,
Exponential-capacity-3279-20210301-21:50:13-11313,scalar,Aerocom.aircraft[0].linkSelector,queueLength:mean,,,26.670414109638
Exponential-capacity-3279-20210301-21:50:13-11313,attr,Aerocom.aircraft[0].linkSelector,queueLength:mean,,,
Exponential-capacity-3279-20210301-21:50:13-11313,attr,Aerocom.aircraft[0].linkSelector,queueLength:mean,source,computeQueueLength,
Exponential-capacity-3279-20210301-21:50:13-11313,scalar,Aerocom.aircraft[0].dataLink[0],sentPackets:count,,,629
Exponential-capacity-3279-20210301-21:50:13-11313,attr,Aerocom.aircraft[0].dataLink[0],sentPackets:count,source,computeSentPackets,
Exponential-capacity-3279-20210301-21:50:13-11313,scalar,Aerocom.aircraft[0].dataLink[0],actualCapacity:mean,,,9274.0915542938
Exponential-capacity-3279-20210301-21:50:13-11313,attr,Aerocom.aircraft[0].dataLink[0],actualCapacity:mean,,,
Exponential-capacity-3279-20210301-21:50:13-11313,attr,Aerocom.aircraft[0].dataLink[0],actualCapacity:mean,source,computeActualCapacity,
Exponential-capacity-3279-20210301-21:50:13-11313,scalar,Aerocom.aircraft[0].dataLink[1],sentPackets:count,,,983
Exponential-capacity-3279-20210301-21:50:13-11313,attr,Aerocom.aircraft[0].dataLink[1],sentPackets:count,source,computeSentPackets,
Exponential-capacity-3279-20210301-21:50:13-11313,scalar,Aerocom.aircraft[0].dataLink[1],actualCapacity:mean,,,9431.9189342404
Exponential-capacity-3279-20210301-21:50:13-11313,attr,Aerocom.aircraft[0].dataLink[1],actualCapacity:mean,,,
Exponential-capacity-3279-20210301-21:50:13-11313,attr,Aerocom.aircraft[0].dataLink[1],actualCapacity:mean,source,computeActualCapacity,
Exponential-capacity-3279-20210301-21:50:13-11313,scalar,Aerocom.aircraft[0].dataLink[2],sentPackets:count,,,1141
Exponential-capacity-3279-20210301-21:50:13-11313,attr,Aerocom.aircraft[0].dataLink[2],sentPackets:count,source,computeSentPackets,
Exponential-capacity-3279-20210301-21:50:13-11313,scalar,Aerocom.aircraft[0].dataLink[2],actualCapacity:mean,,,9407.8003120125
Exponential-capacity-3279-20210301-21:50:13-11313,attr,Aerocom.aircraft[0].dataLink[2],actualCapacity:mean,,,
Exponential-capacity-3279-20210301-21:50:13-11313,attr,Aerocom.aircraft[0].dataLink[2],actualCapacity:mean,source,computeActualCapacity,
Exponential-capacity-3279-20210301-21:50:13-11313,scalar,Aerocom.aircraft[0].dataLink[3],sentPackets:count,,,1460
Exponential-capacity-3279-20210301-21:50:13-11313,attr,Aerocom.aircraft[0].dataLink[3],sentPackets:count,source,computeSentPackets,
Exponential-capacity-3279-20210301-21:50:13-11313,scalar,Aerocom.aircraft[0].dataLink[3],actualCapacity:mean,,,9520.0616621984
Exponential-capacity-3279-20210301-21:50:13-11313,attr,Aerocom.aircraft[0].dataLink[3],actualCapacity:mean,,,
Exponential-capacity-3279-20210301-21:50:13-11313,attr,Aerocom.aircraft[0].dataLink[3],actualCapacity:mean,source,computeActualCapacity,
Exponential-capacity-3279-20210301-21:50:13-11313,scalar,Aerocom.aircraft[0].dataLink[4],sentPackets:count,,,1459
Exponential-capacity-3279-20210301-21:50:13-11313,attr,Aerocom.aircraft[0].dataLink[4],sentPackets:count,source,computeSentPackets,
Exponential-capacity-3279-20210301-21:50:13-11313,scalar,Aerocom.aircraft[0].dataLink[4],actualCapacity:mean,,,9508.0924855491
Exponential-capacity-3279-20210301-21:50:13-11313,attr,Aerocom.aircraft[0].dataLink[4],actualCapacity:mean,,,
Exponential-capacity-3279-20210301-21:50:13-11313,attr,Aerocom.aircraft[0].dataLink[4],actualCapacity:mean,source,computeActualCapacity,
Exponential-capacity-3279-20210301-21:50:13-11313,scalar,Aerocom.aircraft[0].dataLink[5],sentPackets:count,,,1327
Exponential-capacity-3279-20210301-21:50:13-11313,attr,Aerocom.aircraft[0].dataLink[5],sentPackets:count,source,computeSentPackets,
Exponential-capacity-3279-20210301-21:50:13-11313,scalar,Aerocom.aircraft[0].dataLink[5],actualCapacity:mean,,,9489.0203694931
Exponential-capacity-3279-20210301-21:50:13-11313,attr,Aerocom.aircraft[0].dataLink[5],actualCapacity:mean,,,
Exponential-capacity-3279-20210301-21:50:13-11313,attr,Aerocom.aircraft[0].dataLink[5],actualCapacity:mean,source,computeActualCapacity,
Exponential-capacity-3279-20210301-21:50:13-11313,scalar,Aerocom.aircraft[0].dataLink[6],sentPackets:count,,,1277
Exponential-capacity-3279-20210301-21:50:13-11313,attr,Aerocom.aircraft[0].dataLink[6],sentPackets:count,source,computeSentPackets,
Exponential-capacity-3279-20210301-21:50:13-11313,scalar,Aerocom.aircraft[0].dataLink[6],actualCapacity:mean,,,9467.4682501212
Exponential-capacity-3279-20210301-21:50:13-11313,attr,Aerocom.aircraft[0].dataLink[6],actualCapacity:mean,,,
Exponential-capacity-3279-20210301-21:50:13-11313,attr,Aerocom.aircraft[0].dataLink[6],actualCapacity:mean,source,computeActualCapacity,
Exponential-capacity-3279-20210301-21:50:13-11313,scalar,Aerocom.aircraft[0].dataLink[7],sentPackets:count,,,1572
Exponential-capacity-3279-20210301-21:50:13-11313,attr,Aerocom.aircraft[0].dataLink[7],sentPackets:count,source,computeSentPackets,
Exponential-capacity-3279-20210301-21:50:13-11313,scalar,Aerocom.aircraft[0].dataLink[7],actualCapacity:mean,,,9534.8610875106
Exponential-capacity-3279-20210301-21:50:13-11313,attr,Aerocom.aircraft[0].dataLink[7],actualCapacity:mean,,,
Exponential-capacity-3279-20210301-21:50:13-11313,attr,Aerocom.aircraft[0].dataLink[7],actualCapacity:mean,source,computeActualCapacity,
Exponential-capacity-3279-20210301-21:50:13-11313,scalar,Aerocom.aircraft[0].dataLink[8],sentPackets:count,,,1237
Exponential-capacity-3279-20210301-21:50:13-11313,attr,Aerocom.aircraft[0].dataLink[8],sentPackets:count,source,computeSentPackets,
Exponential-capacity-3279-20210301-21:50:13-11313,scalar,Aerocom.aircraft[0].dataLink[8],actualCapacity:mean,,,9425.3878157504
Exponential-capacity-3279-20210301-21:50:13-11313,attr,Aerocom.aircraft[0].dataLink[8],actualCapacity:mean,,,
Exponential-capacity-3279-20210301-21:50:13-11313,attr,Aerocom.aircraft[0].dataLink[8],actualCapacity:mean,source,computeActualCapacity,
Exponential-capacity-3279-20210301-21:50:13-11313,scalar,Aerocom.aircraft[0].dataLink[9],sentPackets:count,,,1253
Exponential-capacity-3279-20210301-21:50:13-11313,attr,Aerocom.aircraft[0].dataLink[9],sentPackets:count,source,computeSentPackets,
Exponential-capacity-3279-20210301-21:50:13-11313,scalar,Aerocom.aircraft[0].dataLink[9],actualCapacity:mean,,,9501.557956778
Exponential-capacity-3279-20210301-21:50:13-11313,attr,Aerocom.aircraft[0].dataLink[9],actualCapacity:mean,,,
Exponential-capacity-3279-20210301-21:50:13-11313,attr,Aerocom.aircraft[0].dataLink[9],actualCapacity:mean,source,computeActualCapacity,
Exponential-capacity-3279-20210301-21:50:13-11313,scalar,Aerocom.aircraft[0].dataLink[10],sentPackets:count,,,1028
Exponential-capacity-3279-20210301-21:50:13-11313,attr,Aerocom.aircraft[0].dataLink[10],sentPackets:count,source,computeSentPackets,
Exponential-capacity-3279-20210301-21:50:13-11313,scalar,Aerocom.aircraft[0].dataLink[10],actualCapacity:mean,,,9412.5246264527
Exponential-capacity-3279-20210301-21:50:13-11313,attr,Aerocom.aircraft[0].dataLink[10],actualCapacity:mean,,,
Exponential-capacity-3279-20210301-21:50:13-11313,attr,Aerocom.aircraft[0].dataLink[10],actualCapacity:mean,source,computeActualCapacity,
Exponential-capacity-3279-20210301-21:50:13-11313,scalar,Aerocom.aircraft[0].dataLink[11],sentPackets:count,,,1483
Exponential-capacity-3279-20210301-21:50:13-11313,attr,Aerocom.aircraft[0].dataLink[11],sentPackets:count,source,computeSentPackets,
Exponential-capacity-3279-20210301-21:50:13-11313,scalar,Aerocom.aircraft[0].dataLink[11],actualCapacity:mean,,,9510.9619973487
Exponential-capacity-3279-20210301-21:50:13-11313,attr,Aerocom.aircraft[0].dataLink[11],actualCapacity:mean,,,
Exponential-capacity-3279-20210301-21:50:13-11313,attr,Aerocom.aircraft[0].dataLink[11],actualCapacity:mean,source,computeActualCapacity,
Exponential-capacity-3279-20210301-21:50:13-11313,scalar,Aerocom.aircraft[0].dataLink[12],sentPackets:count,,,898
Exponential-capacity-3279-20210301-21:50:13-11313,attr,Aerocom.aircraft[0].dataLink[12],sentPackets:count,source,computeSentPackets,
Exponential-capacity-3279-20210301-21:50:13-11313,scalar,Aerocom.aircraft[0].dataLink[12],actualCapacity:mean,,,9404.518873577
Exponential-capacity-3279-20210301-21:50:13-11313,attr,Aerocom.aircraft[0].dataLink[12],actualCapacity:mean,,,
Exponential-capacity-3279-20210301-21:50:13-11313,attr,Aerocom.aircraft[0].dataLink[12],actualCapacity:mean,source,computeActualCapacity,
Exponential-capacity-3279-20210301-21:50:13-11313,scalar,Aerocom.aircraft[0].dataLink[13],sentPackets:count,,,1175
Exponential-capacity-3279-20210301-21:50:13-11313,attr,Aerocom.aircraft[0].dataLink[13],sentPackets:count,source,computeSentPackets,
Exponential-capacity-3279-20210301-21:50:13-11313,scalar,Aerocom.aircraft[0].dataLink[13],actualCapacity:mean,,,9434.2001023541
Exponential-capacity-3279-20210301-21:50:13-11313,attr,Aerocom.aircraft[0].dataLink[13],actualCapacity:mean,,,
Exponential-capacity-3279-20210301-21:50:13-11313,attr,Aerocom.aircraft[0].dataLink[13],actualCapacity:mean,source,computeActualCapacity,
Exponential-capacity-3279-20210301-21:50:13-11313,scalar,Aerocom.aircraft[0].dataLink[14],sentPackets:count,,,948
Exponential-capacity-3279-20210301-21:50:13-11313,attr,Aerocom.aircraft[0].dataLink[14],sentPackets:count,source,computeSentPackets,
Exponential-capacity-3279-20210301-21:50:13-11313,scalar,Aerocom.aircraft[0].dataLink[14],actualCapacity:mean,,,9422.9624277457
Exponential-capacity-3279-20210301-21:50:13-11313,attr,Aerocom.aircraft[0].dataLink[14],actualCapacity:mean,,,
Exponential-capacity-3279-20210301-21:50:13-11313,attr,Aerocom.aircraft[0].dataLink[14],actualCapacity:mean,source,computeActualCapacity,
Exponential-capacity-3279-20210301-21:50:13-11313,scalar,Aerocom.aircraft[0].dataLink[15],sentPackets:count,,,1522
Exponential-capacity-3279-20210301-21:50:13-11313,attr,Aerocom.aircraft[0].dataLink[15],sentPackets:count,source,computeSentPackets,
Exponential-capacity-3279-20210301-21:50:13-11313,scalar,Aerocom.aircraft[0].dataLink[15],actualCapacity:mean,,,9459.4965187119
Exponential-capacity-3279-20210301-21:50:13-11313,attr,Aerocom.aircraft[0].dataLink[15],actualCapacity:mean,,,
Exponential-capacity-3279-20210301-21:50:13-11313,attr,Aerocom.aircraft[0].dataLink[15],actualCapacity:mean,source,computeActualCapacity,
Exponential-capacity-3279-20210301-21:50:13-11313,scalar,Aerocom.controlTower,receivedPackets:count,,,19392
Exponential-capacity-3279-20210301-21:50:13-11313,attr,Aerocom.controlTower,receivedPackets:count,source,computeReceivedPackets,
Exponential-capacity-3208-20210301-21:50:08-11272,scalar,Aerocom.aircraft[0].linkSelector,responseTime:mean,,,0.56729181460294
Exponential-capacity-3208-20210301-21:50:08-11272,attr,Aerocom.aircraft[0].linkSelector,responseTime:mean,,,
Exponential-capacity-3208-20210301-21:50:08-11272,attr,Aerocom.aircraft[0].linkSelector,responseTime:mean,source,computeResponseTime,
Exponential-capacity-3208-20210301-21:50:08-11272,scalar,Aerocom.aircraft[0].linkSelector,meanMalus:sum,,,13326
Exponential-capacity-3208-20210301-21:50:08-11272,attr,Aerocom.aircraft[0].linkSelector,meanMalus:sum,,,
Exponential-capacity-3208-20210301-21:50:08-11272,attr,Aerocom.aircraft[0].linkSelector,meanMalus:sum,source,computeMeanMalus,
Exponential-capacity-3208-20210301-21:50:08-11272,scalar,Aerocom.aircraft[0].linkSelector,waitingTime:mean,,,0.56013518610564
Exponential-capacity-3208-20210301-21:50:08-11272,attr,Aerocom.aircraft[0].linkSelector,waitingTime:mean,,,
Exponential-capacity-3208-20210301-21:50:08-11272,attr,Aerocom.aircraft[0].linkSelector,waitingTime:mean,source,computeWaitingTime,
Exponential-capacity-3208-20210301-21:50:08-11272,scalar,Aerocom.aircraft[0].linkSelector,serviceTime:mean,,,0.0072022312677899
Exponential-capacity-3208-20210301-21:50:08-11272,attr,Aerocom.aircraft[0].linkSelector,serviceTime:mean,,,
Exponential-capacity-3208-20210301-21:50:08-11272,attr,Aerocom.aircraft[0].linkSelector,serviceTime:mean,source,computeServiceTime,
Exponential-capacity-3208-20210301-21:50:08-11272,scalar,Aerocom.aircraft[0].linkSelector,queueLength:mean,,,28.352205128205
Exponential-capacity-3208-20210301-21:50:08-11272,attr,Aerocom.aircraft[0].linkSelector,queueLength:mean,,,
Exponential-capacity-3208-20210301-21:50:08-11272,attr,Aerocom.aircraft[0].linkSelector,queueLength:mean,source,computeQueueLength,
Exponential-capacity-3208-20210301-21:50:08-11272,scalar,Aerocom.aircraft[0].dataLink[0],sentPackets:count,,,1094
Exponential-capacity-3208-20210301-21:50:08-11272,attr,Aerocom.aircraft[0].dataLink[0],sentPackets:count,source,computeSentPackets,
Exponential-capacity-3208-20210301-21:50:08-11272,scalar,Aerocom.aircraft[0].dataLink[0],actualCapacity:mean,,,9428.0607028754
Exponential-capacity-3208-20210301-21:50:08-11272,attr,Aerocom.aircraft[0].dataLink[0],actualCapacity:mean,,,
Exponential-capacity-3208-20210301-21:50:08-11272,attr,Aerocom.aircraft[0].dataLink[0],actualCapacity:mean,source,computeActualCapacity,
Exponential-capacity-3208-20210301-21:50:08-11272,scalar,Aerocom.aircraft[0].dataLink[1],sentPackets:count,,,729
Exponential-capacity-3208-20210301-21:50:08-11272,attr,Aerocom.aircraft[0].dataLink[1],sentPackets:count,source,computeSentPackets,
Exponential-capacity-3208-20210301-21:50:08-11272,scalar,Aerocom.aircraft[0].dataLink[1],actualCapacity:mean,,,9346.2207534699
Exponential-capacity-3208-20210301-21:50:08-11272,attr,Aerocom.aircraft[0].dataLink[1],actualCapacity:mean,,,
Exponential-capacity-3208-20210301-21:50:08-11272,attr,Aerocom.aircraft[0].dataLink[1],actualCapacity:mean,source,computeActualCapacity,
Exponential-capacity-3208-20210301-21:50:08-11272,scalar,Aerocom.aircraft[0].dataLink[2],sentPackets:count,,,1030
Exponential-capacity-3208-20210301-21:50:08-11272,attr,Aerocom.aircraft[0].dataLink[2],sentPackets:count,source,computeSentPackets,
Exponential-capacity-3208-20210301-21:50:08-11272,scalar,Aerocom.aircraft[0].dataLink[2],actualCapacity:mean,,,9397.8666666667
Exponential-capacity-3208-20210301-21:50:08-11272,attr,Aerocom.aircraft[0].dataLink[2],actualCapacity:mean,,,
Exponential-capacity-3208-20210301-21:50:08-11272,attr,Aerocom.aircraft[0].dataLink[2],actualCapacity:mean,source,computeActualCapacity,
Exponential-capacity-3208-20210301-21:50:08-11272,scalar,Aerocom.aircraft[0].dataLink[3],sentPackets:count,,,1128
Exponential-capacity-3208-20210301-21:50:08-11272,attr,Aerocom.aircraft[0].dataLink[3],sentPackets:count,source,computeSentPackets,
Exponential-capacity-3208-20210301-21:50:08-11272,scalar,Aerocom.aircraft[0].dataLink[3],actualCapacity:mean,,,9385.6272251309
Exponential-capacity-3208-20210301-21:50:08-11272,attr,Aerocom.aircraft[0].dataLink[3],actualCapacity:mean,,,
Exponential-capacity-3208-20210301-21:50:08-11272,attr,Aerocom.aircraft[0].dataLink[3],actualCapacity:mean,source,computeActualCapacity,
Exponential-capacity-3208-20210301-21:50:08-11272,scalar,Aerocom.aircraft[0].dataLink[4],sentPackets:count,,,1457
Exponential-capacity-3208-20210301-21:50:08-11272,attr,Aerocom.aircraft[0].dataLink[4],sentPackets:count,source,computeSentPackets,
Exponential-capacity-3208-20210301-21:50:08-11272,scalar,Aerocom.aircraft[0].dataLink[4],actualCapacity:mean,,,9526.6257257704
Exponential-capacity-3208-20210301-21:50:08-11272,attr,Aerocom.aircraft[0].dataLink[4],actualCapacity:mean,,,
Exponential-capacity-3208-20210301-21:50:08-11272,attr,Aerocom.aircraft[0].dataLink[4],actualCapacity:mean,source,computeActualCapacity,
Exponential-capacity-3208-20210301-21:50:08-11272,scalar,Aerocom.aircraft[0].dataLink[5],sentPackets:count,,,1434
Exponential-capacity-3208-20210301-21:50:08-11272,attr,Aerocom.aircraft[0].dataLink[5],sentPackets:count,source,computeSentPackets,
Exponential-capacity-3208-20210301-21:50:08-11272,scalar,Aerocom.aircraft[0].dataLink[5],actualCapacity:mean,,,9475.8028867839
Exponential-capacity-3208-20210301-21:50:08-11272,attr,Aerocom.aircraft[0].dataLink[5],actualCapacity:mean,,,
Exponential-capacity-3208-20210301-21:50:08-11272,attr,Aerocom.aircraft[0].dataLink[5],actualCapacity:mean,source,computeActualCapacity,
Exponential-capacity-3208-20210301-21:50:08-11272,scalar,Aerocom.aircraft[0].dataLink[6],sentPackets:count,,,1177
Exponential-capacity-3208-20210301-21:50:08-11272,attr,Aerocom.aircraft[0].dataLink[6],sentPackets:count,source,computeSentPackets,
Exponential-capacity-3208-20210301-21:50:08-11272,scalar,Aerocom.aircraft[0].dataLink[6],actualCapacity:mean,,,9462.7219662058
Exponential-capacity-3208-20210301-21:50:08-11272,attr,Aerocom.aircraft[0].dataLink[6],actualCapacity:mean,,,
Exponential-capacity-3208-20210301-21:50:08-11272,attr,Aerocom.aircraft[0].dataLink[6],actualCapacity:mean,source,computeActualCapacity,
Exponential-capacity-3208-20210301-21:50:08-11272,scalar,Aerocom.aircraft[0].dataLink[7],sentPackets:count,,,1511
Exponential-capacity-3208-20210301-21:50:08-11272,attr,Aerocom.aircraft[0].dataLink[7],sentPackets:count,source,computeSentPackets,
Exponential-capacity-3208-20210301-21:50:08-11272,scalar,Aerocom.aircraft[0].dataLink[7],actualCapacity:mean,,,9479.604111986
Exponential-capacity-3208-20210301-21:50:08-11272,attr,Aerocom.aircraft[0].dataLink[7],actualCapacity:mean,,,
Exponential-capacity-3208-20210301-21:50:08-11272,attr,Aerocom.aircraft[0].dataLink[7],actualCapacity:mean,source,computeActualCapacity,
Exponential-capacity-3208-20210301-21:50:08-11272,scalar,Aerocom.aircraft[0].dataLink[8],sentPackets:count,,,1447
Exponential-capacity-3208-20210301-21:50:08-11272,attr,Aerocom.aircraft[0].dataLink[8],sentPackets:count,source,computeSentPackets,
Exponential-capacity-3208-20210301-21:50:08-11272,scalar,Aerocom.aircraft[0].dataLink[8],actualCapacity:mean,,,9505.7359676695
Exponential-capacity-3208-20210301-21:50:08-11272,attr,Aerocom.aircraft[0].dataLink[8],actualCapacity:mean,,,
Exponential-capacity-3208-20210301-21:50:08-11272,attr,Aerocom.aircraft[0].dataLink[8],actualCapacity:mean,source,computeActualCapacity,
Exponential-capacity-3208-20210301-21:50:08-11272,scalar,Aerocom.aircraft[0].dataLink[9],sentPackets:count,,,1272
Exponential-capacity-3208-20210301-21:50:08-11272,attr,Aerocom.aircraft[0].dataLink[9],sentPackets:count,source,computeSentPackets,
Exponential-capacity-3208-20210301-21:50:08-11272,scalar,Aerocom.aircraft[0].dataLink[9],actualCapacity:mean,,,9419.2166504382
Exponential-capacity-3208-20210301-21:50:08-11272,attr,Aerocom.aircraft[0].dataLink[9],actualCapacity:mean,,,
Exponential-capacity-3208-20210301-21:50:08-11272,attr,Aerocom.aircraft[0].dataLink[9],actualCapacity:mean,source,computeActualCapacity,
Exponential-capacity-3208-20210301-21:50:08-11272,scalar,Aerocom.aircraft[0].dataLink[10],sentPackets:count,,,699
Exponential-capacity-3208-20210301-21:50:08-11272,attr,Aerocom.aircraft[0].dataLink[10],sentPackets:count,source,computeSentPackets,
Exponential-capacity-3208-20210301-21:50:08-11272,scalar,Aerocom.aircraft[0].dataLink[10],actualCapacity:mean,,,9309.0838971583
Exponential-capacity-3208-20210301-21:50:08-11272,attr,Aerocom.aircraft[0].dataLink[10],actualCapacity:mean,,,
Exponential-capacity-3208-20210301-21:50:08-11272,attr,Aerocom.aircraft[0].dataLink[10],actualCapacity:mean,source,computeActualCapacity,
Exponential-capacity-3208-20210301-21:50:08-11272,scalar,Aerocom.aircraft[0].dataLink[11],sentPackets:count,,,1514
Exponential-capacity-3208-20210301-21:50:08-11272,attr,Aerocom.aircraft[0].dataLink[11],sentPackets:count,source,computeSentPackets,
Exponential-capacity-3208-20210301-21:50:08-11272,scalar,Aerocom.aircraft[0].dataLink[11],actualCapacity:mean,,,9462.2058311575
Exponential-capacity-3208-20210301-21:50:08-11272,attr,Aerocom.aircraft[0].dataLink[11],actualCapacity:mean,,,
Exponential-capacity-3208-20210301-21:50:08-11272,attr,Aerocom.aircraft[0].dataLink[11],actualCapacity:mean,source,computeActualCapacity,
Exponential-capacity-3208-20210301-21:50:08-11272,scalar,Aerocom.aircraft[0].dataLink[12],sentPackets:count,,,883
Exponential-capacity-3208-20210301-21:50:08-11272,attr,Aerocom.aircraft[0].dataLink[12],sentPackets:count,source,computeSentPackets,
Exponential-capacity-3208-20210301-21:50:08-11272,scalar,Aerocom.aircraft[0].dataLink[12],actualCapacity:mean,,,9367.6092715232
Exponential-capacity-3208-20210301-21:50:08-11272,attr,Aerocom.aircraft[0].dataLink[12],actualCapacity:mean,,,
Exponential-capacity-3208-20210301-21:50:08-11272,attr,Aerocom.aircraft[0].dataLink[12],actualCapacity:mean,source,computeActualCapacity,
Exponential-capacity-3208-20210301-21:50:08-11272,scalar,Aerocom.aircraft[0].dataLink[13],sentPackets:count,,,950
Exponential-capacity-3208-20210301-21:50:08-11272,attr,Aerocom.aircraft[0].dataLink[13],sentPackets:count,source,computeSentPackets,
Exponential-capacity-3208-20210301-21:50:08-11272,scalar,Aerocom.aircraft[0].dataLink[13],actualCapacity:mean,,,9349.4476576056
Exponential-capacity-3208-20210301-21:50:08-11272,attr,Aerocom.aircraft[0].dataLink[13],actualCapacity:mean,,,
Exponential-capacity-3208-20210301-21:50:08-11272,attr,Aerocom.aircraft[0].dataLink[13],actualCapacity:mean,source,computeActualCapacity,
Exponential-capacity-3208-20210301-21:50:08-11272,scalar,Aerocom.aircraft[0].dataLink[14],sentPackets:count,,,1255
Exponential-capacity-3208-20210301-21:50:08-11272,attr,Aerocom.aircraft[0].dataLink[14],sentPackets:count,source,computeSentPackets,
Exponential-capacity-3208-20210301-21:50:08-11272,scalar,Aerocom.aircraft[0].dataLink[14],actualCapacity:mean,,,9397.4835542464
Exponential-capacity-3208-20210301-21:50:08-11272,attr,Aerocom.aircraft[0].dataLink[14],actualCapacity:mean,,,
Exponential-capacity-3208-20210301-21:50:08-11272,attr,Aerocom.aircraft[0].dataLink[14],actualCapacity:mean,source,computeActualCapacity,
Exponential-capacity-3208-20210301-21:50:08-11272,scalar,Aerocom.aircraft[0].dataLink[15],sentPackets:count,,,1919
Exponential-capacity-3208-20210301-21:50:08-11272,attr,Aerocom.aircraft[0].dataLink[15],sentPackets:count,source,computeSentPackets,
Exponential-capacity-3208-20210301-21:50:08-11272,scalar,Aerocom.aircraft[0].dataLink[15],actualCapacity:mean,,,9568.7919289152
Exponential-capacity-3208-20210301-21:50:08-11272,attr,Aerocom.aircraft[0].dataLink[15],actualCapacity:mean,,,
Exponential-capacity-3208-20210301-21:50:08-11272,attr,Aerocom.aircraft[0].dataLink[15],actualCapacity:mean,source,computeActualCapacity,
Exponential-capacity-3208-20210301-21:50:08-11272,scalar,Aerocom.controlTower,receivedPackets:count,,,19499
Exponential-capacity-3208-20210301-21:50:08-11272,attr,Aerocom.controlTower,receivedPackets:count,source,computeReceivedPackets,
Exponential-capacity-3280-20210301-21:50:11-11318,scalar,Aerocom.aircraft[0].linkSelector,responseTime:mean,,,0.55060577648459
Exponential-capacity-3280-20210301-21:50:11-11318,attr,Aerocom.aircraft[0].linkSelector,responseTime:mean,,,
Exponential-capacity-3280-20210301-21:50:11-11318,attr,Aerocom.aircraft[0].linkSelector,responseTime:mean,source,computeResponseTime,
Exponential-capacity-3280-20210301-21:50:11-11318,scalar,Aerocom.aircraft[0].linkSelector,meanMalus:sum,,,13160
Exponential-capacity-3280-20210301-21:50:11-11318,attr,Aerocom.aircraft[0].linkSelector,meanMalus:sum,,,
Exponential-capacity-3280-20210301-21:50:11-11318,attr,Aerocom.aircraft[0].linkSelector,meanMalus:sum,source,computeMeanMalus,
Exponential-capacity-3280-20210301-21:50:11-11318,scalar,Aerocom.aircraft[0].linkSelector,waitingTime:mean,,,0.54342296532352
Exponential-capacity-3280-20210301-21:50:11-11318,attr,Aerocom.aircraft[0].linkSelector,waitingTime:mean,,,
Exponential-capacity-3280-20210301-21:50:11-11318,attr,Aerocom.aircraft[0].linkSelector,waitingTime:mean,source,computeWaitingTime,
Exponential-capacity-3280-20210301-21:50:11-11318,scalar,Aerocom.aircraft[0].linkSelector,serviceTime:mean,,,0.0071828111611025
Exponential-capacity-3280-20210301-21:50:11-11318,attr,Aerocom.aircraft[0].linkSelector,serviceTime:mean,,,
Exponential-capacity-3280-20210301-21:50:11-11318,attr,Aerocom.aircraft[0].linkSelector,serviceTime:mean,source,computeServiceTime,
Exponential-capacity-3280-20210301-21:50:11-11318,scalar,Aerocom.aircraft[0].linkSelector,queueLength:mean,,,27.094061684824
Exponential-capacity-3280-20210301-21:50:11-11318,attr,Aerocom.aircraft[0].linkSelector,queueLength:mean,,,
Exponential-capacity-3280-20210301-21:50:11-11318,attr,Aerocom.aircraft[0].linkSelector,queueLength:mean,source,computeQueueLength,
Exponential-capacity-3280-20210301-21:50:11-11318,scalar,Aerocom.aircraft[0].dataLink[0],sentPackets:count,,,1148
Exponential-capacity-3280-20210301-21:50:11-11318,attr,Aerocom.aircraft[0].dataLink[0],sentPackets:count,source,computeSentPackets,
Exponential-capacity-3280-20210301-21:50:11-11318,scalar,Aerocom.aircraft[0].dataLink[0],actualCapacity:mean,,,9399.0020811655
Exponential-capacity-3280-20210301-21:50:11-11318,attr,Aerocom.aircraft[0].dataLink[0],actualCapacity:mean,,,
Exponential-capacity-3280-20210301-21:50:11-11318,attr,Aerocom.aircraft[0].dataLink[0],actualCapacity:mean,source,computeActualCapacity,
Exponential-capacity-3280-20210301-21:50:11-11318,scalar,Aerocom.aircraft[0].dataLink[1],sentPackets:count,,,966
Exponential-capacity-3280-20210301-21:50:11-11318,attr,Aerocom.aircraft[0].dataLink[1],sentPackets:count,source,computeSentPackets,
Exponential-capacity-3280-20210301-21:50:11-11318,scalar,Aerocom.aircraft[0].dataLink[1],actualCapacity:mean,,,9394.2416953036
Exponential-capacity-3280-20210301-21:50:11-11318,attr,Aerocom.aircraft[0].dataLink[1],actualCapacity:mean,,,
Exponential-capacity-3280-20210301-21:50:11-11318,attr,Aerocom.aircraft[0].dataLink[1],actualCapacity:mean,source,computeActualCapacity,
Exponential-capacity-3280-20210301-21:50:11-11318,scalar,Aerocom.aircraft[0].dataLink[2],sentPackets:count,,,1898
Exponential-capacity-3280-20210301-21:50:11-11318,attr,Aerocom.aircraft[0].dataLink[2],sentPackets:count,source,computeSentPackets,
Exponential-capacity-3280-20210301-21:50:11-11318,scalar,Aerocom.aircraft[0].dataLink[2],actualCapacity:mean,,,9576.3281075028
Exponential-capacity-3280-20210301-21:50:11-11318,attr,Aerocom.aircraft[0].dataLink[2],actualCapacity:mean,,,
Exponential-capacity-3280-20210301-21:50:11-11318,attr,Aerocom.aircraft[0].dataLink[2],actualCapacity:mean,source,computeActualCapacity,
Exponential-capacity-3280-20210301-21:50:11-11318,scalar,Aerocom.aircraft[0].dataLink[3],sentPackets:count,,,895
Exponential-capacity-3280-20210301-21:50:11-11318,attr,Aerocom.aircraft[0].dataLink[3],sentPackets:count,source,computeSentPackets,
Exponential-capacity-3280-20210301-21:50:11-11318,scalar,Aerocom.aircraft[0].dataLink[3],actualCapacity:mean,,,9362.8009535161
Exponential-capacity-3280-20210301-21:50:11-11318,attr,Aerocom.aircraft[0].dataLink[3],actualCapacity:mean,,,
Exponential-capacity-3280-20210301-21:50:11-11318,attr,Aerocom.aircraft[0].dataLink[3],actualCapacity:mean,source,computeActualCapacity,
Exponential-capacity-3280-20210301-21:50:11-11318,scalar,Aerocom.aircraft[0].dataLink[4],sentPackets:count,,,628
Exponential-capacity-3280-20210301-21:50:11-11318,attr,Aerocom.aircraft[0].dataLink[4],sentPackets:count,source,computeSentPackets,
Exponential-capacity-3280-20210301-21:50:11-11318,scalar,Aerocom.aircraft[0].dataLink[4],actualCapacity:mean,,,9290.2622253721
Exponential-capacity-3280-20210301-21:50:11-11318,attr,Aerocom.aircraft[0].dataLink[4],actualCapacity:mean,,,
Exponential-capacity-3280-20210301-21:50:11-11318,attr,Aerocom.aircraft[0].dataLink[4],actualCapacity:mean,source,computeActualCapacity,
Exponential-capacity-3280-20210301-21:50:11-11318,scalar,Aerocom.aircraft[0].dataLink[5],sentPackets:count,,,1172
Exponential-capacity-3280-20210301-21:50:11-11318,attr,Aerocom.aircraft[0].dataLink[5],sentPackets:count,source,computeSentPackets,
Exponential-capacity-3280-20210301-21:50:11-11318,scalar,Aerocom.aircraft[0].dataLink[5],actualCapacity:mean,,,9512.256791389
Exponential-capacity-3280-20210301-21:50:11-11318,attr,Aerocom.aircraft[0].dataLink[5],actualCapacity:mean,,,
Exponential-capacity-3280-20210301-21:50:11-11318,attr,Aerocom.aircraft[0].dataLink[5],actualCapacity:mean,source,computeActualCapacity,
Exponential-capacity-3280-20210301-21:50:11-11318,scalar,Aerocom.aircraft[0].dataLink[6],sentPackets:count,,,1297
Exponential-capacity-3280-20210301-21:50:11-11318,attr,Aerocom.aircraft[0].dataLink[6],sentPackets:count,source,computeSentPackets,
Exponential-capacity-3280-20210301-21:50:11-11318,scalar,Aerocom.aircraft[0].dataLink[6],actualCapacity:mean,,,9430.6814457831
Exponential-capacity-3280-20210301-21:50:11-11318,attr,Aerocom.aircraft[0].dataLink[6],actualCapacity:mean,,,
Exponential-capacity-3280-20210301-21:50:11-11318,attr,Aerocom.aircraft[0].dataLink[6],actualCapacity:mean,source,computeActualCapacity,
Exponential-capacity-3280-20210301-21:50:11-11318,scalar,Aerocom.aircraft[0].dataLink[7],sentPackets:count,,,1226
Exponential-capacity-3280-20210301-21:50:11-11318,attr,Aerocom.aircraft[0].dataLink[7],sentPackets:count,source,computeSentPackets,
Exponential-capacity-3280-20210301-21:50:11-11318,scalar,Aerocom.aircraft[0].dataLink[7],actualCapacity:mean,,,9410.7947184853
Exponential-capacity-3280-20210301-21:50:11-11318,attr,Aerocom.aircraft[0].dataLink[7],actualCapacity:mean,,,
Exponential-capacity-3280-20210301-21:50:11-11318,attr,Aerocom.aircraft[0].dataLink[7],actualCapacity:mean,source,computeActualCapacity,
Exponential-capacity-3280-20210301-21:50:11-11318,scalar,Aerocom.aircraft[0].dataLink[8],sentPackets:count,,,1930
Exponential-capacity-3280-20210301-21:50:11-11318,attr,Aerocom.aircraft[0].dataLink[8],sentPackets:count,source,computeSentPackets,
Exponential-capacity-3280-20210301-21:50:11-11318,scalar,Aerocom.aircraft[0].dataLink[8],actualCapacity:mean,,,9584.2591362126
Exponential-capacity-3280-20210301-21:50:11-11318,attr,Aerocom.aircraft[0].dataLink[8],actualCapacity:mean,,,
Exponential-capacity-3280-20210301-21:50:11-11318,attr,Aerocom.aircraft[0].dataLink[8],actualCapacity:mean,source,computeActualCapacity,
Exponential-capacity-3280-20210301-21:50:11-11318,scalar,Aerocom.aircraft[0].dataLink[9],sentPackets:count,,,1003
Exponential-capacity-3280-20210301-21:50:11-11318,attr,Aerocom.aircraft[0].dataLink[9],sentPackets:count,source,computeSentPackets,
Exponential-capacity-3280-20210301-21:50:11-11318,scalar,Aerocom.aircraft[0].dataLink[9],actualCapacity:mean,,,9440.738028169
Exponential-capacity-3280-20210301-21:50:11-11318,attr,Aerocom.aircraft[0].dataLink[9],actualCapacity:mean,,,
Exponential-capacity-3280-20210301-21:50:11-11318,attr,Aerocom.aircraft[0].dataLink[9],actualCapacity:mean,source,computeActualCapacity,
Exponential-capacity-3280-20210301-21:50:11-11318,scalar,Aerocom.aircraft[0].dataLink[10],sentPackets:count,,,1166
Exponential-capacity-3280-20210301-21:50:11-11318,attr,Aerocom.aircraft[0].dataLink[10],sentPackets:count,source,computeSentPackets,
Exponential-capacity-3280-20210301-21:50:11-11318,scalar,Aerocom.aircraft[0].dataLink[10],actualCapacity:mean,,,9443.2696053306
Exponential-capacity-3280-20210301-21:50:11-11318,attr,Aerocom.aircraft[0].dataLink[10],actualCapacity:mean,,,
Exponential-capacity-3280-20210301-21:50:11-11318,attr,Aerocom.aircraft[0].dataLink[10],actualCapacity:mean,source,computeActualCapacity,
Exponential-capacity-3280-20210301-21:50:11-11318,scalar,Aerocom.aircraft[0].dataLink[11],sentPackets:count,,,784
Exponential-capacity-3280-20210301-21:50:11-11318,attr,Aerocom.aircraft[0].dataLink[11],sentPackets:count,source,computeSentPackets,
Exponential-capacity-3280-20210301-21:50:11-11318,scalar,Aerocom.aircraft[0].dataLink[11],actualCapacity:mean,,,9337.3324856961
Exponential-capacity-3280-20210301-21:50:11-11318,attr,Aerocom.aircraft[0].dataLink[11],actualCapacity:mean,,,
Exponential-capacity-3280-20210301-21:50:11-11318,attr,Aerocom.aircraft[0].dataLink[11],actualCapacity:mean,source,computeActualCapacity,
Exponential-capacity-3280-20210301-21:50:11-11318,scalar,Aerocom.aircraft[0].dataLink[12],sentPackets:count,,,918
Exponential-capacity-3280-20210301-21:50:11-11318,attr,Aerocom.aircraft[0].dataLink[12],sentPackets:count,source,computeSentPackets,
Exponential-capacity-3280-20210301-21:50:11-11318,scalar,Aerocom.aircraft[0].dataLink[12],actualCapacity:mean,,,9421.3936545241
Exponential-capacity-3280-20210301-21:50:11-11318,attr,Aerocom.aircraft[0].dataLink[12],actualCapacity:mean,,,
Exponential-capacity-3280-20210301-21:50:11-11318,attr,Aerocom.aircraft[0].dataLink[12],actualCapacity:mean,source,computeActualCapacity,
Exponential-capacity-3280-20210301-21:50:11-11318,scalar,Aerocom.aircraft[0].dataLink[13],sentPackets:count,,,1682
Exponential-capacity-3280-20210301-21:50:11-11318,attr,Aerocom.aircraft[0].dataLink[13],sentPackets:count,source,computeSentPackets,
Exponential-capacity-3280-20210301-21:50:11-11318,scalar,Aerocom.aircraft[0].dataLink[13],actualCapacity:mean,,,9502.9508729192
Exponential-capacity-3280-20210301-21:50:11-11318,attr,Aerocom.aircraft[0].dataLink[13],actualCapacity:mean,,,
Exponential-capacity-3280-20210301-21:50:11-11318,attr,Aerocom.aircraft[0].dataLink[13],actualCapacity:mean,source,computeActualCapacity,
Exponential-capacity-3280-20210301-21:50:11-11318,scalar,Aerocom.aircraft[0].dataLink[14],sentPackets:count,,,1459
Exponential-capacity-3280-20210301-21:50:11-11318,attr,Aerocom.aircraft[0].dataLink[14],sentPackets:count,source,computeSentPackets,
Exponential-capacity-3280-20210301-21:50:11-11318,scalar,Aerocom.aircraft[0].dataLink[14],actualCapacity:mean,,,9510.6709706144
Exponential-capacity-3280-20210301-21:50:11-11318,attr,Aerocom.aircraft[0].dataLink[14],actualCapacity:mean,,,
Exponential-capacity-3280-20210301-21:50:11-11318,attr,Aerocom.aircraft[0].dataLink[14],actualCapacity:mean,source,computeActualCapacity,
Exponential-capacity-3280-20210301-21:50:11-11318,scalar,Aerocom.aircraft[0].dataLink[15],sentPackets:count,,,1379
Exponential-capacity-3280-20210301-21:50:11-11318,attr,Aerocom.aircraft[0].dataLink[15],sentPackets:count,source,computeSentPackets,
Exponential-capacity-3280-20210301-21:50:11-11318,scalar,Aerocom.aircraft[0].dataLink[15],actualCapacity:mean,,,9506.5044001853
Exponential-capacity-3280-20210301-21:50:11-11318,attr,Aerocom.aircraft[0].dataLink[15],actualCapacity:mean,,,
Exponential-capacity-3280-20210301-21:50:11-11318,attr,Aerocom.aircraft[0].dataLink[15],actualCapacity:mean,source,computeActualCapacity,
Exponential-capacity-3280-20210301-21:50:11-11318,scalar,Aerocom.controlTower,receivedPackets:count,,,19551
Exponential-capacity-3280-20210301-21:50:11-11318,attr,Aerocom.controlTower,receivedPackets:count,source,computeReceivedPackets,
Exponential-capacity-3281-20210301-21:50:11-11318,scalar,Aerocom.aircraft[0].linkSelector,responseTime:mean,,,0.51301086459968
Exponential-capacity-3281-20210301-21:50:11-11318,attr,Aerocom.aircraft[0].linkSelector,responseTime:mean,,,
Exponential-capacity-3281-20210301-21:50:11-11318,attr,Aerocom.aircraft[0].linkSelector,responseTime:mean,source,computeResponseTime,
Exponential-capacity-3281-20210301-21:50:11-11318,scalar,Aerocom.aircraft[0].linkSelector,meanMalus:sum,,,11034
Exponential-capacity-3281-20210301-21:50:11-11318,attr,Aerocom.aircraft[0].linkSelector,meanMalus:sum,,,
Exponential-capacity-3281-20210301-21:50:11-11318,attr,Aerocom.aircraft[0].linkSelector,meanMalus:sum,source,computeMeanMalus,
Exponential-capacity-3281-20210301-21:50:11-11318,scalar,Aerocom.aircraft[0].linkSelector,waitingTime:mean,,,0.50576874770356
Exponential-capacity-3281-20210301-21:50:11-11318,attr,Aerocom.aircraft[0].linkSelector,waitingTime:mean,,,
Exponential-capacity-3281-20210301-21:50:11-11318,attr,Aerocom.aircraft[0].linkSelector,waitingTime:mean,source,computeWaitingTime,
Exponential-capacity-3281-20210301-21:50:11-11318,scalar,Aerocom.aircraft[0].linkSelector,serviceTime:mean,,,0.0071907811430328
Exponential-capacity-3281-20210301-21:50:11-11318,attr,Aerocom.aircraft[0].linkSelector,serviceTime:mean,,,
Exponential-capacity-3281-20210301-21:50:11-11318,attr,Aerocom.aircraft[0].linkSelector,serviceTime:mean,source,computeServiceTime,
Exponential-capacity-3281-20210301-21:50:11-11318,scalar,Aerocom.aircraft[0].linkSelector,queueLength:mean,,,25.553286599614
Exponential-capacity-3281-20210301-21:50:11-11318,attr,Aerocom.aircraft[0].linkSelector,queueLength:mean,,,
Exponential-capacity-3281-20210301-21:50:11-11318,attr,Aerocom.aircraft[0].linkSelector,queueLength:mean,source,computeQueueLength,
Exponential-capacity-3281-20210301-21:50:11-11318,scalar,Aerocom.aircraft[0].dataLink[0],sentPackets:count,,,1859
Exponential-capacity-3281-20210301-21:50:11-11318,attr,Aerocom.aircraft[0].dataLink[0],sentPackets:count,source,computeSentPackets,
Exponential-capacity-3281-20210301-21:50:11-11318,scalar,Aerocom.aircraft[0].dataLink[0],actualCapacity:mean,,,9526.8432637571
Exponential-capacity-3281-20210301-21:50:11-11318,attr,Aerocom.aircraft[0].dataLink[0],actualCapacity:mean,,,
Exponential-capacity-3281-20210301-21:50:11-11318,attr,Aerocom.aircraft[0].dataLink[0],actualCapacity:mean,source,computeActualCapacity,
Exponential-capacity-3281-20210301-21:50:11-11318,scalar,Aerocom.aircraft[0].dataLink[1],sentPackets:count,,,1049
Exponential-capacity-3281-20210301-21:50:11-11318,attr,Aerocom.aircraft[0].dataLink[1],sentPackets:count,source,computeSentPackets,
Exponential-capacity-3281-20210301-21:50:11-11318,scalar,Aerocom.aircraft[0].dataLink[1],actualCapacity:mean,,,9439.0634573304
Exponential-capacity-3281-20210301-21:50:11-11318,attr,Aerocom.aircraft[0].dataLink[1],actualCapacity:mean,,,
Exponential-capacity-3281-20210301-21:50:11-11318,attr,Aerocom.aircraft[0].dataLink[1],actualCapacity:mean,source,computeActualCapacity,
Exponential-capacity-3281-20210301-21:50:11-11318,scalar,Aerocom.aircraft[0].dataLink[2],sentPackets:count,,,979
Exponential-capacity-3281-20210301-21:50:11-11318,attr,Aerocom.aircraft[0].dataLink[2],sentPackets:count,source,computeSentPackets,
Exponential-capacity-3281-20210301-21:50:11-11318,scalar,Aerocom.aircraft[0].dataLink[2],actualCapacity:mean,,,9356.389994315
Exponential-capacity-3281-20210301-21:50:11-11318,attr,Aerocom.aircraft[0].dataLink[2],actualCapacity:mean,,,
Exponential-capacity-3281-20210301-21:50:11-11318,attr,Aerocom.aircraft[0].dataLink[2],actualCapacity:mean,source,computeActualCapacity,
Exponential-capacity-3281-20210301-21:50:11-11318,scalar,Aerocom.aircraft[0].dataLink[3],sentPackets:count,,,2594
Exponential-capacity-3281-20210301-21:50:11-11318,attr,Aerocom.aircraft[0].dataLink[3],sentPackets:count,source,computeSentPackets,
Exponential-capacity-3281-20210301-21:50:11-11318,scalar,Aerocom.aircraft[0].dataLink[3],actualCapacity:mean,,,9639.9792284866
Exponential-capacity-3281-20210301-21:50:11-11318,attr,Aerocom.aircraft[0].dataLink[3],actualCapacity:mean,,,
Exponential-capacity-3281-20210301-21:50:11-11318,attr,Aerocom.aircraft[0].dataLink[3],actualCapacity:mean,source,computeActualCapacity,
Exponential-capacity-3281-20210301-21:50:11-11318,scalar,Aerocom.aircraft[0].dataLink[4],sentPackets:count,,,880
Exponential-capacity-3281-20210301-21:50:11-11318,attr,Aerocom.aircraft[0].dataLink[4],sentPackets:count,source,computeSentPackets,
Exponential-capacity-3281-20210301-21:50:11-11318,scalar,Aerocom.aircraft[0].dataLink[4],actualCapacity:mean,,,9325.5641952984
Exponential-capacity-3281-20210301-21:50:11-11318,attr,Aerocom.aircraft[0].dataLink[4],actualCapacity:mean,,,
Exponential-capacity-3281-20210301-21:50:11-11318,attr,Aerocom.aircraft[0].dataLink[4],actualCapacity:mean,source,computeActualCapacity,
Exponential-capacity-3281-20210301-21:50:11-11318,scalar,Aerocom.aircraft[0].dataLink[5],sentPackets:count,,,559
Exponential-capacity-3281-20210301-21:50:11-11318,attr,Aerocom.aircraft[0].dataLink[5],sentPackets:count,source,computeSentPackets,
Exponential-capacity-3281-20210301-21:50:11-11318,scalar,Aerocom.aircraft[0].dataLink[5],actualCapacity:mean,,,9233.6502609993
Exponential-capacity-3281-20210301-21:50:11-11318,attr,Aerocom.aircraft[0].dataLink[5],actualCapacity:mean,,,
Exponential-capacity-3281-20210301-21:50:11-11318,attr,Aerocom.aircraft[0].dataLink[5],actualCapacity:mean,source,computeActualCapacity,
Exponential-capacity-3281-20210301-21:50:11-11318,scalar,Aerocom.aircraft[0].dataLink[6],sentPackets:count,,,1079
Exponential-capacity-3281-20210301-21:50:11-11318,attr,Aerocom.aircraft[0].dataLink[6],sentPackets:count,source,computeSentPackets,
Exponential-capacity-3281-20210301-21:50:11-11318,scalar,Aerocom.aircraft[0].dataLink[6],actualCapacity:mean,,,9383.3168900804
Exponential-capacity-3281-20210301-21:50:11-11318,attr,Aerocom.aircraft[0].dataLink[6],actualCapacity:mean,,,
Exponential-capacity-3281-20210301-21:50:11-11318,attr,Aerocom.aircraft[0].dataLink[6],actualCapacity:mean,source,computeActualCapacity,
Exponential-capacity-3281-20210301-21:50:11-11318,scalar,Aerocom.aircraft[0].dataLink[7],sentPackets:count,,,1721
Exponential-capacity-3281-20210301-21:50:11-11318,attr,Aerocom.aircraft[0].dataLink[7],sentPackets:count,source,computeSentPackets,
Exponential-capacity-3281-20210301-21:50:11-11318,scalar,Aerocom.aircraft[0].dataLink[7],actualCapacity:mean,,,9515.4567556796
Exponential-capacity-3281-20210301-21:50:11-11318,attr,Aerocom.aircraft[0].dataLink[7],actualCapacity:mean,,,
Exponential-capacity-3281-20210301-21:50:11-11318,attr,Aerocom.aircraft[0].dataLink[7],actualCapacity:mean,source,computeActualCapacity,
Exponential-capacity-3281-20210301-21:50:11-11318,scalar,Aerocom.aircraft[0].dataLink[8],sentPackets:count,,,901
Exponential-capacity-3281-20210301-21:50:11-11318,attr,Aerocom.aircraft[0].dataLink[8],sentPackets:count,source,computeSentPackets,
Exponential-capacity-3281-20210301-21:50:11-11318,scalar,Aerocom.aircraft[0].dataLink[8],actualCapacity:mean,,,9366.3007117438
Exponential-capacity-3281-20210301-21:50:11-11318,attr,Aerocom.aircraft[0].dataLink[8],actualCapacity:mean,,,
Exponential-capacity-3281-20210301-21:50:11-11318,attr,Aerocom.aircraft[0].dataLink[8],actualCapacity:mean,source,computeActualCapacity,
Exponential-capacity-3281-20210301-21:50:11-11318,scalar,Aerocom.aircraft[0].dataLink[9],sentPackets:count,,,1263
Exponential-capacity-3281-20210301-21:50:11-11318,attr,Aerocom.aircraft[0].dataLink[9],sentPackets:count,source,computeSentPackets,
Exponential-capacity-3281-20210301-21:50:11-11318,scalar,Aerocom.aircraft[0].dataLink[9],actualCapacity:mean,,,9494.5056234719
Exponential-capacity-3281-20210301-21:50:11-11318,attr,Aerocom.aircraft[0].dataLink[9],actualCapacity:mean,,,
Exponential-capacity-3281-20210301-21:50:11-11318,attr,Aerocom.aircraft[0].dataLink[9],actualCapacity:mean,source,computeActualCapacity,
Exponential-capacity-3281-20210301-21:50:11-11318,scalar,Aerocom.aircraft[0].dataLink[10],sentPackets:count,,,1464
Exponential-capacity-3281-20210301-21:50:11-11318,attr,Aerocom.aircraft[0].dataLink[10],sentPackets:count,source,computeSentPackets,
Exponential-capacity-3281-20210301-21:50:11-11318,scalar,Aerocom.aircraft[0].dataLink[10],actualCapacity:mean,,,9481.9346666667
Exponential-capacity-3281-20210301-21:50:11-11318,attr,Aerocom.aircraft[0].dataLink[10],actualCapacity:mean,,,
Exponential-capacity-3281-20210301-21:50:11-11318,attr,Aerocom.aircraft[0].dataLink[10],actualCapacity:mean,source,computeActualCapacity,
Exponential-capacity-3281-20210301-21:50:11-11318,scalar,Aerocom.aircraft[0].dataLink[11],sentPackets:count,,,1101
Exponential-capacity-3281-20210301-21:50:11-11318,attr,Aerocom.aircraft[0].dataLink[11],sentPackets:count,source,computeSentPackets,
Exponential-capacity-3281-20210301-21:50:11-11318,scalar,Aerocom.aircraft[0].dataLink[11],actualCapacity:mean,,,9434.2517259692
Exponential-capacity-3281-20210301-21:50:11-11318,attr,Aerocom.aircraft[0].dataLink[11],actualCapacity:mean,,,
Exponential-capacity-3281-20210301-21:50:11-11318,attr,Aerocom.aircraft[0].dataLink[11],actualCapacity:mean,source,computeActualCapacity,
Exponential-capacity-3281-20210301-21:50:11-11318,scalar,Aerocom.aircraft[0].dataLink[12],sentPackets:count,,,780
Exponential-capacity-3281-20210301-21:50:11-11318,attr,Aerocom.aircraft[0].dataLink[12],sentPackets:count,source,computeSentPackets,
Exponential-capacity-3281-20210301-21:50:11-11318,scalar,Aerocom.aircraft[0].dataLink[12],actualCapacity:mean,,,9333.3807073955
Exponential-capacity-3281-20210301-21:50:11-11318,attr,Aerocom.aircraft[0].dataLink[12],actualCapacity:mean,,,
Exponential-capacity-3281-20210301-21:50:11-11318,attr,Aerocom.aircraft[0].dataLink[12],actualCapacity:mean,source,computeActualCapacity,
Exponential-capacity-3281-20210301-21:50:11-11318,scalar,Aerocom.aircraft[0].dataLink[13],sentPackets:count,,,671
Exponential-capacity-3281-20210301-21:50:11-11318,attr,Aerocom.aircraft[0].dataLink[13],sentPackets:count,source,computeSentPackets,
Exponential-capacity-3281-20210301-21:50:11-11318,scalar,Aerocom.aircraft[0].dataLink[13],actualCapacity:mean,,,9295.0185822436
Exponential-capacity-3281-20210301-21:50:11-11318,attr,Aerocom.aircraft[0].dataLink[13],actualCapacity:mean,,,
Exponential-capacity-3281-20210301-21:50:11-11318,attr,Aerocom.aircraft[0].dataLink[13],actualCapacity:mean,source,computeActualCapacity,
Exponential-capacity-3281-20210301-21:50:11-11318,scalar,Aerocom.aircraft[0].dataLink[14],sentPackets:count,,,873
Exponential-capacity-3281-20210301-21:50:11-11318,attr,Aerocom.aircraft[0].dataLink[14],sentPackets:count,source,computeSentPackets,
Exponential-capacity-3281-20210301-21:50:11-11318,scalar,Aerocom.aircraft[0].dataLink[14],actualCapacity:mean,,,9321.799879081
Exponential-capacity-3281-20210301-21:50:11-11318,attr,Aerocom.aircraft[0].dataLink[14],actualCapacity:mean,,,
Exponential-capacity-3281-20210301-21:50:11-11318,attr,Aerocom.aircraft[0].dataLink[14],actualCapacity:mean,source,computeActualCapacity,
Exponential-capacity-3281-20210301-21:50:11-11318,scalar,Aerocom.aircraft[0].dataLink[15],sentPackets:count,,,1911
Exponential-capacity-3281-20210301-21:50:11-11318,attr,Aerocom.aircraft[0].dataLink[15],sentPackets:count,source,computeSentPackets,
Exponential-capacity-3281-20210301-21:50:11-11318,scalar,Aerocom.aircraft[0].dataLink[15],actualCapacity:mean,,,9524.7167286245
Exponential-capacity-3281-20210301-21:50:11-11318,attr,Aerocom.aircraft[0].dataLink[15],actualCapacity:mean,,,
Exponential-capacity-3281-20210301-21:50:11-11318,attr,Aerocom.aircraft[0].dataLink[15],actualCapacity:mean,source,computeActualCapacity,
Exponential-capacity-3281-20210301-21:50:11-11318,scalar,Aerocom.controlTower,receivedPackets:count,,,19684
Exponential-capacity-3281-20210301-21:50:11-11318,attr,Aerocom.controlTower,receivedPackets:count,source,computeReceivedPackets,
Exponential-capacity-3282-20210301-21:50:11-11318,scalar,Aerocom.aircraft[0].linkSelector,responseTime:mean,,,0.59624273969278
Exponential-capacity-3282-20210301-21:50:11-11318,attr,Aerocom.aircraft[0].linkSelector,responseTime:mean,,,
Exponential-capacity-3282-20210301-21:50:11-11318,attr,Aerocom.aircraft[0].linkSelector,responseTime:mean,source,computeResponseTime,
Exponential-capacity-3282-20210301-21:50:11-11318,scalar,Aerocom.aircraft[0].linkSelector,meanMalus:sum,,,14386
Exponential-capacity-3282-20210301-21:50:11-11318,attr,Aerocom.aircraft[0].linkSelector,meanMalus:sum,,,
Exponential-capacity-3282-20210301-21:50:11-11318,attr,Aerocom.aircraft[0].linkSelector,meanMalus:sum,source,computeMeanMalus,
Exponential-capacity-3282-20210301-21:50:11-11318,scalar,Aerocom.aircraft[0].linkSelector,waitingTime:mean,,,0.58906818181307
Exponential-capacity-3282-20210301-21:50:11-11318,attr,Aerocom.aircraft[0].linkSelector,waitingTime:mean,,,
Exponential-capacity-3282-20210301-21:50:11-11318,attr,Aerocom.aircraft[0].linkSelector,waitingTime:mean,source,computeWaitingTime,
Exponential-capacity-3282-20210301-21:50:11-11318,scalar,Aerocom.aircraft[0].linkSelector,serviceTime:mean,,,0.0072187004978303
Exponential-capacity-3282-20210301-21:50:11-11318,attr,Aerocom.aircraft[0].linkSelector,serviceTime:mean,,,
Exponential-capacity-3282-20210301-21:50:11-11318,attr,Aerocom.aircraft[0].linkSelector,serviceTime:mean,source,computeServiceTime,
Exponential-capacity-3282-20210301-21:50:11-11318,scalar,Aerocom.aircraft[0].linkSelector,queueLength:mean,,,29.621277029784
Exponential-capacity-3282-20210301-21:50:11-11318,attr,Aerocom.aircraft[0].linkSelector,queueLength:mean,,,
Exponential-capacity-3282-20210301-21:50:11-11318,attr,Aerocom.aircraft[0].linkSelector,queueLength:mean,source,computeQueueLength,
Exponential-capacity-3282-20210301-21:50:11-11318,scalar,Aerocom.aircraft[0].dataLink[0],sentPackets:count,,,573
Exponential-capacity-3282-20210301-21:50:11-11318,attr,Aerocom.aircraft[0].dataLink[0],sentPackets:count,source,computeSentPackets,
Exponential-capacity-3282-20210301-21:50:11-11318,scalar,Aerocom.aircraft[0].dataLink[0],actualCapacity:mean,,,9169.5029498525
Exponential-capacity-3282-20210301-21:50:11-11318,attr,Aerocom.aircraft[0].dataLink[0],actualCapacity:mean,,,
Exponential-capacity-3282-20210301-21:50:11-11318,attr,Aerocom.aircraft[0].dataLink[0],actualCapacity:mean,source,computeActualCapacity,
Exponential-capacity-3282-20210301-21:50:11-11318,scalar,Aerocom.aircraft[0].dataLink[1],sentPackets:count,,,1249
Exponential-capacity-3282-20210301-21:50:11-11318,attr,Aerocom.aircraft[0].dataLink[1],sentPackets:count,source,computeSentPackets,
Exponential-capacity-3282-20210301-21:50:11-11318,scalar,Aerocom.aircraft[0].dataLink[1],actualCapacity:mean,,,9466.6193293886
Exponential-capacity-3282-20210301-21:50:11-11318,attr,Aerocom.aircraft[0].dataLink[1],actualCapacity:mean,,,
Exponential-capacity-3282-20210301-21:50:11-11318,attr,Aerocom.aircraft[0].dataLink[1],actualCapacity:mean,source,computeActualCapacity,
Exponential-capacity-3282-20210301-21:50:11-11318,scalar,Aerocom.aircraft[0].dataLink[2],sentPackets:count,,,1364
Exponential-capacity-3282-20210301-21:50:11-11318,attr,Aerocom.aircraft[0].dataLink[2],sentPackets:count,source,computeSentPackets,
Exponential-capacity-3282-20210301-21:50:11-11318,scalar,Aerocom.aircraft[0].dataLink[2],actualCapacity:mean,,,9413.897065673
Exponential-capacity-3282-20210301-21:50:11-11318,attr,Aerocom.aircraft[0].dataLink[2],actualCapacity:mean,,,
Exponential-capacity-3282-20210301-21:50:11-11318,attr,Aerocom.aircraft[0].dataLink[2],actualCapacity:mean,source,computeActualCapacity,
Exponential-capacity-3282-20210301-21:50:11-11318,scalar,Aerocom.aircraft[0].dataLink[3],sentPackets:count,,,1083
Exponential-capacity-3282-20210301-21:50:11-11318,attr,Aerocom.aircraft[0].dataLink[3],sentPackets:count,source,computeSentPackets,
Exponential-capacity-3282-20210301-21:50:11-11318,scalar,Aerocom.aircraft[0].dataLink[3],actualCapacity:mean,,,9383.4436090226
Exponential-capacity-3282-20210301-21:50:11-11318,attr,Aerocom.aircraft[0].dataLink[3],actualCapacity:mean,,,
Exponential-capacity-3282-20210301-21:50:11-11318,attr,Aerocom.aircraft[0].dataLink[3],actualCapacity:mean,source,computeActualCapacity,
Exponential-capacity-3282-20210301-21:50:11-11318,scalar,Aerocom.aircraft[0].dataLink[4],sentPackets:count,,,474
Exponential-capacity-3282-20210301-21:50:11-11318,attr,Aerocom.aircraft[0].dataLink[4],sentPackets:count,source,computeSentPackets,
Exponential-capacity-3282-20210301-21:50:11-11318,scalar,Aerocom.aircraft[0].dataLink[4],actualCapacity:mean,,,9233.9195859873
Exponential-capacity-3282-20210301-21:50:11-11318,attr,Aerocom.aircraft[0].dataLink[4],actualCapacity:mean,,,
Exponential-capacity-3282-20210301-21:50:11-11318,attr,Aerocom.aircraft[0].dataLink[4],actualCapacity:mean,source,computeActualCapacity,
Exponential-capacity-3282-20210301-21:50:11-11318,scalar,Aerocom.aircraft[0].dataLink[5],sentPackets:count,,,643
Exponential-capacity-3282-20210301-21:50:11-11318,attr,Aerocom.aircraft[0].dataLink[5],sentPackets:count,source,computeSentPackets,
Exponential-capacity-3282-20210301-21:50:11-11318,scalar,Aerocom.aircraft[0].dataLink[5],actualCapacity:mean,,,9280.0183098592
Exponential-capacity-3282-20210301-21:50:11-11318,attr,Aerocom.aircraft[0].dataLink[5],actualCapacity:mean,,,
Exponential-capacity-3282-20210301-21:50:11-11318,attr,Aerocom.aircraft[0].dataLink[5],actualCapacity:mean,source,computeActualCapacity,
Exponential-capacity-3282-20210301-21:50:11-11318,scalar,Aerocom.aircraft[0].dataLink[6],sentPackets:count,,,1738
Exponential-capacity-3282-20210301-21:50:11-11318,attr,Aerocom.aircraft[0].dataLink[6],sentPackets:count,source,computeSentPackets,
Exponential-capacity-3282-20210301-21:50:11-11318,scalar,Aerocom.aircraft[0].dataLink[6],actualCapacity:mean,,,9506.9435387674
Exponential-capacity-3282-20210301-21:50:11-11318,attr,Aerocom.aircraft[0].dataLink[6],actualCapacity:mean,,,
Exponential-capacity-3282-20210301-21:50:11-11318,attr,Aerocom.aircraft[0].dataLink[6],actualCapacity:mean,source,computeActualCapacity,
Exponential-capacity-3282-20210301-21:50:11-11318,scalar,Aerocom.aircraft[0].dataLink[7],sentPackets:count,,,1362
Exponential-capacity-3282-20210301-21:50:11-11318,attr,Aerocom.aircraft[0].dataLink[7],sentPackets:count,source,computeSentPackets,
Exponential-capacity-3282-20210301-21:50:11-11318,scalar,Aerocom.aircraft[0].dataLink[7],actualCapacity:mean,,,9412.9771774569
Exponential-capacity-3282-20210301-21:50:11-11318,attr,Aerocom.aircraft[0].dataLink[7],actualCapacity:mean,,,
Exponential-capacity-3282-20210301-21:50:11-11318,attr,Aerocom.aircraft[0].dataLink[7],actualCapacity:mean,source,computeActualCapacity,
Exponential-capacity-3282-20210301-21:50:11-11318,scalar,Aerocom.aircraft[0].dataLink[8],sentPackets:count,,,1096
Exponential-capacity-3282-20210301-21:50:11-11318,attr,Aerocom.aircraft[0].dataLink[8],sentPackets:count,source,computeSentPackets,
Exponential-capacity-3282-20210301-21:50:11-11318,scalar,Aerocom.aircraft[0].dataLink[8],actualCapacity:mean,,,9392.1446876668
Exponential-capacity-3282-20210301-21:50:11-11318,attr,Aerocom.aircraft[0].dataLink[8],actualCapacity:mean,,,
Exponential-capacity-3282-20210301-21:50:11-11318,attr,Aerocom.aircraft[0].dataLink[8],actualCapacity:mean,source,computeActualCapacity,
Exponential-capacity-3282-20210301-21:50:11-11318,scalar,Aerocom.aircraft[0].dataLink[9],sentPackets:count,,,1473
Exponential-capacity-3282-20210301-21:50:11-11318,attr,Aerocom.aircraft[0].dataLink[9],sentPackets:count,source,computeSentPackets,
Exponential-capacity-3282-20210301-21:50:11-11318,scalar,Aerocom.aircraft[0].dataLink[9],actualCapacity:mean,,,9446.2711189739
Exponential-capacity-3282-20210301-21:50:11-11318,attr,Aerocom.aircraft[0].dataLink[9],actualCapacity:mean,,,
Exponential-capacity-3282-20210301-21:50:11-11318,attr,Aerocom.aircraft[0].dataLink[9],actualCapacity:mean,source,computeActualCapacity,
Exponential-capacity-3282-20210301-21:50:11-11318,scalar,Aerocom.aircraft[0].dataLink[10],sentPackets:count,,,610
Exponential-capacity-3282-20210301-21:50:11-11318,attr,Aerocom.aircraft[0].dataLink[10],sentPackets:count,source,computeSentPackets,
Exponential-capacity-3282-20210301-21:50:11-11318,scalar,Aerocom.aircraft[0].dataLink[10],actualCapacity:mean,,,9316.6548736462
Exponential-capacity-3282-20210301-21:50:11-11318,attr,Aerocom.aircraft[0].dataLink[10],actualCapacity:mean,,,
Exponential-capacity-3282-20210301-21:50:11-11318,attr,Aerocom.aircraft[0].dataLink[10],actualCapacity:mean,source,computeActualCapacity,
Exponential-capacity-3282-20210301-21:50:11-11318,scalar,Aerocom.aircraft[0].dataLink[11],sentPackets:count,,,1424
Exponential-capacity-3282-20210301-21:50:11-11318,attr,Aerocom.aircraft[0].dataLink[11],sentPackets:count,source,computeSentPackets,
Exponential-capacity-3282-20210301-21:50:11-11318,scalar,Aerocom.aircraft[0].dataLink[11],actualCapacity:mean,,,9493.0558329551
Exponential-capacity-3282-20210301-21:50:11-11318,attr,Aerocom.aircraft[0].dataLink[11],actualCapacity:mean,,,
Exponential-capacity-3282-20210301-21:50:11-11318,attr,Aerocom.aircraft[0].dataLink[11],actualCapacity:mean,source,computeActualCapacity,
Exponential-capacity-3282-20210301-21:50:11-11318,scalar,Aerocom.aircraft[0].dataLink[12],sentPackets:count,,,1659
Exponential-capacity-3282-20210301-21:50:11-11318,attr,Aerocom.aircraft[0].dataLink[12],sentPackets:count,source,computeSentPackets,
Exponential-capacity-3282-20210301-21:50:11-11318,scalar,Aerocom.aircraft[0].dataLink[12],actualCapacity:mean,,,9514.1316113161
Exponential-capacity-3282-20210301-21:50:11-11318,attr,Aerocom.aircraft[0].dataLink[12],actualCapacity:mean,,,
Exponential-capacity-3282-20210301-21:50:11-11318,attr,Aerocom.aircraft[0].dataLink[12],actualCapacity:mean,source,computeActualCapacity,
Exponential-capacity-3282-20210301-21:50:11-11318,scalar,Aerocom.aircraft[0].dataLink[13],sentPackets:count,,,982
Exponential-capacity-3282-20210301-21:50:11-11318,attr,Aerocom.aircraft[0].dataLink[13],sentPackets:count,source,computeSentPackets,
Exponential-capacity-3282-20210301-21:50:11-11318,scalar,Aerocom.aircraft[0].dataLink[13],actualCapacity:mean,,,9394.104131296
Exponential-capacity-3282-20210301-21:50:11-11318,attr,Aerocom.aircraft[0].dataLink[13],actualCapacity:mean,,,
Exponential-capacity-3282-20210301-21:50:11-11318,attr,Aerocom.aircraft[0].dataLink[13],actualCapacity:mean,source,computeActualCapacity,
Exponential-capacity-3282-20210301-21:50:11-11318,scalar,Aerocom.aircraft[0].dataLink[14],sentPackets:count,,,2340
Exponential-capacity-3282-20210301-21:50:11-11318,attr,Aerocom.aircraft[0].dataLink[14],sentPackets:count,source,computeSentPackets,
Exponential-capacity-3282-20210301-21:50:11-11318,scalar,Aerocom.aircraft[0].dataLink[14],actualCapacity:mean,,,9555.7860345932
Exponential-capacity-3282-20210301-21:50:11-11318,attr,Aerocom.aircraft[0].dataLink[14],actualCapacity:mean,,,
Exponential-capacity-3282-20210301-21:50:11-11318,attr,Aerocom.aircraft[0].dataLink[14],actualCapacity:mean,source,computeActualCapacity,
Exponential-capacity-3282-20210301-21:50:11-11318,scalar,Aerocom.aircraft[0].dataLink[15],sentPackets:count,,,1537
Exponential-capacity-3282-20210301-21:50:11-11318,attr,Aerocom.aircraft[0].dataLink[15],sentPackets:count,source,computeSentPackets,
Exponential-capacity-3282-20210301-21:50:11-11318,scalar,Aerocom.aircraft[0].dataLink[15],actualCapacity:mean,,,9470.3176926388
Exponential-capacity-3282-20210301-21:50:11-11318,attr,Aerocom.aircraft[0].dataLink[15],actualCapacity:mean,,,
Exponential-capacity-3282-20210301-21:50:11-11318,attr,Aerocom.aircraft[0].dataLink[15],actualCapacity:mean,source,computeActualCapacity,
Exponential-capacity-3282-20210301-21:50:11-11318,scalar,Aerocom.controlTower,receivedPackets:count,,,19607
Exponential-capacity-3282-20210301-21:50:11-11318,attr,Aerocom.controlTower,receivedPackets:count,source,computeReceivedPackets,
Exponential-capacity-3283-20210301-21:50:12-11318,scalar,Aerocom.aircraft[0].linkSelector,responseTime:mean,,,0.60089374876858
Exponential-capacity-3283-20210301-21:50:12-11318,attr,Aerocom.aircraft[0].linkSelector,responseTime:mean,,,
Exponential-capacity-3283-20210301-21:50:12-11318,attr,Aerocom.aircraft[0].linkSelector,responseTime:mean,source,computeResponseTime,
Exponential-capacity-3283-20210301-21:50:12-11318,scalar,Aerocom.aircraft[0].linkSelector,meanMalus:sum,,,14126
Exponential-capacity-3283-20210301-21:50:12-11318,attr,Aerocom.aircraft[0].linkSelector,meanMalus:sum,,,
Exponential-capacity-3283-20210301-21:50:12-11318,attr,Aerocom.aircraft[0].linkSelector,meanMalus:sum,source,computeMeanMalus,
Exponential-capacity-3283-20210301-21:50:12-11318,scalar,Aerocom.aircraft[0].linkSelector,waitingTime:mean,,,0.59372316492928
Exponential-capacity-3283-20210301-21:50:12-11318,attr,Aerocom.aircraft[0].linkSelector,waitingTime:mean,,,
Exponential-capacity-3283-20210301-21:50:12-11318,attr,Aerocom.aircraft[0].linkSelector,waitingTime:mean,source,computeWaitingTime,
Exponential-capacity-3283-20210301-21:50:12-11318,scalar,Aerocom.aircraft[0].linkSelector,serviceTime:mean,,,0.0071909076339297
Exponential-capacity-3283-20210301-21:50:12-11318,attr,Aerocom.aircraft[0].linkSelector,serviceTime:mean,,,
Exponential-capacity-3283-20210301-21:50:12-11318,attr,Aerocom.aircraft[0].linkSelector,serviceTime:mean,source,computeServiceTime,
Exponential-capacity-3283-20210301-21:50:12-11318,scalar,Aerocom.aircraft[0].linkSelector,queueLength:mean,,,29.343754836713
Exponential-capacity-3283-20210301-21:50:12-11318,attr,Aerocom.aircraft[0].linkSelector,queueLength:mean,,,
Exponential-capacity-3283-20210301-21:50:12-11318,attr,Aerocom.aircraft[0].linkSelector,queueLength:mean,source,computeQueueLength,
Exponential-capacity-3283-20210301-21:50:12-11318,scalar,Aerocom.aircraft[0].dataLink[0],sentPackets:count,,,1465
Exponential-capacity-3283-20210301-21:50:12-11318,attr,Aerocom.aircraft[0].dataLink[0],sentPackets:count,source,computeSentPackets,
Exponential-capacity-3283-20210301-21:50:12-11318,scalar,Aerocom.aircraft[0].dataLink[0],actualCapacity:mean,,,9476.2266251113
Exponential-capacity-3283-20210301-21:50:12-11318,attr,Aerocom.aircraft[0].dataLink[0],actualCapacity:mean,,,
Exponential-capacity-3283-20210301-21:50:12-11318,attr,Aerocom.aircraft[0].dataLink[0],actualCapacity:mean,source,computeActualCapacity,
Exponential-capacity-3283-20210301-21:50:12-11318,scalar,Aerocom.aircraft[0].dataLink[1],sentPackets:count,,,1658
Exponential-capacity-3283-20210301-21:50:12-11318,attr,Aerocom.aircraft[0].dataLink[1],sentPackets:count,source,computeSentPackets,
Exponential-capacity-3283-20210301-21:50:12-11318,scalar,Aerocom.aircraft[0].dataLink[1],actualCapacity:mean,,,9468.728876128
Exponential-capacity-3283-20210301-21:50:12-11318,attr,Aerocom.aircraft[0].dataLink[1],actualCapacity:mean,,,
Exponential-capacity-3283-20210301-21:50:12-11318,attr,Aerocom.aircraft[0].dataLink[1],actualCapacity:mean,source,computeActualCapacity,
Exponential-capacity-3283-20210301-21:50:12-11318,scalar,Aerocom.aircraft[0].dataLink[2],sentPackets:count,,,1349
Exponential-capacity-3283-20210301-21:50:12-11318,attr,Aerocom.aircraft[0].dataLink[2],sentPackets:count,source,computeSentPackets,
Exponential-capacity-3283-20210301-21:50:12-11318,scalar,Aerocom.aircraft[0].dataLink[2],actualCapacity:mean,,,9470.4458000939
Exponential-capacity-3283-20210301-21:50:12-11318,attr,Aerocom.aircraft[0].dataLink[2],actualCapacity:mean,,,
Exponential-capacity-3283-20210301-21:50:12-11318,attr,Aerocom.aircraft[0].dataLink[2],actualCapacity:mean,source,computeActualCapacity,
Exponential-capacity-3283-20210301-21:50:12-11318,scalar,Aerocom.aircraft[0].dataLink[3],sentPackets:count,,,1752
Exponential-capacity-3283-20210301-21:50:12-11318,attr,Aerocom.aircraft[0].dataLink[3],sentPackets:count,source,computeSentPackets,
Exponential-capacity-3283-20210301-21:50:12-11318,scalar,Aerocom.aircraft[0].dataLink[3],actualCapacity:mean,,,9550.7978723404
Exponential-capacity-3283-20210301-21:50:12-11318,attr,Aerocom.aircraft[0].dataLink[3],actualCapacity:mean,,,
Exponential-capacity-3283-20210301-21:50:12-11318,attr,Aerocom.aircraft[0].dataLink[3],actualCapacity:mean,source,computeActualCapacity,
Exponential-capacity-3283-20210301-21:50:12-11318,scalar,Aerocom.aircraft[0].dataLink[4],sentPackets:count,,,1138
Exponential-capacity-3283-20210301-21:50:12-11318,attr,Aerocom.aircraft[0].dataLink[4],sentPackets:count,source,computeSentPackets,
Exponential-capacity-3283-20210301-21:50:12-11318,scalar,Aerocom.aircraft[0].dataLink[4],actualCapacity:mean,,,9419.0077922078
Exponential-capacity-3283-20210301-21:50:12-11318,attr,Aerocom.aircraft[0].dataLink[4],actualCapacity:mean,,,
Exponential-capacity-3283-20210301-21:50:12-11318,attr,Aerocom.aircraft[0].dataLink[4],actualCapacity:mean,source,computeActualCapacity,
Exponential-capacity-3283-20210301-21:50:12-11318,scalar,Aerocom.aircraft[0].dataLink[5],sentPackets:count,,,953
Exponential-capacity-3283-20210301-21:50:12-11318,attr,Aerocom.aircraft[0].dataLink[5],sentPackets:count,source,computeSentPackets,
Exponential-capacity-3283-20210301-21:50:12-11318,scalar,Aerocom.aircraft[0].dataLink[5],actualCapacity:mean,,,9410.247113164
Exponential-capacity-3283-20210301-21:50:12-11318,attr,Aerocom.aircraft[0].dataLink[5],actualCapacity:mean,,,
Exponential-capacity-3283-20210301-21:50:12-11318,attr,Aerocom.aircraft[0].dataLink[5],actualCapacity:mean,source,computeActualCapacity,
Exponential-capacity-3283-20210301-21:50:12-11318,scalar,Aerocom.aircraft[0].dataLink[6],sentPackets:count,,,825
Exponential-capacity-3283-20210301-21:50:12-11318,attr,Aerocom.aircraft[0].dataLink[6],sentPackets:count,source,computeSentPackets,
Exponential-capacity-3283-20210301-21:50:12-11318,scalar,Aerocom.aircraft[0].dataLink[6],actualCapacity:mean,,,9341.7721598002
Exponential-capacity-3283-20210301-21:50:12-11318,attr,Aerocom.aircraft[0].dataLink[6],actualCapacity:mean,,,
Exponential-capacity-3283-20210301-21:50:12-11318,attr,Aerocom.aircraft[0].dataLink[6],actualCapacity:mean,source,computeActualCapacity,
Exponential-capacity-3283-20210301-21:50:12-11318,scalar,Aerocom.aircraft[0].dataLink[7],sentPackets:count,,,696
Exponential-capacity-3283-20210301-21:50:12-11318,attr,Aerocom.aircraft[0].dataLink[7],sentPackets:count,source,computeSentPackets,
Exponential-capacity-3283-20210301-21:50:12-11318,scalar,Aerocom.aircraft[0].dataLink[7],actualCapacity:mean,,,9346.9295870007
Exponential-capacity-3283-20210301-21:50:12-11318,attr,Aerocom.aircraft[0].dataLink[7],actualCapacity:mean,,,
Exponential-capacity-3283-20210301-21:50:12-11318,attr,Aerocom.aircraft[0].dataLink[7],actualCapacity:mean,source,computeActualCapacity,
Exponential-capacity-3283-20210301-21:50:12-11318,scalar,Aerocom.aircraft[0].dataLink[8],sentPackets:count,,,1348
Exponential-capacity-3283-20210301-21:50:12-11318,attr,Aerocom.aircraft[0].dataLink[8],sentPackets:count,source,computeSentPackets,
Exponential-capacity-3283-20210301-21:50:12-11318,scalar,Aerocom.aircraft[0].dataLink[8],actualCapacity:mean,,,9471.159208667
Exponential-capacity-3283-20210301-21:50:12-11318,attr,Aerocom.aircraft[0].dataLink[8],actualCapacity:mean,,,
Exponential-capacity-3283-20210301-21:50:12-11318,attr,Aerocom.aircraft[0].dataLink[8],actualCapacity:mean,source,computeActualCapacity,
Exponential-capacity-3283-20210301-21:50:12-11318,scalar,Aerocom.aircraft[0].dataLink[9],sentPackets:count,,,956
Exponential-capacity-3283-20210301-21:50:12-11318,attr,Aerocom.aircraft[0].dataLink[9],sentPackets:count,source,computeSentPackets,
Exponential-capacity-3283-20210301-21:50:12-11318,scalar,Aerocom.aircraft[0].dataLink[9],actualCapacity:mean,,,9409.9597238205
Exponential-capacity-3283-20210301-21:50:12-11318,attr,Aerocom.aircraft[0].dataLink[9],actualCapacity:mean,,,
Exponential-capacity-3283-20210301-21:50:12-11318,attr,Aerocom.aircraft[0].dataLink[9],actualCapacity:mean,source,computeActualCapacity,
Exponential-capacity-3283-20210301-21:50:12-11318,scalar,Aerocom.aircraft[0].dataLink[10],sentPackets:count,,,1291
Exponential-capacity-3283-20210301-21:50:12-11318,attr,Aerocom.aircraft[0].dataLink[10],sentPackets:count,source,computeSentPackets,
Exponential-capacity-3283-20210301-21:50:12-11318,scalar,Aerocom.aircraft[0].dataLink[10],actualCapacity:mean,,,9448.9135683245
Exponential-capacity-3283-20210301-21:50:12-11318,attr,Aerocom.aircraft[0].dataLink[10],actualCapacity:mean,,,
Exponential-capacity-3283-20210301-21:50:12-11318,attr,Aerocom.aircraft[0].dataLink[10],actualCapacity:mean,source,computeActualCapacity,
Exponential-capacity-3283-20210301-21:50:12-11318,scalar,Aerocom.aircraft[0].dataLink[11],sentPackets:count,,,1494
Exponential-capacity-3283-20210301-21:50:12-11318,attr,Aerocom.aircraft[0].dataLink[11],sentPackets:count,source,computeSentPackets,
Exponential-capacity-3283-20210301-21:50:12-11318,scalar,Aerocom.aircraft[0].dataLink[11],actualCapacity:mean,,,9489.166300044
Exponential-capacity-3283-20210301-21:50:12-11318,attr,Aerocom.aircraft[0].dataLink[11],actualCapacity:mean,,,
Exponential-capacity-3283-20210301-21:50:12-11318,attr,Aerocom.aircraft[0].dataLink[11],actualCapacity:mean,source,computeActualCapacity,
Exponential-capacity-3283-20210301-21:50:12-11318,scalar,Aerocom.aircraft[0].dataLink[12],sentPackets:count,,,753
Exponential-capacity-3283-20210301-21:50:12-11318,attr,Aerocom.aircraft[0].dataLink[12],sentPackets:count,source,computeSentPackets,
Exponential-capacity-3283-20210301-21:50:12-11318,scalar,Aerocom.aircraft[0].dataLink[12],actualCapacity:mean,,,9328.3196614583
Exponential-capacity-3283-20210301-21:50:12-11318,attr,Aerocom.aircraft[0].dataLink[12],actualCapacity:mean,,,
Exponential-capacity-3283-20210301-21:50:12-11318,attr,Aerocom.aircraft[0].dataLink[12],actualCapacity:mean,source,computeActualCapacity,
Exponential-capacity-3283-20210301-21:50:12-11318,scalar,Aerocom.aircraft[0].dataLink[13],sentPackets:count,,,1735
Exponential-capacity-3283-20210301-21:50:12-11318,attr,Aerocom.aircraft[0].dataLink[13],sentPackets:count,source,computeSentPackets,
Exponential-capacity-3283-20210301-21:50:12-11318,scalar,Aerocom.aircraft[0].dataLink[13],actualCapacity:mean,,,9552.9305831019
Exponential-capacity-3283-20210301-21:50:12-11318,attr,Aerocom.aircraft[0].dataLink[13],actualCapacity:mean,,,
Exponential-capacity-3283-20210301-21:50:12-11318,attr,Aerocom.aircraft[0].dataLink[13],actualCapacity:mean,source,computeActualCapacity,
Exponential-capacity-3283-20210301-21:50:12-11318,scalar,Aerocom.aircraft[0].dataLink[14],sentPackets:count,,,1349
Exponential-capacity-3283-20210301-21:50:12-11318,attr,Aerocom.aircraft[0].dataLink[14],sentPackets:count,source,computeSentPackets,
Exponential-capacity-3283-20210301-21:50:12-11318,scalar,Aerocom.aircraft[0].dataLink[14],actualCapacity:mean,,,9437.0140977444
Exponential-capacity-3283-20210301-21:50:12-11318,attr,Aerocom.aircraft[0].dataLink[14],actualCapacity:mean,,,
Exponential-capacity-3283-20210301-21:50:12-11318,attr,Aerocom.aircraft[0].dataLink[14],actualCapacity:mean,source,computeActualCapacity,
Exponential-capacity-3283-20210301-21:50:12-11318,scalar,Aerocom.aircraft[0].dataLink[15],sentPackets:count,,,620
Exponential-capacity-3283-20210301-21:50:12-11318,attr,Aerocom.aircraft[0].dataLink[15],sentPackets:count,source,computeSentPackets,
Exponential-capacity-3283-20210301-21:50:12-11318,scalar,Aerocom.aircraft[0].dataLink[15],actualCapacity:mean,,,9276.8771428571
Exponential-capacity-3283-20210301-21:50:12-11318,attr,Aerocom.aircraft[0].dataLink[15],actualCapacity:mean,,,
Exponential-capacity-3283-20210301-21:50:12-11318,attr,Aerocom.aircraft[0].dataLink[15],actualCapacity:mean,source,computeActualCapacity,
Exponential-capacity-3283-20210301-21:50:12-11318,scalar,Aerocom.controlTower,receivedPackets:count,,,19382
Exponential-capacity-3283-20210301-21:50:12-11318,attr,Aerocom.controlTower,receivedPackets:count,source,computeReceivedPackets,
Exponential-capacity-3284-20210301-21:50:12-11318,scalar,Aerocom.aircraft[0].linkSelector,responseTime:mean,,,0.53860114820946
Exponential-capacity-3284-20210301-21:50:12-11318,attr,Aerocom.aircraft[0].linkSelector,responseTime:mean,,,
Exponential-capacity-3284-20210301-21:50:12-11318,attr,Aerocom.aircraft[0].linkSelector,responseTime:mean,source,computeResponseTime,
Exponential-capacity-3284-20210301-21:50:12-11318,scalar,Aerocom.aircraft[0].linkSelector,meanMalus:sum,,,12232
Exponential-capacity-3284-20210301-21:50:12-11318,attr,Aerocom.aircraft[0].linkSelector,meanMalus:sum,,,
Exponential-capacity-3284-20210301-21:50:12-11318,attr,Aerocom.aircraft[0].linkSelector,meanMalus:sum,source,computeMeanMalus,
Exponential-capacity-3284-20210301-21:50:12-11318,scalar,Aerocom.aircraft[0].linkSelector,waitingTime:mean,,,0.53145365078019
Exponential-capacity-3284-20210301-21:50:12-11318,attr,Aerocom.aircraft[0].linkSelector,waitingTime:mean,,,
Exponential-capacity-3284-20210301-21:50:12-11318,attr,Aerocom.aircraft[0].linkSelector,waitingTime:mean,source,computeWaitingTime,
Exponential-capacity-3284-20210301-21:50:12-11318,scalar,Aerocom.aircraft[0].linkSelector,serviceTime:mean,,,0.0071942129543117
Exponential-capacity-3284-20210301-21:50:12-11318,attr,Aerocom.aircraft[0].linkSelector,serviceTime:mean,,,
Exponential-capacity-3284-20210301-21:50:12-11318,attr,Aerocom.aircraft[0].linkSelector,serviceTime:mean,source,computeServiceTime,
Exponential-capacity-3284-20210301-21:50:12-11318,scalar,Aerocom.aircraft[0].linkSelector,queueLength:mean,,,26.081279388209
Exponential-capacity-3284-20210301-21:50:12-11318,attr,Aerocom.aircraft[0].linkSelector,queueLength:mean,,,
Exponential-capacity-3284-20210301-21:50:12-11318,attr,Aerocom.aircraft[0].linkSelector,queueLength:mean,source,computeQueueLength,
Exponential-capacity-3284-20210301-21:50:12-11318,scalar,Aerocom.aircraft[0].dataLink[0],sentPackets:count,,,890
Exponential-capacity-3284-20210301-21:50:12-11318,attr,Aerocom.aircraft[0].dataLink[0],sentPackets:count,source,computeSentPackets,
Exponential-capacity-3284-20210301-21:50:12-11318,scalar,Aerocom.aircraft[0].dataLink[0],actualCapacity:mean,,,9330.1284513806
Exponential-capacity-3284-20210301-21:50:12-11318,attr,Aerocom.aircraft[0].dataLink[0],actualCapacity:mean,,,
Exponential-capacity-3284-20210301-21:50:12-11318,attr,Aerocom.aircraft[0].dataLink[0],actualCapacity:mean,source,computeActualCapacity,
Exponential-capacity-3284-20210301-21:50:12-11318,scalar,Aerocom.aircraft[0].dataLink[1],sentPackets:count,,,1010
Exponential-capacity-3284-20210301-21:50:12-11318,attr,Aerocom.aircraft[0].dataLink[1],sentPackets:count,source,computeSentPackets,
Exponential-capacity-3284-20210301-21:50:12-11318,scalar,Aerocom.aircraft[0].dataLink[1],actualCapacity:mean,,,9376.6964285714
Exponential-capacity-3284-20210301-21:50:12-11318,attr,Aerocom.aircraft[0].dataLink[1],actualCapacity:mean,,,
Exponential-capacity-3284-20210301-21:50:12-11318,attr,Aerocom.aircraft[0].dataLink[1],actualCapacity:mean,source,computeActualCapacity,
Exponential-capacity-3284-20210301-21:50:12-11318,scalar,Aerocom.aircraft[0].dataLink[2],sentPackets:count,,,1853
Exponential-capacity-3284-20210301-21:50:12-11318,attr,Aerocom.aircraft[0].dataLink[2],sentPackets:count,source,computeSentPackets,
Exponential-capacity-3284-20210301-21:50:12-11318,scalar,Aerocom.aircraft[0].dataLink[2],actualCapacity:mean,,,9568.1429657795
Exponential-capacity-3284-20210301-21:50:12-11318,attr,Aerocom.aircraft[0].dataLink[2],actualCapacity:mean,,,
Exponential-capacity-3284-20210301-21:50:12-11318,attr,Aerocom.aircraft[0].dataLink[2],actualCapacity:mean,source,computeActualCapacity,
Exponential-capacity-3284-20210301-21:50:12-11318,scalar,Aerocom.aircraft[0].dataLink[3],sentPackets:count,,,790
Exponential-capacity-3284-20210301-21:50:12-11318,attr,Aerocom.aircraft[0].dataLink[3],sentPackets:count,source,computeSentPackets,
Exponential-capacity-3284-20210301-21:50:12-11318,scalar,Aerocom.aircraft[0].dataLink[3],actualCapacity:mean,,,9338.7010178117
Exponential-capacity-3284-20210301-21:50:12-11318,attr,Aerocom.aircraft[0].dataLink[3],actualCapacity:mean,,,
Exponential-capacity-3284-20210301-21:50:12-11318,attr,Aerocom.aircraft[0].dataLink[3],actualCapacity:mean,source,computeActualCapacity,
Exponential-capacity-3284-20210301-21:50:12-11318,scalar,Aerocom.aircraft[0].dataLink[4],sentPackets:count,,,1196
Exponential-capacity-3284-20210301-21:50:12-11318,attr,Aerocom.aircraft[0].dataLink[4],sentPackets:count,source,computeSentPackets,
Exponential-capacity-3284-20210301-21:50:12-11318,scalar,Aerocom.aircraft[0].dataLink[4],actualCapacity:mean,,,9464.5670886076
Exponential-capacity-3284-20210301-21:50:12-11318,attr,Aerocom.aircraft[0].dataLink[4],actualCapacity:mean,,,
Exponential-capacity-3284-20210301-21:50:12-11318,attr,Aerocom.aircraft[0].dataLink[4],actualCapacity:mean,source,computeActualCapacity,
Exponential-capacity-3284-20210301-21:50:12-11318,scalar,Aerocom.aircraft[0].dataLink[5],sentPackets:count,,,1344
Exponential-capacity-3284-20210301-21:50:12-11318,attr,Aerocom.aircraft[0].dataLink[5],sentPackets:count,source,computeSentPackets,
Exponential-capacity-3284-20210301-21:50:12-11318,scalar,Aerocom.aircraft[0].dataLink[5],actualCapacity:mean,,,9433.7597739049
Exponential-capacity-3284-20210301-21:50:12-11318,attr,Aerocom.aircraft[0].dataLink[5],actualCapacity:mean,,,
Exponential-capacity-3284-20210301-21:50:12-11318,attr,Aerocom.aircraft[0].dataLink[5],actualCapacity:mean,source,computeActualCapacity,
Exponential-capacity-3284-20210301-21:50:12-11318,scalar,Aerocom.aircraft[0].dataLink[6],sentPackets:count,,,698
Exponential-capacity-3284-20210301-21:50:12-11318,attr,Aerocom.aircraft[0].dataLink[6],sentPackets:count,source,computeSentPackets,
Exponential-capacity-3284-20210301-21:50:12-11318,scalar,Aerocom.aircraft[0].dataLink[6],actualCapacity:mean,,,9333.2523744912
Exponential-capacity-3284-20210301-21:50:12-11318,attr,Aerocom.aircraft[0].dataLink[6],actualCapacity:mean,,,
Exponential-capacity-3284-20210301-21:50:12-11318,attr,Aerocom.aircraft[0].dataLink[6],actualCapacity:mean,source,computeActualCapacity,
Exponential-capacity-3284-20210301-21:50:12-11318,scalar,Aerocom.aircraft[0].dataLink[7],sentPackets:count,,,1456
Exponential-capacity-3284-20210301-21:50:12-11318,attr,Aerocom.aircraft[0].dataLink[7],sentPackets:count,source,computeSentPackets,
Exponential-capacity-3284-20210301-21:50:12-11318,scalar,Aerocom.aircraft[0].dataLink[7],actualCapacity:mean,,,9511.9094576423
Exponential-capacity-3284-20210301-21:50:12-11318,attr,Aerocom.aircraft[0].dataLink[7],actualCapacity:mean,,,
Exponential-capacity-3284-20210301-21:50:12-11318,attr,Aerocom.aircraft[0].dataLink[7],actualCapacity:mean,source,computeActualCapacity,
Exponential-capacity-3284-20210301-21:50:12-11318,scalar,Aerocom.aircraft[0].dataLink[8],sentPackets:count,,,1562
Exponential-capacity-3284-20210301-21:50:12-11318,attr,Aerocom.aircraft[0].dataLink[8],sentPackets:count,source,computeSentPackets,
Exponential-capacity-3284-20210301-21:50:12-11318,scalar,Aerocom.aircraft[0].dataLink[8],actualCapacity:mean,,,9562.5883105802
Exponential-capacity-3284-20210301-21:50:12-11318,attr,Aerocom.aircraft[0].dataLink[8],actualCapacity:mean,,,
Exponential-capacity-3284-20210301-21:50:12-11318,attr,Aerocom.aircraft[0].dataLink[8],actualCapacity:mean,source,computeActualCapacity,
Exponential-capacity-3284-20210301-21:50:12-11318,scalar,Aerocom.aircraft[0].dataLink[9],sentPackets:count,,,2086
Exponential-capacity-3284-20210301-21:50:12-11318,attr,Aerocom.aircraft[0].dataLink[9],sentPackets:count,source,computeSentPackets,
Exponential-capacity-3284-20210301-21:50:12-11318,scalar,Aerocom.aircraft[0].dataLink[9],actualCapacity:mean,,,9539.5243732591
Exponential-capacity-3284-20210301-21:50:12-11318,attr,Aerocom.aircraft[0].dataLink[9],actualCapacity:mean,,,
Exponential-capacity-3284-20210301-21:50:12-11318,attr,Aerocom.aircraft[0].dataLink[9],actualCapacity:mean,source,computeActualCapacity,
Exponential-capacity-3284-20210301-21:50:12-11318,scalar,Aerocom.aircraft[0].dataLink[10],sentPackets:count,,,722
Exponential-capacity-3284-20210301-21:50:12-11318,attr,Aerocom.aircraft[0].dataLink[10],sentPackets:count,source,computeSentPackets,
Exponential-capacity-3284-20210301-21:50:12-11318,scalar,Aerocom.aircraft[0].dataLink[10],actualCapacity:mean,,,9371.5188866799
Exponential-capacity-3284-20210301-21:50:12-11318,attr,Aerocom.aircraft[0].dataLink[10],actualCapacity:mean,,,
Exponential-capacity-3284-20210301-21:50:12-11318,attr,Aerocom.aircraft[0].dataLink[10],actualCapacity:mean,source,computeActualCapacity,
Exponential-capacity-3284-20210301-21:50:12-11318,scalar,Aerocom.aircraft[0].dataLink[11],sentPackets:count,,,776
Exponential-capacity-3284-20210301-21:50:12-11318,attr,Aerocom.aircraft[0].dataLink[11],sentPackets:count,source,computeSentPackets,
Exponential-capacity-3284-20210301-21:50:12-11318,scalar,Aerocom.aircraft[0].dataLink[11],actualCapacity:mean,,,9308.2666666667
Exponential-capacity-3284-20210301-21:50:12-11318,attr,Aerocom.aircraft[0].dataLink[11],actualCapacity:mean,,,
Exponential-capacity-3284-20210301-21:50:12-11318,attr,Aerocom.aircraft[0].dataLink[11],actualCapacity:mean,source,computeActualCapacity,
Exponential-capacity-3284-20210301-21:50:12-11318,scalar,Aerocom.aircraft[0].dataLink[12],sentPackets:count,,,1300
Exponential-capacity-3284-20210301-21:50:12-11318,attr,Aerocom.aircraft[0].dataLink[12],sentPackets:count,source,computeSentPackets,
Exponential-capacity-3284-20210301-21:50:12-11318,scalar,Aerocom.aircraft[0].dataLink[12],actualCapacity:mean,,,9475.5454980843
Exponential-capacity-3284-20210301-21:50:12-11318,attr,Aerocom.aircraft[0].dataLink[12],actualCapacity:mean,,,
Exponential-capacity-3284-20210301-21:50:12-11318,attr,Aerocom.aircraft[0].dataLink[12],actualCapacity:mean,source,computeActualCapacity,
Exponential-capacity-3284-20210301-21:50:12-11318,scalar,Aerocom.aircraft[0].dataLink[13],sentPackets:count,,,1045
Exponential-capacity-3284-20210301-21:50:12-11318,attr,Aerocom.aircraft[0].dataLink[13],sentPackets:count,source,computeSentPackets,
Exponential-capacity-3284-20210301-21:50:12-11318,scalar,Aerocom.aircraft[0].dataLink[13],actualCapacity:mean,,,9444.8770491803
Exponential-capacity-3284-20210301-21:50:12-11318,attr,Aerocom.aircraft[0].dataLink[13],actualCapacity:mean,,,
Exponential-capacity-3284-20210301-21:50:12-11318,attr,Aerocom.aircraft[0].dataLink[13],actualCapacity:mean,source,computeActualCapacity,
Exponential-capacity-3284-20210301-21:50:12-11318,scalar,Aerocom.aircraft[0].dataLink[14],sentPackets:count,,,1522
Exponential-capacity-3284-20210301-21:50:12-11318,attr,Aerocom.aircraft[0].dataLink[14],sentPackets:count,source,computeSentPackets,
Exponential-capacity-3284-20210301-21:50:12-11318,scalar,Aerocom.aircraft[0].dataLink[14],actualCapacity:mean,,,9482.2834782609
Exponential-capacity-3284-20210301-21:50:12-11318,attr,Aerocom.aircraft[0].dataLink[14],actualCapacity:mean,,,
Exponential-capacity-3284-20210301-21:50:12-11318,attr,Aerocom.aircraft[0].dataLink[14],actualCapacity:mean,source,computeActualCapacity,
Exponential-capacity-3284-20210301-21:50:12-11318,scalar,Aerocom.aircraft[0].dataLink[15],sentPackets:count,,,1102
Exponential-capacity-3284-20210301-21:50:12-11318,attr,Aerocom.aircraft[0].dataLink[15],sentPackets:count,source,computeSentPackets,
Exponential-capacity-3284-20210301-21:50:12-11318,scalar,Aerocom.aircraft[0].dataLink[15],actualCapacity:mean,,,9463.0201805629
Exponential-capacity-3284-20210301-21:50:12-11318,attr,Aerocom.aircraft[0].dataLink[15],actualCapacity:mean,,,
Exponential-capacity-3284-20210301-21:50:12-11318,attr,Aerocom.aircraft[0].dataLink[15],actualCapacity:mean,source,computeActualCapacity,
Exponential-capacity-3284-20210301-21:50:12-11318,scalar,Aerocom.controlTower,receivedPackets:count,,,19352
Exponential-capacity-3284-20210301-21:50:12-11318,attr,Aerocom.controlTower,receivedPackets:count,source,computeReceivedPackets,
Exponential-capacity-3285-20210301-21:50:12-11318,scalar,Aerocom.aircraft[0].linkSelector,responseTime:mean,,,0.56327246918392
Exponential-capacity-3285-20210301-21:50:12-11318,attr,Aerocom.aircraft[0].linkSelector,responseTime:mean,,,
Exponential-capacity-3285-20210301-21:50:12-11318,attr,Aerocom.aircraft[0].linkSelector,responseTime:mean,source,computeResponseTime,
Exponential-capacity-3285-20210301-21:50:12-11318,scalar,Aerocom.aircraft[0].linkSelector,meanMalus:sum,,,12978
Exponential-capacity-3285-20210301-21:50:12-11318,attr,Aerocom.aircraft[0].linkSelector,meanMalus:sum,,,
Exponential-capacity-3285-20210301-21:50:12-11318,attr,Aerocom.aircraft[0].linkSelector,meanMalus:sum,source,computeMeanMalus,
Exponential-capacity-3285-20210301-21:50:12-11318,scalar,Aerocom.aircraft[0].linkSelector,waitingTime:mean,,,0.55608975743758
Exponential-capacity-3285-20210301-21:50:12-11318,attr,Aerocom.aircraft[0].linkSelector,waitingTime:mean,,,
Exponential-capacity-3285-20210301-21:50:12-11318,attr,Aerocom.aircraft[0].linkSelector,waitingTime:mean,source,computeWaitingTime,
Exponential-capacity-3285-20210301-21:50:12-11318,scalar,Aerocom.aircraft[0].linkSelector,serviceTime:mean,,,0.0072074949212286
Exponential-capacity-3285-20210301-21:50:12-11318,attr,Aerocom.aircraft[0].linkSelector,serviceTime:mean,,,
Exponential-capacity-3285-20210301-21:50:12-11318,attr,Aerocom.aircraft[0].linkSelector,serviceTime:mean,source,computeServiceTime,
Exponential-capacity-3285-20210301-21:50:12-11318,scalar,Aerocom.aircraft[0].linkSelector,queueLength:mean,,,28.190043180086
Exponential-capacity-3285-20210301-21:50:12-11318,attr,Aerocom.aircraft[0].linkSelector,queueLength:mean,,,
Exponential-capacity-3285-20210301-21:50:12-11318,attr,Aerocom.aircraft[0].linkSelector,queueLength:mean,source,computeQueueLength,
Exponential-capacity-3285-20210301-21:50:12-11318,scalar,Aerocom.aircraft[0].dataLink[0],sentPackets:count,,,1728
Exponential-capacity-3285-20210301-21:50:12-11318,attr,Aerocom.aircraft[0].dataLink[0],sentPackets:count,source,computeSentPackets,
Exponential-capacity-3285-20210301-21:50:12-11318,scalar,Aerocom.aircraft[0].dataLink[0],actualCapacity:mean,,,9523.5019920319
Exponential-capacity-3285-20210301-21:50:12-11318,attr,Aerocom.aircraft[0].dataLink[0],actualCapacity:mean,,,
Exponential-capacity-3285-20210301-21:50:12-11318,attr,Aerocom.aircraft[0].dataLink[0],actualCapacity:mean,source,computeActualCapacity,
Exponential-capacity-3285-20210301-21:50:12-11318,scalar,Aerocom.aircraft[0].dataLink[1],sentPackets:count,,,1353
Exponential-capacity-3285-20210301-21:50:12-11318,attr,Aerocom.aircraft[0].dataLink[1],sentPackets:count,source,computeSentPackets,
Exponential-capacity-3285-20210301-21:50:12-11318,scalar,Aerocom.aircraft[0].dataLink[1],actualCapacity:mean,,,9476.1217798595
Exponential-capacity-3285-20210301-21:50:12-11318,attr,Aerocom.aircraft[0].dataLink[1],actualCapacity:mean,,,
Exponential-capacity-3285-20210301-21:50:12-11318,attr,Aerocom.aircraft[0].dataLink[1],actualCapacity:mean,source,computeActualCapacity,
Exponential-capacity-3285-20210301-21:50:12-11318,scalar,Aerocom.aircraft[0].dataLink[2],sentPackets:count,,,906
Exponential-capacity-3285-20210301-21:50:12-11318,attr,Aerocom.aircraft[0].dataLink[2],sentPackets:count,source,computeSentPackets,
Exponential-capacity-3285-20210301-21:50:12-11318,scalar,Aerocom.aircraft[0].dataLink[2],actualCapacity:mean,,,9315.3959451401
Exponential-capacity-3285-20210301-21:50:12-11318,attr,Aerocom.aircraft[0].dataLink[2],actualCapacity:mean,,,
Exponential-capacity-3285-20210301-21:50:12-11318,attr,Aerocom.aircraft[0].dataLink[2],actualCapacity:mean,source,computeActualCapacity,
Exponential-capacity-3285-20210301-21:50:12-11318,scalar,Aerocom.aircraft[0].dataLink[3],sentPackets:count,,,1548
Exponential-capacity-3285-20210301-21:50:12-11318,attr,Aerocom.aircraft[0].dataLink[3],sentPackets:count,source,computeSentPackets,
Exponential-capacity-3285-20210301-21:50:12-11318,scalar,Aerocom.aircraft[0].dataLink[3],actualCapacity:mean,,,9481.2650963597
Exponential-capacity-3285-20210301-21:50:12-11318,attr,Aerocom.aircraft[0].dataLink[3],actualCapacity:mean,,,
Exponential-capacity-3285-20210301-21:50:12-11318,attr,Aerocom.aircraft[0].dataLink[3],actualCapacity:mean,source,computeActualCapacity,
Exponential-capacity-3285-20210301-21:50:12-11318,scalar,Aerocom.aircraft[0].dataLink[4],sentPackets:count,,,1455
Exponential-capacity-3285-20210301-21:50:12-11318,attr,Aerocom.aircraft[0].dataLink[4],sentPackets:count,source,computeSentPackets,
Exponential-capacity-3285-20210301-21:50:12-11318,scalar,Aerocom.aircraft[0].dataLink[4],actualCapacity:mean,,,9464.6499327656
Exponential-capacity-3285-20210301-21:50:12-11318,attr,Aerocom.aircraft[0].dataLink[4],actualCapacity:mean,,,
Exponential-capacity-3285-20210301-21:50:12-11318,attr,Aerocom.aircraft[0].dataLink[4],actualCapacity:mean,source,computeActualCapacity,
Exponential-capacity-3285-20210301-21:50:12-11318,scalar,Aerocom.aircraft[0].dataLink[5],sentPackets:count,,,1262
Exponential-capacity-3285-20210301-21:50:12-11318,attr,Aerocom.aircraft[0].dataLink[5],sentPackets:count,source,computeSentPackets,
Exponential-capacity-3285-20210301-21:50:12-11318,scalar,Aerocom.aircraft[0].dataLink[5],actualCapacity:mean,,,9450.2963689892
Exponential-capacity-3285-20210301-21:50:12-11318,attr,Aerocom.aircraft[0].dataLink[5],actualCapacity:mean,,,
Exponential-capacity-3285-20210301-21:50:12-11318,attr,Aerocom.aircraft[0].dataLink[5],actualCapacity:mean,source,computeActualCapacity,
Exponential-capacity-3285-20210301-21:50:12-11318,scalar,Aerocom.aircraft[0].dataLink[6],sentPackets:count,,,940
Exponential-capacity-3285-20210301-21:50:12-11318,attr,Aerocom.aircraft[0].dataLink[6],sentPackets:count,source,computeSentPackets,
Exponential-capacity-3285-20210301-21:50:12-11318,scalar,Aerocom.aircraft[0].dataLink[6],actualCapacity:mean,,,9423.5648632926
Exponential-capacity-3285-20210301-21:50:12-11318,attr,Aerocom.aircraft[0].dataLink[6],actualCapacity:mean,,,
Exponential-capacity-3285-20210301-21:50:12-11318,attr,Aerocom.aircraft[0].dataLink[6],actualCapacity:mean,source,computeActualCapacity,
Exponential-capacity-3285-20210301-21:50:12-11318,scalar,Aerocom.aircraft[0].dataLink[7],sentPackets:count,,,1508
Exponential-capacity-3285-20210301-21:50:12-11318,attr,Aerocom.aircraft[0].dataLink[7],sentPackets:count,source,computeSentPackets,
Exponential-capacity-3285-20210301-21:50:12-11318,scalar,Aerocom.aircraft[0].dataLink[7],actualCapacity:mean,,,9507.6360856269
Exponential-capacity-3285-20210301-21:50:12-11318,attr,Aerocom.aircraft[0].dataLink[7],actualCapacity:mean,,,
Exponential-capacity-3285-20210301-21:50:12-11318,attr,Aerocom.aircraft[0].dataLink[7],actualCapacity:mean,source,computeActualCapacity,
Exponential-capacity-3285-20210301-21:50:12-11318,scalar,Aerocom.aircraft[0].dataLink[8],sentPackets:count,,,1287
Exponential-capacity-3285-20210301-21:50:12-11318,attr,Aerocom.aircraft[0].dataLink[8],sentPackets:count,source,computeSentPackets,
Exponential-capacity-3285-20210301-21:50:12-11318,scalar,Aerocom.aircraft[0].dataLink[8],actualCapacity:mean,,,9459.7537566651
Exponential-capacity-3285-20210301-21:50:12-11318,attr,Aerocom.aircraft[0].dataLink[8],actualCapacity:mean,,,
Exponential-capacity-3285-20210301-21:50:12-11318,attr,Aerocom.aircraft[0].dataLink[8],actualCapacity:mean,source,computeActualCapacity,
Exponential-capacity-3285-20210301-21:50:12-11318,scalar,Aerocom.aircraft[0].dataLink[9],sentPackets:count,,,846
Exponential-capacity-3285-20210301-21:50:12-11318,attr,Aerocom.aircraft[0].dataLink[9],sentPackets:count,source,computeSentPackets,
Exponential-capacity-3285-20210301-21:50:12-11318,scalar,Aerocom.aircraft[0].dataLink[9],actualCapacity:mean,,,9299.8725369458
Exponential-capacity-3285-20210301-21:50:12-11318,attr,Aerocom.aircraft[0].dataLink[9],actualCapacity:mean,,,
Exponential-capacity-3285-20210301-21:50:12-11318,attr,Aerocom.aircraft[0].dataLink[9],actualCapacity:mean,source,computeActualCapacity,
Exponential-capacity-3285-20210301-21:50:12-11318,scalar,Aerocom.aircraft[0].dataLink[10],sentPackets:count,,,1290
Exponential-capacity-3285-20210301-21:50:12-11318,attr,Aerocom.aircraft[0].dataLink[10],sentPackets:count,source,computeSentPackets,
Exponential-capacity-3285-20210301-21:50:12-11318,scalar,Aerocom.aircraft[0].dataLink[10],actualCapacity:mean,,,9397.0197495183
Exponential-capacity-3285-20210301-21:50:12-11318,attr,Aerocom.aircraft[0].dataLink[10],actualCapacity:mean,,,
Exponential-capacity-3285-20210301-21:50:12-11318,attr,Aerocom.aircraft[0].dataLink[10],actualCapacity:mean,source,computeActualCapacity,
Exponential-capacity-3285-20210301-21:50:12-11318,scalar,Aerocom.aircraft[0].dataLink[11],sentPackets:count,,,938
Exponential-capacity-3285-20210301-21:50:12-11318,attr,Aerocom.aircraft[0].dataLink[11],sentPackets:count,source,computeSentPackets,
Exponential-capacity-3285-20210301-21:50:12-11318,scalar,Aerocom.aircraft[0].dataLink[11],actualCapacity:mean,,,9314.6174418605
Exponential-capacity-3285-20210301-21:50:12-11318,attr,Aerocom.aircraft[0].dataLink[11],actualCapacity:mean,,,
Exponential-capacity-3285-20210301-21:50:12-11318,attr,Aerocom.aircraft[0].dataLink[11],actualCapacity:mean,source,computeActualCapacity,
Exponential-capacity-3285-20210301-21:50:12-11318,scalar,Aerocom.aircraft[0].dataLink[12],sentPackets:count,,,1286
Exponential-capacity-3285-20210301-21:50:12-11318,attr,Aerocom.aircraft[0].dataLink[12],sentPackets:count,source,computeSentPackets,
Exponential-capacity-3285-20210301-21:50:12-11318,scalar,Aerocom.aircraft[0].dataLink[12],actualCapacity:mean,,,9456.5334939759
Exponential-capacity-3285-20210301-21:50:12-11318,attr,Aerocom.aircraft[0].dataLink[12],actualCapacity:mean,,,
Exponential-capacity-3285-20210301-21:50:12-11318,attr,Aerocom.aircraft[0].dataLink[12],actualCapacity:mean,source,computeActualCapacity,
Exponential-capacity-3285-20210301-21:50:12-11318,scalar,Aerocom.aircraft[0].dataLink[13],sentPackets:count,,,1233
Exponential-capacity-3285-20210301-21:50:12-11318,attr,Aerocom.aircraft[0].dataLink[13],sentPackets:count,source,computeSentPackets,
Exponential-capacity-3285-20210301-21:50:12-11318,scalar,Aerocom.aircraft[0].dataLink[13],actualCapacity:mean,,,9420.881741712
Exponential-capacity-3285-20210301-21:50:12-11318,attr,Aerocom.aircraft[0].dataLink[13],actualCapacity:mean,,,
Exponential-capacity-3285-20210301-21:50:12-11318,attr,Aerocom.aircraft[0].dataLink[13],actualCapacity:mean,source,computeActualCapacity,
Exponential-capacity-3285-20210301-21:50:12-11318,scalar,Aerocom.aircraft[0].dataLink[14],sentPackets:count,,,1079
Exponential-capacity-3285-20210301-21:50:12-11318,attr,Aerocom.aircraft[0].dataLink[14],sentPackets:count,source,computeSentPackets,
Exponential-capacity-3285-20210301-21:50:12-11318,scalar,Aerocom.aircraft[0].dataLink[14],actualCapacity:mean,,,9413.9285330467
Exponential-capacity-3285-20210301-21:50:12-11318,attr,Aerocom.aircraft[0].dataLink[14],actualCapacity:mean,,,
Exponential-capacity-3285-20210301-21:50:12-11318,attr,Aerocom.aircraft[0].dataLink[14],actualCapacity:mean,source,computeActualCapacity,
Exponential-capacity-3285-20210301-21:50:12-11318,scalar,Aerocom.aircraft[0].dataLink[15],sentPackets:count,,,1026
Exponential-capacity-3285-20210301-21:50:12-11318,attr,Aerocom.aircraft[0].dataLink[15],sentPackets:count,source,computeSentPackets,
Exponential-capacity-3285-20210301-21:50:12-11318,scalar,Aerocom.aircraft[0].dataLink[15],actualCapacity:mean,,,9414.088544549
Exponential-capacity-3285-20210301-21:50:12-11318,attr,Aerocom.aircraft[0].dataLink[15],actualCapacity:mean,,,
Exponential-capacity-3285-20210301-21:50:12-11318,attr,Aerocom.aircraft[0].dataLink[15],actualCapacity:mean,source,computeActualCapacity,
Exponential-capacity-3285-20210301-21:50:12-11318,scalar,Aerocom.controlTower,receivedPackets:count,,,19685
Exponential-capacity-3285-20210301-21:50:12-11318,attr,Aerocom.controlTower,receivedPackets:count,source,computeReceivedPackets,
Exponential-capacity-3286-20210301-21:50:13-11318,scalar,Aerocom.aircraft[0].linkSelector,responseTime:mean,,,0.58347304864659
Exponential-capacity-3286-20210301-21:50:13-11318,attr,Aerocom.aircraft[0].linkSelector,responseTime:mean,,,
Exponential-capacity-3286-20210301-21:50:13-11318,attr,Aerocom.aircraft[0].linkSelector,responseTime:mean,source,computeResponseTime,
Exponential-capacity-3286-20210301-21:50:13-11318,scalar,Aerocom.aircraft[0].linkSelector,meanMalus:sum,,,13664
Exponential-capacity-3286-20210301-21:50:13-11318,attr,Aerocom.aircraft[0].linkSelector,meanMalus:sum,,,
Exponential-capacity-3286-20210301-21:50:13-11318,attr,Aerocom.aircraft[0].linkSelector,meanMalus:sum,source,computeMeanMalus,
Exponential-capacity-3286-20210301-21:50:13-11318,scalar,Aerocom.aircraft[0].linkSelector,waitingTime:mean,,,0.57626578837748
Exponential-capacity-3286-20210301-21:50:13-11318,attr,Aerocom.aircraft[0].linkSelector,waitingTime:mean,,,
Exponential-capacity-3286-20210301-21:50:13-11318,attr,Aerocom.aircraft[0].linkSelector,waitingTime:mean,source,computeWaitingTime,
Exponential-capacity-3286-20210301-21:50:13-11318,scalar,Aerocom.aircraft[0].linkSelector,serviceTime:mean,,,0.0071863368810455
Exponential-capacity-3286-20210301-21:50:13-11318,attr,Aerocom.aircraft[0].linkSelector,serviceTime:mean,,,
Exponential-capacity-3286-20210301-21:50:13-11318,attr,Aerocom.aircraft[0].linkSelector,serviceTime:mean,source,computeServiceTime,
Exponential-capacity-3286-20210301-21:50:13-11318,scalar,Aerocom.aircraft[0].linkSelector,queueLength:mean,,,28.760081053698
Exponential-capacity-3286-20210301-21:50:13-11318,attr,Aerocom.aircraft[0].linkSelector,queueLength:mean,,,
Exponential-capacity-3286-20210301-21:50:13-11318,attr,Aerocom.aircraft[0].linkSelector,queueLength:mean,source,computeQueueLength,
Exponential-capacity-3286-20210301-21:50:13-11318,scalar,Aerocom.aircraft[0].dataLink[0],sentPackets:count,,,957
Exponential-capacity-3286-20210301-21:50:13-11318,attr,Aerocom.aircraft[0].dataLink[0],sentPackets:count,source,computeSentPackets,
Exponential-capacity-3286-20210301-21:50:13-11318,scalar,Aerocom.aircraft[0].dataLink[0],actualCapacity:mean,,,9382.027027027
Exponential-capacity-3286-20210301-21:50:13-11318,attr,Aerocom.aircraft[0].dataLink[0],actualCapacity:mean,,,
Exponential-capacity-3286-20210301-21:50:13-11318,attr,Aerocom.aircraft[0].dataLink[0],actualCapacity:mean,source,computeActualCapacity,
Exponential-capacity-3286-20210301-21:50:13-11318,scalar,Aerocom.aircraft[0].dataLink[1],sentPackets:count,,,900
Exponential-capacity-3286-20210301-21:50:13-11318,attr,Aerocom.aircraft[0].dataLink[1],sentPackets:count,source,computeSentPackets,
Exponential-capacity-3286-20210301-21:50:13-11318,scalar,Aerocom.aircraft[0].dataLink[1],actualCapacity:mean,,,9390.6906603212
Exponential-capacity-3286-20210301-21:50:13-11318,attr,Aerocom.aircraft[0].dataLink[1],actualCapacity:mean,,,
Exponential-capacity-3286-20210301-21:50:13-11318,attr,Aerocom.aircraft[0].dataLink[1],actualCapacity:mean,source,computeActualCapacity,
Exponential-capacity-3286-20210301-21:50:13-11318,scalar,Aerocom.aircraft[0].dataLink[2],sentPackets:count,,,1982
Exponential-capacity-3286-20210301-21:50:13-11318,attr,Aerocom.aircraft[0].dataLink[2],sentPackets:count,source,computeSentPackets,
Exponential-capacity-3286-20210301-21:50:13-11318,scalar,Aerocom.aircraft[0].dataLink[2],actualCapacity:mean,,,9519.7482845793
Exponential-capacity-3286-20210301-21:50:13-11318,attr,Aerocom.aircraft[0].dataLink[2],actualCapacity:mean,,,
Exponential-capacity-3286-20210301-21:50:13-11318,attr,Aerocom.aircraft[0].dataLink[2],actualCapacity:mean,source,computeActualCapacity,
Exponential-capacity-3286-20210301-21:50:13-11318,scalar,Aerocom.aircraft[0].dataLink[3],sentPackets:count,,,1031
Exponential-capacity-3286-20210301-21:50:13-11318,attr,Aerocom.aircraft[0].dataLink[3],sentPackets:count,source,computeSentPackets,
Exponential-capacity-3286-20210301-21:50:13-11318,scalar,Aerocom.aircraft[0].dataLink[3],actualCapacity:mean,,,9422.4721148537
Exponential-capacity-3286-20210301-21:50:13-11318,attr,Aerocom.aircraft[0].dataLink[3],actualCapacity:mean,,,
Exponential-capacity-3286-20210301-21:50:13-11318,attr,Aerocom.aircraft[0].dataLink[3],actualCapacity:mean,source,computeActualCapacity,
Exponential-capacity-3286-20210301-21:50:13-11318,scalar,Aerocom.aircraft[0].dataLink[4],sentPackets:count,,,1321
Exponential-capacity-3286-20210301-21:50:13-11318,attr,Aerocom.aircraft[0].dataLink[4],sentPackets:count,source,computeSentPackets,
Exponential-capacity-3286-20210301-21:50:13-11318,scalar,Aerocom.aircraft[0].dataLink[4],actualCapacity:mean,,,9467.1668255481
Exponential-capacity-3286-20210301-21:50:13-11318,attr,Aerocom.aircraft[0].dataLink[4],actualCapacity:mean,,,
Exponential-capacity-3286-20210301-21:50:13-11318,attr,Aerocom.aircraft[0].dataLink[4],actualCapacity:mean,source,computeActualCapacity,
Exponential-capacity-3286-20210301-21:50:13-11318,scalar,Aerocom.aircraft[0].dataLink[5],sentPackets:count,,,1406
Exponential-capacity-3286-20210301-21:50:13-11318,attr,Aerocom.aircraft[0].dataLink[5],sentPackets:count,source,computeSentPackets,
Exponential-capacity-3286-20210301-21:50:13-11318,scalar,Aerocom.aircraft[0].dataLink[5],actualCapacity:mean,,,9500.9543170397
Exponential-capacity-3286-20210301-21:50:13-11318,attr,Aerocom.aircraft[0].dataLink[5],actualCapacity:mean,,,
Exponential-capacity-3286-20210301-21:50:13-11318,attr,Aerocom.aircraft[0].dataLink[5],actualCapacity:mean,source,computeActualCapacity,
Exponential-capacity-3286-20210301-21:50:13-11318,scalar,Aerocom.aircraft[0].dataLink[6],sentPackets:count,,,1229
Exponential-capacity-3286-20210301-21:50:13-11318,attr,Aerocom.aircraft[0].dataLink[6],sentPackets:count,source,computeSentPackets,
Exponential-capacity-3286-20210301-21:50:13-11318,scalar,Aerocom.aircraft[0].dataLink[6],actualCapacity:mean,,,9414.8
Exponential-capacity-3286-20210301-21:50:13-11318,attr,Aerocom.aircraft[0].dataLink[6],actualCapacity:mean,,,
Exponential-capacity-3286-20210301-21:50:13-11318,attr,Aerocom.aircraft[0].dataLink[6],actualCapacity:mean,source,computeActualCapacity,
Exponential-capacity-3286-20210301-21:50:13-11318,scalar,Aerocom.aircraft[0].dataLink[7],sentPackets:count,,,1324
Exponential-capacity-3286-20210301-21:50:13-11318,attr,Aerocom.aircraft[0].dataLink[7],sentPackets:count,source,computeSentPackets,
Exponential-capacity-3286-20210301-21:50:13-11318,scalar,Aerocom.aircraft[0].dataLink[7],actualCapacity:mean,,,9477.0289648623
Exponential-capacity-3286-20210301-21:50:13-11318,attr,Aerocom.aircraft[0].dataLink[7],actualCapacity:mean,,,
Exponential-capacity-3286-20210301-21:50:13-11318,attr,Aerocom.aircraft[0].dataLink[7],actualCapacity:mean,source,computeActualCapacity,
Exponential-capacity-3286-20210301-21:50:13-11318,scalar,Aerocom.aircraft[0].dataLink[8],sentPackets:count,,,1634
Exponential-capacity-3286-20210301-21:50:13-11318,attr,Aerocom.aircraft[0].dataLink[8],sentPackets:count,source,computeSentPackets,
Exponential-capacity-3286-20210301-21:50:13-11318,scalar,Aerocom.aircraft[0].dataLink[8],actualCapacity:mean,,,9505.6453488372
Exponential-capacity-3286-20210301-21:50:13-11318,attr,Aerocom.aircraft[0].dataLink[8],actualCapacity:mean,,,
Exponential-capacity-3286-20210301-21:50:13-11318,attr,Aerocom.aircraft[0].dataLink[8],actualCapacity:mean,source,computeActualCapacity,
Exponential-capacity-3286-20210301-21:50:13-11318,scalar,Aerocom.aircraft[0].dataLink[9],sentPackets:count,,,688
Exponential-capacity-3286-20210301-21:50:13-11318,attr,Aerocom.aircraft[0].dataLink[9],sentPackets:count,source,computeSentPackets,
Exponential-capacity-3286-20210301-21:50:13-11318,scalar,Aerocom.aircraft[0].dataLink[9],actualCapacity:mean,,,9338.1431492843
Exponential-capacity-3286-20210301-21:50:13-11318,attr,Aerocom.aircraft[0].dataLink[9],actualCapacity:mean,,,
Exponential-capacity-3286-20210301-21:50:13-11318,attr,Aerocom.aircraft[0].dataLink[9],actualCapacity:mean,source,computeActualCapacity,
Exponential-capacity-3286-20210301-21:50:13-11318,scalar,Aerocom.aircraft[0].dataLink[10],sentPackets:count,,,863
Exponential-capacity-3286-20210301-21:50:13-11318,attr,Aerocom.aircraft[0].dataLink[10],sentPackets:count,source,computeSentPackets,
Exponential-capacity-3286-20210301-21:50:13-11318,scalar,Aerocom.aircraft[0].dataLink[10],actualCapacity:mean,,,9412.7299757282
Exponential-capacity-3286-20210301-21:50:13-11318,attr,Aerocom.aircraft[0].dataLink[10],actualCapacity:mean,,,
Exponential-capacity-3286-20210301-21:50:13-11318,attr,Aerocom.aircraft[0].dataLink[10],actualCapacity:mean,source,computeActualCapacity,
Exponential-capacity-3286-20210301-21:50:13-11318,scalar,Aerocom.aircraft[0].dataLink[11],sentPackets:count,,,1494
Exponential-capacity-3286-20210301-21:50:13-11318,attr,Aerocom.aircraft[0].dataLink[11],sentPackets:count,source,computeSentPackets,
Exponential-capacity-3286-20210301-21:50:13-11318,scalar,Aerocom.aircraft[0].dataLink[11],actualCapacity:mean,,,9516.6258234519
Exponential-capacity-3286-20210301-21:50:13-11318,attr,Aerocom.aircraft[0].dataLink[11],actualCapacity:mean,,,
Exponential-capacity-3286-20210301-21:50:13-11318,attr,Aerocom.aircraft[0].dataLink[11],actualCapacity:mean,source,computeActualCapacity,
Exponential-capacity-3286-20210301-21:50:13-11318,scalar,Aerocom.aircraft[0].dataLink[12],sentPackets:count,,,1651
Exponential-capacity-3286-20210301-21:50:13-11318,attr,Aerocom.aircraft[0].dataLink[12],sentPackets:count,source,computeSentPackets,
Exponential-capacity-3286-20210301-21:50:13-11318,scalar,Aerocom.aircraft[0].dataLink[12],actualCapacity:mean,,,9495.8862889984
Exponential-capacity-3286-20210301-21:50:13-11318,attr,Aerocom.aircraft[0].dataLink[12],actualCapacity:mean,,,
Exponential-capacity-3286-20210301-21:50:13-11318,attr,Aerocom.aircraft[0].dataLink[12],actualCapacity:mean,source,computeActualCapacity,
Exponential-capacity-3286-20210301-21:50:13-11318,scalar,Aerocom.aircraft[0].dataLink[13],sentPackets:count,,,1128
Exponential-capacity-3286-20210301-21:50:13-11318,attr,Aerocom.aircraft[0].dataLink[13],sentPackets:count,source,computeSentPackets,
Exponential-capacity-3286-20210301-21:50:13-11318,scalar,Aerocom.aircraft[0].dataLink[13],actualCapacity:mean,,,9490.0345730749
Exponential-capacity-3286-20210301-21:50:13-11318,attr,Aerocom.aircraft[0].dataLink[13],actualCapacity:mean,,,
Exponential-capacity-3286-20210301-21:50:13-11318,attr,Aerocom.aircraft[0].dataLink[13],actualCapacity:mean,source,computeActualCapacity,
Exponential-capacity-3286-20210301-21:50:13-11318,scalar,Aerocom.aircraft[0].dataLink[14],sentPackets:count,,,1053
Exponential-capacity-3286-20210301-21:50:13-11318,attr,Aerocom.aircraft[0].dataLink[14],sentPackets:count,source,computeSentPackets,
Exponential-capacity-3286-20210301-21:50:13-11318,scalar,Aerocom.aircraft[0].dataLink[14],actualCapacity:mean,,,9422.5904139434
Exponential-capacity-3286-20210301-21:50:13-11318,attr,Aerocom.aircraft[0].dataLink[14],actualCapacity:mean,,,
Exponential-capacity-3286-20210301-21:50:13-11318,attr,Aerocom.aircraft[0].dataLink[14],actualCapacity:mean,source,computeActualCapacity,
Exponential-capacity-3286-20210301-21:50:13-11318,scalar,Aerocom.aircraft[0].dataLink[15],sentPackets:count,,,1078
Exponential-capacity-3286-20210301-21:50:13-11318,attr,Aerocom.aircraft[0].dataLink[15],sentPackets:count,source,computeSentPackets,
Exponential-capacity-3286-20210301-21:50:13-11318,scalar,Aerocom.aircraft[0].dataLink[15],actualCapacity:mean,,,9394.3441033926
Exponential-capacity-3286-20210301-21:50:13-11318,attr,Aerocom.aircraft[0].dataLink[15],actualCapacity:mean,,,
Exponential-capacity-3286-20210301-21:50:13-11318,attr,Aerocom.aircraft[0].dataLink[15],actualCapacity:mean,source,computeActualCapacity,
Exponential-capacity-3286-20210301-21:50:13-11318,scalar,Aerocom.controlTower,receivedPackets:count,,,19739
Exponential-capacity-3286-20210301-21:50:13-11318,attr,Aerocom.controlTower,receivedPackets:count,source,computeReceivedPackets,
Exponential-capacity-3287-20210301-21:50:13-11318,scalar,Aerocom.aircraft[0].linkSelector,responseTime:mean,,,0.59362041643775
Exponential-capacity-3287-20210301-21:50:13-11318,attr,Aerocom.aircraft[0].linkSelector,responseTime:mean,,,
Exponential-capacity-3287-20210301-21:50:13-11318,attr,Aerocom.aircraft[0].linkSelector,responseTime:mean,source,computeResponseTime,
Exponential-capacity-3287-20210301-21:50:13-11318,scalar,Aerocom.aircraft[0].linkSelector,meanMalus:sum,,,13226
Exponential-capacity-3287-20210301-21:50:13-11318,attr,Aerocom.aircraft[0].linkSelector,meanMalus:sum,,,
Exponential-capacity-3287-20210301-21:50:13-11318,attr,Aerocom.aircraft[0].linkSelector,meanMalus:sum,source,computeMeanMalus,
Exponential-capacity-3287-20210301-21:50:13-11318,scalar,Aerocom.aircraft[0].linkSelector,waitingTime:mean,,,0.58644055409738
Exponential-capacity-3287-20210301-21:50:13-11318,attr,Aerocom.aircraft[0].linkSelector,waitingTime:mean,,,
Exponential-capacity-3287-20210301-21:50:13-11318,attr,Aerocom.aircraft[0].linkSelector,waitingTime:mean,source,computeWaitingTime,
Exponential-capacity-3287-20210301-21:50:13-11318,scalar,Aerocom.aircraft[0].linkSelector,serviceTime:mean,,,0.0071882597791998
Exponential-capacity-3287-20210301-21:50:13-11318,attr,Aerocom.aircraft[0].linkSelector,serviceTime:mean,,,
Exponential-capacity-3287-20210301-21:50:13-11318,attr,Aerocom.aircraft[0].linkSelector,serviceTime:mean,source,computeServiceTime,
Exponential-capacity-3287-20210301-21:50:13-11318,scalar,Aerocom.aircraft[0].linkSelector,queueLength:mean,,,29.853059560809
Exponential-capacity-3287-20210301-21:50:13-11318,attr,Aerocom.aircraft[0].linkSelector,queueLength:mean,,,
Exponential-capacity-3287-20210301-21:50:13-11318,attr,Aerocom.aircraft[0].linkSelector,queueLength:mean,source,computeQueueLength,
Exponential-capacity-3287-20210301-21:50:13-11318,scalar,Aerocom.aircraft[0].dataLink[0],sentPackets:count,,,1217
Exponential-capacity-3287-20210301-21:50:13-11318,attr,Aerocom.aircraft[0].dataLink[0],sentPackets:count,source,computeSentPackets,
Exponential-capacity-3287-20210301-21:50:13-11318,scalar,Aerocom.aircraft[0].dataLink[0],actualCapacity:mean,,,9401.9825
Exponential-capacity-3287-20210301-21:50:13-11318,attr,Aerocom.aircraft[0].dataLink[0],actualCapacity:mean,,,
Exponential-capacity-3287-20210301-21:50:13-11318,attr,Aerocom.aircraft[0].dataLink[0],actualCapacity:mean,source,computeActualCapacity,
Exponential-capacity-3287-20210301-21:50:13-11318,scalar,Aerocom.aircraft[0].dataLink[1],sentPackets:count,,,1390
Exponential-capacity-3287-20210301-21:50:13-11318,attr,Aerocom.aircraft[0].dataLink[1],sentPackets:count,source,computeSentPackets,
Exponential-capacity-3287-20210301-21:50:13-11318,scalar,Aerocom.aircraft[0].dataLink[1],actualCapacity:mean,,,9468.4551724138
Exponential-capacity-3287-20210301-21:50:13-11318,attr,Aerocom.aircraft[0].dataLink[1],actualCapacity:mean,,,
Exponential-capacity-3287-20210301-21:50:13-11318,attr,Aerocom.aircraft[0].dataLink[1],actualCapacity:mean,source,computeActualCapacity,
Exponential-capacity-3287-20210301-21:50:13-11318,scalar,Aerocom.aircraft[0].dataLink[2],sentPackets:count,,,1059
Exponential-capacity-3287-20210301-21:50:13-11318,attr,Aerocom.aircraft[0].dataLink[2],sentPackets:count,source,computeSentPackets,
Exponential-capacity-3287-20210301-21:50:13-11318,scalar,Aerocom.aircraft[0].dataLink[2],actualCapacity:mean,,,9396.6366105378
Exponential-capacity-3287-20210301-21:50:13-11318,attr,Aerocom.aircraft[0].dataLink[2],actualCapacity:mean,,,
Exponential-capacity-3287-20210301-21:50:13-11318,attr,Aerocom.aircraft[0].dataLink[2],actualCapacity:mean,source,computeActualCapacity,
Exponential-capacity-3287-20210301-21:50:13-11318,scalar,Aerocom.aircraft[0].dataLink[3],sentPackets:count,,,625
Exponential-capacity-3287-20210301-21:50:13-11318,attr,Aerocom.aircraft[0].dataLink[3],sentPackets:count,source,computeSentPackets,
Exponential-capacity-3287-20210301-21:50:13-11318,scalar,Aerocom.aircraft[0].dataLink[3],actualCapacity:mean,,,9304.5053229241
Exponential-capacity-3287-20210301-21:50:13-11318,attr,Aerocom.aircraft[0].dataLink[3],actualCapacity:mean,,,
Exponential-capacity-3287-20210301-21:50:13-11318,attr,Aerocom.aircraft[0].dataLink[3],actualCapacity:mean,source,computeActualCapacity,
Exponential-capacity-3287-20210301-21:50:13-11318,scalar,Aerocom.aircraft[0].dataLink[4],sentPackets:count,,,737
Exponential-capacity-3287-20210301-21:50:13-11318,attr,Aerocom.aircraft[0].dataLink[4],sentPackets:count,source,computeSentPackets,
Exponential-capacity-3287-20210301-21:50:13-11318,scalar,Aerocom.aircraft[0].dataLink[4],actualCapacity:mean,,,9357.6177631579
Exponential-capacity-3287-20210301-21:50:13-11318,attr,Aerocom.aircraft[0].dataLink[4],actualCapacity:mean,,,
Exponential-capacity-3287-20210301-21:50:13-11318,attr,Aerocom.aircraft[0].dataLink[4],actualCapacity:mean,source,computeActualCapacity,
Exponential-capacity-3287-20210301-21:50:13-11318,scalar,Aerocom.aircraft[0].dataLink[5],sentPackets:count,,,1273
Exponential-capacity-3287-20210301-21:50:13-11318,attr,Aerocom.aircraft[0].dataLink[5],sentPackets:count,source,computeSentPackets,
Exponential-capacity-3287-20210301-21:50:13-11318,scalar,Aerocom.aircraft[0].dataLink[5],actualCapacity:mean,,,9482.3582235237
Exponential-capacity-3287-20210301-21:50:13-11318,attr,Aerocom.aircraft[0].dataLink[5],actualCapacity:mean,,,
Exponential-capacity-3287-20210301-21:50:13-11318,attr,Aerocom.aircraft[0].dataLink[5],actualCapacity:mean,source,computeActualCapacity,
Exponential-capacity-3287-20210301-21:50:13-11318,scalar,Aerocom.aircraft[0].dataLink[6],sentPackets:count,,,1289
Exponential-capacity-3287-20210301-21:50:13-11318,attr,Aerocom.aircraft[0].dataLink[6],sentPackets:count,source,computeSentPackets,
Exponential-capacity-3287-20210301-21:50:13-11318,scalar,Aerocom.aircraft[0].dataLink[6],actualCapacity:mean,,,9457.790821256
Exponential-capacity-3287-20210301-21:50:13-11318,attr,Aerocom.aircraft[0].dataLink[6],actualCapacity:mean,,,
Exponential-capacity-3287-20210301-21:50:13-11318,attr,Aerocom.aircraft[0].dataLink[6],actualCapacity:mean,source,computeActualCapacity,
Exponential-capacity-3287-20210301-21:50:13-11318,scalar,Aerocom.aircraft[0].dataLink[7],sentPackets:count,,,1738
Exponential-capacity-3287-20210301-21:50:13-11318,attr,Aerocom.aircraft[0].dataLink[7],sentPackets:count,source,computeSentPackets,
Exponential-capacity-3287-20210301-21:50:13-11318,scalar,Aerocom.aircraft[0].dataLink[7],actualCapacity:mean,,,9562.4373015873
Exponential-capacity-3287-20210301-21:50:13-11318,attr,Aerocom.aircraft[0].dataLink[7],actualCapacity:mean,,,
Exponential-capacity-3287-20210301-21:50:13-11318,attr,Aerocom.aircraft[0].dataLink[7],actualCapacity:mean,source,computeActualCapacity,
Exponential-capacity-3287-20210301-21:50:13-11318,scalar,Aerocom.aircraft[0].dataLink[8],sentPackets:count,,,2222
Exponential-capacity-3287-20210301-21:50:13-11318,attr,Aerocom.aircraft[0].dataLink[8],sentPackets:count,source,computeSentPackets,
Exponential-capacity-3287-20210301-21:50:13-11318,scalar,Aerocom.aircraft[0].dataLink[8],actualCapacity:mean,,,9566.190984975
Exponential-capacity-3287-20210301-21:50:13-11318,attr,Aerocom.aircraft[0].dataLink[8],actualCapacity:mean,,,
Exponential-capacity-3287-20210301-21:50:13-11318,attr,Aerocom.aircraft[0].dataLink[8],actualCapacity:mean,source,computeActualCapacity,
Exponential-capacity-3287-20210301-21:50:13-11318,scalar,Aerocom.aircraft[0].dataLink[9],sentPackets:count,,,1011
Exponential-capacity-3287-20210301-21:50:13-11318,attr,Aerocom.aircraft[0].dataLink[9],sentPackets:count,source,computeSentPackets,
Exponential-capacity-3287-20210301-21:50:13-11318,scalar,Aerocom.aircraft[0].dataLink[9],actualCapacity:mean,,,9385.6129753915
Exponential-capacity-3287-20210301-21:50:13-11318,attr,Aerocom.aircraft[0].dataLink[9],actualCapacity:mean,,,
Exponential-capacity-3287-20210301-21:50:13-11318,attr,Aerocom.aircraft[0].dataLink[9],actualCapacity:mean,source,computeActualCapacity,
Exponential-capacity-3287-20210301-21:50:13-11318,scalar,Aerocom.aircraft[0].dataLink[10],sentPackets:count,,,1196
Exponential-capacity-3287-20210301-21:50:13-11318,attr,Aerocom.aircraft[0].dataLink[10],sentPackets:count,source,computeSentPackets,
Exponential-capacity-3287-20210301-21:50:13-11318,scalar,Aerocom.aircraft[0].dataLink[10],actualCapacity:mean,,,9461.3383838384
Exponential-capacity-3287-20210301-21:50:13-11318,attr,Aerocom.aircraft[0].dataLink[10],actualCapacity:mean,,,
Exponential-capacity-3287-20210301-21:50:13-11318,attr,Aerocom.aircraft[0].dataLink[10],actualCapacity:mean,source,computeActualCapacity,
Exponential-capacity-3287-20210301-21:50:13-11318,scalar,Aerocom.aircraft[0].dataLink[11],sentPackets:count,,,972
Exponential-capacity-3287-20210301-21:50:13-11318,attr,Aerocom.aircraft[0].dataLink[11],sentPackets:count,source,computeSentPackets,
Exponential-capacity-3287-20210301-21:50:13-11318,scalar,Aerocom.aircraft[0].dataLink[11],actualCapacity:mean,,,9378.2655270655
Exponential-capacity-3287-20210301-21:50:13-11318,attr,Aerocom.aircraft[0].dataLink[11],actualCapacity:mean,,,
Exponential-capacity-3287-20210301-21:50:13-11318,attr,Aerocom.aircraft[0].dataLink[11],actualCapacity:mean,source,computeActualCapacity,
Exponential-capacity-3287-20210301-21:50:13-11318,scalar,Aerocom.aircraft[0].dataLink[12],sentPackets:count,,,876
Exponential-capacity-3287-20210301-21:50:13-11318,attr,Aerocom.aircraft[0].dataLink[12],sentPackets:count,source,computeSentPackets,
Exponential-capacity-3287-20210301-21:50:13-11318,scalar,Aerocom.aircraft[0].dataLink[12],actualCapacity:mean,,,9411.1467391304
Exponential-capacity-3287-20210301-21:50:13-11318,attr,Aerocom.aircraft[0].dataLink[12],actualCapacity:mean,,,
Exponential-capacity-3287-20210301-21:50:13-11318,attr,Aerocom.aircraft[0].dataLink[12],actualCapacity:mean,source,computeActualCapacity,
Exponential-capacity-3287-20210301-21:50:13-11318,scalar,Aerocom.aircraft[0].dataLink[13],sentPackets:count,,,981
Exponential-capacity-3287-20210301-21:50:13-11318,attr,Aerocom.aircraft[0].dataLink[13],sentPackets:count,source,computeSentPackets,
Exponential-capacity-3287-20210301-21:50:13-11318,scalar,Aerocom.aircraft[0].dataLink[13],actualCapacity:mean,,,9444.777399205
Exponential-capacity-3287-20210301-21:50:13-11318,attr,Aerocom.aircraft[0].dataLink[13],actualCapacity:mean,,,
Exponential-capacity-3287-20210301-21:50:13-11318,attr,Aerocom.aircraft[0].dataLink[13],actualCapacity:mean,source,computeActualCapacity,
Exponential-capacity-3287-20210301-21:50:13-11318,scalar,Aerocom.aircraft[0].dataLink[14],sentPackets:count,,,1059
Exponential-capacity-3287-20210301-21:50:13-11318,attr,Aerocom.aircraft[0].dataLink[14],sentPackets:count,source,computeSentPackets,
Exponential-capacity-3287-20210301-21:50:13-11318,scalar,Aerocom.aircraft[0].dataLink[14],actualCapacity:mean,,,9406.4278715297
Exponential-capacity-3287-20210301-21:50:13-11318,attr,Aerocom.aircraft[0].dataLink[14],actualCapacity:mean,,,
Exponential-capacity-3287-20210301-21:50:13-11318,attr,Aerocom.aircraft[0].dataLink[14],actualCapacity:mean,source,computeActualCapacity,
Exponential-capacity-3287-20210301-21:50:13-11318,scalar,Aerocom.aircraft[0].dataLink[15],sentPackets:count,,,1982
Exponential-capacity-3287-20210301-21:50:13-11318,attr,Aerocom.aircraft[0].dataLink[15],sentPackets:count,source,computeSentPackets,
Exponential-capacity-3287-20210301-21:50:13-11318,scalar,Aerocom.aircraft[0].dataLink[15],actualCapacity:mean,,,9600.9490422841
Exponential-capacity-3287-20210301-21:50:13-11318,attr,Aerocom.aircraft[0].dataLink[15],actualCapacity:mean,,,
Exponential-capacity-3287-20210301-21:50:13-11318,attr,Aerocom.aircraft[0].dataLink[15],actualCapacity:mean,source,computeActualCapacity,
Exponential-capacity-3287-20210301-21:50:13-11318,scalar,Aerocom.controlTower,receivedPackets:count,,,19627
Exponential-capacity-3287-20210301-21:50:13-11318,attr,Aerocom.controlTower,receivedPackets:count,source,computeReceivedPackets,
Exponential-capacity-3288-20210301-21:50:11-11323,scalar,Aerocom.aircraft[0].linkSelector,responseTime:mean,,,0.55651764506837
Exponential-capacity-3288-20210301-21:50:11-11323,attr,Aerocom.aircraft[0].linkSelector,responseTime:mean,,,
Exponential-capacity-3288-20210301-21:50:11-11323,attr,Aerocom.aircraft[0].linkSelector,responseTime:mean,source,computeResponseTime,
Exponential-capacity-3288-20210301-21:50:11-11323,scalar,Aerocom.aircraft[0].linkSelector,meanMalus:sum,,,13126
Exponential-capacity-3288-20210301-21:50:11-11323,attr,Aerocom.aircraft[0].linkSelector,meanMalus:sum,,,
Exponential-capacity-3288-20210301-21:50:11-11323,attr,Aerocom.aircraft[0].linkSelector,meanMalus:sum,source,computeMeanMalus,
Exponential-capacity-3288-20210301-21:50:11-11323,scalar,Aerocom.aircraft[0].linkSelector,waitingTime:mean,,,0.54934423445288
Exponential-capacity-3288-20210301-21:50:11-11323,attr,Aerocom.aircraft[0].linkSelector,waitingTime:mean,,,
Exponential-capacity-3288-20210301-21:50:11-11323,attr,Aerocom.aircraft[0].linkSelector,waitingTime:mean,source,computeWaitingTime,
Exponential-capacity-3288-20210301-21:50:11-11323,scalar,Aerocom.aircraft[0].linkSelector,serviceTime:mean,,,0.0071949395957978
Exponential-capacity-3288-20210301-21:50:11-11323,attr,Aerocom.aircraft[0].linkSelector,serviceTime:mean,,,
Exponential-capacity-3288-20210301-21:50:11-11323,attr,Aerocom.aircraft[0].linkSelector,serviceTime:mean,source,computeServiceTime,
Exponential-capacity-3288-20210301-21:50:11-11323,scalar,Aerocom.aircraft[0].linkSelector,queueLength:mean,,,27.431748151191
Exponential-capacity-3288-20210301-21:50:11-11323,attr,Aerocom.aircraft[0].linkSelector,queueLength:mean,,,
Exponential-capacity-3288-20210301-21:50:11-11323,attr,Aerocom.aircraft[0].linkSelector,queueLength:mean,source,computeQueueLength,
Exponential-capacity-3288-20210301-21:50:11-11323,scalar,Aerocom.aircraft[0].dataLink[0],sentPackets:count,,,993
Exponential-capacity-3288-20210301-21:50:11-11323,attr,Aerocom.aircraft[0].dataLink[0],sentPackets:count,source,computeSentPackets,
Exponential-capacity-3288-20210301-21:50:11-11323,scalar,Aerocom.aircraft[0].dataLink[0],actualCapacity:mean,,,9374.4158694429
Exponential-capacity-3288-20210301-21:50:11-11323,attr,Aerocom.aircraft[0].dataLink[0],actualCapacity:mean,,,
Exponential-capacity-3288-20210301-21:50:11-11323,attr,Aerocom.aircraft[0].dataLink[0],actualCapacity:mean,source,computeActualCapacity,
Exponential-capacity-3288-20210301-21:50:11-11323,scalar,Aerocom.aircraft[0].dataLink[1],sentPackets:count,,,1416
Exponential-capacity-3288-20210301-21:50:11-11323,attr,Aerocom.aircraft[0].dataLink[1],sentPackets:count,source,computeSentPackets,
Exponential-capacity-3288-20210301-21:50:11-11323,scalar,Aerocom.aircraft[0].dataLink[1],actualCapacity:mean,,,9487.0829913361
Exponential-capacity-3288-20210301-21:50:11-11323,attr,Aerocom.aircraft[0].dataLink[1],actualCapacity:mean,,,
Exponential-capacity-3288-20210301-21:50:11-11323,attr,Aerocom.aircraft[0].dataLink[1],actualCapacity:mean,source,computeActualCapacity,
Exponential-capacity-3288-20210301-21:50:11-11323,scalar,Aerocom.aircraft[0].dataLink[2],sentPackets:count,,,1454
Exponential-capacity-3288-20210301-21:50:11-11323,attr,Aerocom.aircraft[0].dataLink[2],sentPackets:count,source,computeSentPackets,
Exponential-capacity-3288-20210301-21:50:11-11323,scalar,Aerocom.aircraft[0].dataLink[2],actualCapacity:mean,,,9507.4726702509
Exponential-capacity-3288-20210301-21:50:11-11323,attr,Aerocom.aircraft[0].dataLink[2],actualCapacity:mean,,,
Exponential-capacity-3288-20210301-21:50:11-11323,attr,Aerocom.aircraft[0].dataLink[2],actualCapacity:mean,source,computeActualCapacity,
Exponential-capacity-3288-20210301-21:50:11-11323,scalar,Aerocom.aircraft[0].dataLink[3],sentPackets:count,,,1350
Exponential-capacity-3288-20210301-21:50:11-11323,attr,Aerocom.aircraft[0].dataLink[3],sentPackets:count,source,computeSentPackets,
Exponential-capacity-3288-20210301-21:50:11-11323,scalar,Aerocom.aircraft[0].dataLink[3],actualCapacity:mean,,,9368.4265603003
Exponential-capacity-3288-20210301-21:50:11-11323,attr,Aerocom.aircraft[0].dataLink[3],actualCapacity:mean,,,
Exponential-capacity-3288-20210301-21:50:11-11323,attr,Aerocom.aircraft[0].dataLink[3],actualCapacity:mean,source,computeActualCapacity,
Exponential-capacity-3288-20210301-21:50:11-11323,scalar,Aerocom.aircraft[0].dataLink[4],sentPackets:count,,,1587
Exponential-capacity-3288-20210301-21:50:11-11323,attr,Aerocom.aircraft[0].dataLink[4],sentPackets:count,source,computeSentPackets,
Exponential-capacity-3288-20210301-21:50:11-11323,scalar,Aerocom.aircraft[0].dataLink[4],actualCapacity:mean,,,9520.8540084388
Exponential-capacity-3288-20210301-21:50:11-11323,attr,Aerocom.aircraft[0].dataLink[4],actualCapacity:mean,,,
Exponential-capacity-3288-20210301-21:50:11-11323,attr,Aerocom.aircraft[0].dataLink[4],actualCapacity:mean,source,computeActualCapacity,
Exponential-capacity-3288-20210301-21:50:11-11323,scalar,Aerocom.aircraft[0].dataLink[5],sentPackets:count,,,944
Exponential-capacity-3288-20210301-21:50:11-11323,attr,Aerocom.aircraft[0].dataLink[5],sentPackets:count,source,computeSentPackets,
Exponential-capacity-3288-20210301-21:50:11-11323,scalar,Aerocom.aircraft[0].dataLink[5],actualCapacity:mean,,,9413
Exponential-capacity-3288-20210301-21:50:11-11323,attr,Aerocom.aircraft[0].dataLink[5],actualCapacity:mean,,,
Exponential-capacity-3288-20210301-21:50:11-11323,attr,Aerocom.aircraft[0].dataLink[5],actualCapacity:mean,source,computeActualCapacity,
Exponential-capacity-3288-20210301-21:50:11-11323,scalar,Aerocom.aircraft[0].dataLink[6],sentPackets:count,,,1122
Exponential-capacity-3288-20210301-21:50:11-11323,attr,Aerocom.aircraft[0].dataLink[6],sentPackets:count,source,computeSentPackets,
Exponential-capacity-3288-20210301-21:50:11-11323,scalar,Aerocom.aircraft[0].dataLink[6],actualCapacity:mean,,,9455.3016290068
Exponential-capacity-3288-20210301-21:50:11-11323,attr,Aerocom.aircraft[0].dataLink[6],actualCapacity:mean,,,
Exponential-capacity-3288-20210301-21:50:11-11323,attr,Aerocom.aircraft[0].dataLink[6],actualCapacity:mean,source,computeActualCapacity,
Exponential-capacity-3288-20210301-21:50:11-11323,scalar,Aerocom.aircraft[0].dataLink[7],sentPackets:count,,,1096
Exponential-capacity-3288-20210301-21:50:11-11323,attr,Aerocom.aircraft[0].dataLink[7],sentPackets:count,source,computeSentPackets,
Exponential-capacity-3288-20210301-21:50:11-11323,scalar,Aerocom.aircraft[0].dataLink[7],actualCapacity:mean,,,9417.9010111762
Exponential-capacity-3288-20210301-21:50:11-11323,attr,Aerocom.aircraft[0].dataLink[7],actualCapacity:mean,,,
Exponential-capacity-3288-20210301-21:50:11-11323,attr,Aerocom.aircraft[0].dataLink[7],actualCapacity:mean,source,computeActualCapacity,
Exponential-capacity-3288-20210301-21:50:11-11323,scalar,Aerocom.aircraft[0].dataLink[8],sentPackets:count,,,1675
Exponential-capacity-3288-20210301-21:50:11-11323,attr,Aerocom.aircraft[0].dataLink[8],sentPackets:count,source,computeSentPackets,
Exponential-capacity-3288-20210301-21:50:11-11323,scalar,Aerocom.aircraft[0].dataLink[8],actualCapacity:mean,,,9528.8469055375
Exponential-capacity-3288-20210301-21:50:11-11323,attr,Aerocom.aircraft[0].dataLink[8],actualCapacity:mean,,,
Exponential-capacity-3288-20210301-21:50:11-11323,attr,Aerocom.aircraft[0].dataLink[8],actualCapacity:mean,source,computeActualCapacity,
Exponential-capacity-3288-20210301-21:50:11-11323,scalar,Aerocom.aircraft[0].dataLink[9],sentPackets:count,,,1109
Exponential-capacity-3288-20210301-21:50:11-11323,attr,Aerocom.aircraft[0].dataLink[9],sentPackets:count,source,computeSentPackets,
Exponential-capacity-3288-20210301-21:50:11-11323,scalar,Aerocom.aircraft[0].dataLink[9],actualCapacity:mean,,,9435.0640889831
Exponential-capacity-3288-20210301-21:50:11-11323,attr,Aerocom.aircraft[0].dataLink[9],actualCapacity:mean,,,
Exponential-capacity-3288-20210301-21:50:11-11323,attr,Aerocom.aircraft[0].dataLink[9],actualCapacity:mean,source,computeActualCapacity,
Exponential-capacity-3288-20210301-21:50:11-11323,scalar,Aerocom.aircraft[0].dataLink[10],sentPackets:count,,,1084
Exponential-capacity-3288-20210301-21:50:11-11323,attr,Aerocom.aircraft[0].dataLink[10],sentPackets:count,source,computeSentPackets,
Exponential-capacity-3288-20210301-21:50:11-11323,scalar,Aerocom.aircraft[0].dataLink[10],actualCapacity:mean,,,9457.2502685285
Exponential-capacity-3288-20210301-21:50:11-11323,attr,Aerocom.aircraft[0].dataLink[10],actualCapacity:mean,,,
Exponential-capacity-3288-20210301-21:50:11-11323,attr,Aerocom.aircraft[0].dataLink[10],actualCapacity:mean,source,computeActualCapacity,
Exponential-capacity-3288-20210301-21:50:11-11323,scalar,Aerocom.aircraft[0].dataLink[11],sentPackets:count,,,1057
Exponential-capacity-3288-20210301-21:50:11-11323,attr,Aerocom.aircraft[0].dataLink[11],sentPackets:count,source,computeSentPackets,
Exponential-capacity-3288-20210301-21:50:11-11323,scalar,Aerocom.aircraft[0].dataLink[11],actualCapacity:mean,,,9364.6030451332
Exponential-capacity-3288-20210301-21:50:11-11323,attr,Aerocom.aircraft[0].dataLink[11],actualCapacity:mean,,,
Exponential-capacity-3288-20210301-21:50:11-11323,attr,Aerocom.aircraft[0].dataLink[11],actualCapacity:mean,source,computeActualCapacity,
Exponential-capacity-3288-20210301-21:50:11-11323,scalar,Aerocom.aircraft[0].dataLink[12],sentPackets:count,,,1274
Exponential-capacity-3288-20210301-21:50:11-11323,attr,Aerocom.aircraft[0].dataLink[12],sentPackets:count,source,computeSentPackets,
Exponential-capacity-3288-20210301-21:50:11-11323,scalar,Aerocom.aircraft[0].dataLink[12],actualCapacity:mean,,,9439.9549854792
Exponential-capacity-3288-20210301-21:50:11-11323,attr,Aerocom.aircraft[0].dataLink[12],actualCapacity:mean,,,
Exponential-capacity-3288-20210301-21:50:11-11323,attr,Aerocom.aircraft[0].dataLink[12],actualCapacity:mean,source,computeActualCapacity,
Exponential-capacity-3288-20210301-21:50:11-11323,scalar,Aerocom.aircraft[0].dataLink[13],sentPackets:count,,,818
Exponential-capacity-3288-20210301-21:50:11-11323,attr,Aerocom.aircraft[0].dataLink[13],sentPackets:count,source,computeSentPackets,
Exponential-capacity-3288-20210301-21:50:11-11323,scalar,Aerocom.aircraft[0].dataLink[13],actualCapacity:mean,,,9288.7605015674
Exponential-capacity-3288-20210301-21:50:11-11323,attr,Aerocom.aircraft[0].dataLink[13],actualCapacity:mean,,,
Exponential-capacity-3288-20210301-21:50:11-11323,attr,Aerocom.aircraft[0].dataLink[13],actualCapacity:mean,source,computeActualCapacity,
Exponential-capacity-3288-20210301-21:50:11-11323,scalar,Aerocom.aircraft[0].dataLink[14],sentPackets:count,,,1503
Exponential-capacity-3288-20210301-21:50:11-11323,attr,Aerocom.aircraft[0].dataLink[14],sentPackets:count,source,computeSentPackets,
Exponential-capacity-3288-20210301-21:50:11-11323,scalar,Aerocom.aircraft[0].dataLink[14],actualCapacity:mean,,,9456.6584723442
Exponential-capacity-3288-20210301-21:50:11-11323,attr,Aerocom.aircraft[0].dataLink[14],actualCapacity:mean,,,
Exponential-capacity-3288-20210301-21:50:11-11323,attr,Aerocom.aircraft[0].dataLink[14],actualCapacity:mean,source,computeActualCapacity,
Exponential-capacity-3288-20210301-21:50:11-11323,scalar,Aerocom.aircraft[0].dataLink[15],sentPackets:count,,,989
Exponential-capacity-3288-20210301-21:50:11-11323,attr,Aerocom.aircraft[0].dataLink[15],sentPackets:count,source,computeSentPackets,
Exponential-capacity-3288-20210301-21:50:11-11323,scalar,Aerocom.aircraft[0].dataLink[15],actualCapacity:mean,,,9441.6097972973
Exponential-capacity-3288-20210301-21:50:11-11323,attr,Aerocom.aircraft[0].dataLink[15],actualCapacity:mean,,,
Exponential-capacity-3288-20210301-21:50:11-11323,attr,Aerocom.aircraft[0].dataLink[15],actualCapacity:mean,source,computeActualCapacity,
Exponential-capacity-3288-20210301-21:50:11-11323,scalar,Aerocom.controlTower,receivedPackets:count,,,19471
Exponential-capacity-3288-20210301-21:50:11-11323,attr,Aerocom.controlTower,receivedPackets:count,source,computeReceivedPackets,
Exponential-capacity-3289-20210301-21:50:11-11323,scalar,Aerocom.aircraft[0].linkSelector,responseTime:mean,,,0.5931502287464
Exponential-capacity-3289-20210301-21:50:11-11323,attr,Aerocom.aircraft[0].linkSelector,responseTime:mean,,,
Exponential-capacity-3289-20210301-21:50:11-11323,attr,Aerocom.aircraft[0].linkSelector,responseTime:mean,source,computeResponseTime,
Exponential-capacity-3289-20210301-21:50:11-11323,scalar,Aerocom.aircraft[0].linkSelector,meanMalus:sum,,,13008
Exponential-capacity-3289-20210301-21:50:11-11323,attr,Aerocom.aircraft[0].linkSelector,meanMalus:sum,,,
Exponential-capacity-3289-20210301-21:50:11-11323,attr,Aerocom.aircraft[0].linkSelector,meanMalus:sum,source,computeMeanMalus,
Exponential-capacity-3289-20210301-21:50:11-11323,scalar,Aerocom.aircraft[0].linkSelector,waitingTime:mean,,,0.58594566395717
Exponential-capacity-3289-20210301-21:50:11-11323,attr,Aerocom.aircraft[0].linkSelector,waitingTime:mean,,,
Exponential-capacity-3289-20210301-21:50:11-11323,attr,Aerocom.aircraft[0].linkSelector,waitingTime:mean,source,computeWaitingTime,
Exponential-capacity-3289-20210301-21:50:11-11323,scalar,Aerocom.aircraft[0].linkSelector,serviceTime:mean,,,0.0072045647892536
Exponential-capacity-3289-20210301-21:50:11-11323,attr,Aerocom.aircraft[0].linkSelector,serviceTime:mean,,,
Exponential-capacity-3289-20210301-21:50:11-11323,attr,Aerocom.aircraft[0].linkSelector,serviceTime:mean,source,computeServiceTime,
Exponential-capacity-3289-20210301-21:50:11-11323,scalar,Aerocom.aircraft[0].linkSelector,queueLength:mean,,,28.952845276789
Exponential-capacity-3289-20210301-21:50:11-11323,attr,Aerocom.aircraft[0].linkSelector,queueLength:mean,,,
Exponential-capacity-3289-20210301-21:50:11-11323,attr,Aerocom.aircraft[0].linkSelector,queueLength:mean,source,computeQueueLength,
Exponential-capacity-3289-20210301-21:50:11-11323,scalar,Aerocom.aircraft[0].dataLink[0],sentPackets:count,,,1440
Exponential-capacity-3289-20210301-21:50:11-11323,attr,Aerocom.aircraft[0].dataLink[0],sentPackets:count,source,computeSentPackets,
Exponential-capacity-3289-20210301-21:50:11-11323,scalar,Aerocom.aircraft[0].dataLink[0],actualCapacity:mean,,,9476.1013907582
Exponential-capacity-3289-20210301-21:50:11-11323,attr,Aerocom.aircraft[0].dataLink[0],actualCapacity:mean,,,
Exponential-capacity-3289-20210301-21:50:11-11323,attr,Aerocom.aircraft[0].dataLink[0],actualCapacity:mean,source,computeActualCapacity,
Exponential-capacity-3289-20210301-21:50:11-11323,scalar,Aerocom.aircraft[0].dataLink[1],sentPackets:count,,,780
Exponential-capacity-3289-20210301-21:50:11-11323,attr,Aerocom.aircraft[0].dataLink[1],sentPackets:count,source,computeSentPackets,
Exponential-capacity-3289-20210301-21:50:11-11323,scalar,Aerocom.aircraft[0].dataLink[1],actualCapacity:mean,,,9355.575
Exponential-capacity-3289-20210301-21:50:11-11323,attr,Aerocom.aircraft[0].dataLink[1],actualCapacity:mean,,,
Exponential-capacity-3289-20210301-21:50:11-11323,attr,Aerocom.aircraft[0].dataLink[1],actualCapacity:mean,source,computeActualCapacity,
Exponential-capacity-3289-20210301-21:50:11-11323,scalar,Aerocom.aircraft[0].dataLink[2],sentPackets:count,,,1518
Exponential-capacity-3289-20210301-21:50:11-11323,attr,Aerocom.aircraft[0].dataLink[2],sentPackets:count,source,computeSentPackets,
Exponential-capacity-3289-20210301-21:50:11-11323,scalar,Aerocom.aircraft[0].dataLink[2],actualCapacity:mean,,,9523.654331737
Exponential-capacity-3289-20210301-21:50:11-11323,attr,Aerocom.aircraft[0].dataLink[2],actualCapacity:mean,,,
Exponential-capacity-3289-20210301-21:50:11-11323,attr,Aerocom.aircraft[0].dataLink[2],actualCapacity:mean,source,computeActualCapacity,
Exponential-capacity-3289-20210301-21:50:11-11323,scalar,Aerocom.aircraft[0].dataLink[3],sentPackets:count,,,2197
Exponential-capacity-3289-20210301-21:50:11-11323,attr,Aerocom.aircraft[0].dataLink[3],sentPackets:count,source,computeSentPackets,
Exponential-capacity-3289-20210301-21:50:11-11323,scalar,Aerocom.aircraft[0].dataLink[3],actualCapacity:mean,,,9544.7005365526
Exponential-capacity-3289-20210301-21:50:11-11323,attr,Aerocom.aircraft[0].dataLink[3],actualCapacity:mean,,,
Exponential-capacity-3289-20210301-21:50:11-11323,attr,Aerocom.aircraft[0].dataLink[3],actualCapacity:mean,source,computeActualCapacity,
Exponential-capacity-3289-20210301-21:50:11-11323,scalar,Aerocom.aircraft[0].dataLink[4],sentPackets:count,,,694
Exponential-capacity-3289-20210301-21:50:11-11323,attr,Aerocom.aircraft[0].dataLink[4],sentPackets:count,source,computeSentPackets,
Exponential-capacity-3289-20210301-21:50:11-11323,scalar,Aerocom.aircraft[0].dataLink[4],actualCapacity:mean,,,9257.4746106974
Exponential-capacity-3289-20210301-21:50:11-11323,attr,Aerocom.aircraft[0].dataLink[4],actualCapacity:mean,,,
Exponential-capacity-3289-20210301-21:50:11-11323,attr,Aerocom.aircraft[0].dataLink[4],actualCapacity:mean,source,computeActualCapacity,
Exponential-capacity-3289-20210301-21:50:11-11323,scalar,Aerocom.aircraft[0].dataLink[5],sentPackets:count,,,1038
Exponential-capacity-3289-20210301-21:50:11-11323,attr,Aerocom.aircraft[0].dataLink[5],sentPackets:count,source,computeSentPackets,
Exponential-capacity-3289-20210301-21:50:11-11323,scalar,Aerocom.aircraft[0].dataLink[5],actualCapacity:mean,,,9371.8593406593
Exponential-capacity-3289-20210301-21:50:11-11323,attr,Aerocom.aircraft[0].dataLink[5],actualCapacity:mean,,,
Exponential-capacity-3289-20210301-21:50:11-11323,attr,Aerocom.aircraft[0].dataLink[5],actualCapacity:mean,source,computeActualCapacity,
Exponential-capacity-3289-20210301-21:50:11-11323,scalar,Aerocom.aircraft[0].dataLink[6],sentPackets:count,,,1639
Exponential-capacity-3289-20210301-21:50:11-11323,attr,Aerocom.aircraft[0].dataLink[6],sentPackets:count,source,computeSentPackets,
Exponential-capacity-3289-20210301-21:50:11-11323,scalar,Aerocom.aircraft[0].dataLink[6],actualCapacity:mean,,,9509.7783291977
Exponential-capacity-3289-20210301-21:50:11-11323,attr,Aerocom.aircraft[0].dataLink[6],actualCapacity:mean,,,
Exponential-capacity-3289-20210301-21:50:11-11323,attr,Aerocom.aircraft[0].dataLink[6],actualCapacity:mean,source,computeActualCapacity,
Exponential-capacity-3289-20210301-21:50:11-11323,scalar,Aerocom.aircraft[0].dataLink[7],sentPackets:count,,,1106
Exponential-capacity-3289-20210301-21:50:11-11323,attr,Aerocom.aircraft[0].dataLink[7],sentPackets:count,source,computeSentPackets,
Exponential-capacity-3289-20210301-21:50:11-11323,scalar,Aerocom.aircraft[0].dataLink[7],actualCapacity:mean,,,9392.8748674443
Exponential-capacity-3289-20210301-21:50:11-11323,attr,Aerocom.aircraft[0].dataLink[7],actualCapacity:mean,,,
Exponential-capacity-3289-20210301-21:50:11-11323,attr,Aerocom.aircraft[0].dataLink[7],actualCapacity:mean,source,computeActualCapacity,
Exponential-capacity-3289-20210301-21:50:11-11323,scalar,Aerocom.aircraft[0].dataLink[8],sentPackets:count,,,2060
Exponential-capacity-3289-20210301-21:50:11-11323,attr,Aerocom.aircraft[0].dataLink[8],sentPackets:count,source,computeSentPackets,
Exponential-capacity-3289-20210301-21:50:11-11323,scalar,Aerocom.aircraft[0].dataLink[8],actualCapacity:mean,,,9524.9919156415
Exponential-capacity-3289-20210301-21:50:11-11323,attr,Aerocom.aircraft[0].dataLink[8],actualCapacity:mean,,,
Exponential-capacity-3289-20210301-21:50:11-11323,attr,Aerocom.aircraft[0].dataLink[8],actualCapacity:mean,source,computeActualCapacity,
Exponential-capacity-3289-20210301-21:50:11-11323,scalar,Aerocom.aircraft[0].dataLink[9],sentPackets:count,,,1415
Exponential-capacity-3289-20210301-21:50:11-11323,attr,Aerocom.aircraft[0].dataLink[9],sentPackets:count,source,computeSentPackets,
Exponential-capacity-3289-20210301-21:50:11-11323,scalar,Aerocom.aircraft[0].dataLink[9],actualCapacity:mean,,,9487.0779398359
Exponential-capacity-3289-20210301-21:50:11-11323,attr,Aerocom.aircraft[0].dataLink[9],actualCapacity:mean,,,
Exponential-capacity-3289-20210301-21:50:11-11323,attr,Aerocom.aircraft[0].dataLink[9],actualCapacity:mean,source,computeActualCapacity,
Exponential-capacity-3289-20210301-21:50:11-11323,scalar,Aerocom.aircraft[0].dataLink[10],sentPackets:count,,,761
Exponential-capacity-3289-20210301-21:50:11-11323,attr,Aerocom.aircraft[0].dataLink[10],sentPackets:count,source,computeSentPackets,
Exponential-capacity-3289-20210301-21:50:11-11323,scalar,Aerocom.aircraft[0].dataLink[10],actualCapacity:mean,,,9327.9631306598
Exponential-capacity-3289-20210301-21:50:11-11323,attr,Aerocom.aircraft[0].dataLink[10],actualCapacity:mean,,,
Exponential-capacity-3289-20210301-21:50:11-11323,attr,Aerocom.aircraft[0].dataLink[10],actualCapacity:mean,source,computeActualCapacity,
Exponential-capacity-3289-20210301-21:50:11-11323,scalar,Aerocom.aircraft[0].dataLink[11],sentPackets:count,,,578
Exponential-capacity-3289-20210301-21:50:11-11323,attr,Aerocom.aircraft[0].dataLink[11],sentPackets:count,source,computeSentPackets,
Exponential-capacity-3289-20210301-21:50:11-11323,scalar,Aerocom.aircraft[0].dataLink[11],actualCapacity:mean,,,9274.5088105727
Exponential-capacity-3289-20210301-21:50:11-11323,attr,Aerocom.aircraft[0].dataLink[11],actualCapacity:mean,,,
Exponential-capacity-3289-20210301-21:50:11-11323,attr,Aerocom.aircraft[0].dataLink[11],actualCapacity:mean,source,computeActualCapacity,
Exponential-capacity-3289-20210301-21:50:11-11323,scalar,Aerocom.aircraft[0].dataLink[12],sentPackets:count,,,797
Exponential-capacity-3289-20210301-21:50:11-11323,attr,Aerocom.aircraft[0].dataLink[12],sentPackets:count,source,computeSentPackets,
Exponential-capacity-3289-20210301-21:50:11-11323,scalar,Aerocom.aircraft[0].dataLink[12],actualCapacity:mean,,,9318.9265175719
Exponential-capacity-3289-20210301-21:50:11-11323,attr,Aerocom.aircraft[0].dataLink[12],actualCapacity:mean,,,
Exponential-capacity-3289-20210301-21:50:11-11323,attr,Aerocom.aircraft[0].dataLink[12],actualCapacity:mean,source,computeActualCapacity,
Exponential-capacity-3289-20210301-21:50:11-11323,scalar,Aerocom.aircraft[0].dataLink[13],sentPackets:count,,,1113
Exponential-capacity-3289-20210301-21:50:11-11323,attr,Aerocom.aircraft[0].dataLink[13],sentPackets:count,source,computeSentPackets,
Exponential-capacity-3289-20210301-21:50:11-11323,scalar,Aerocom.aircraft[0].dataLink[13],actualCapacity:mean,,,9426.3308589608
Exponential-capacity-3289-20210301-21:50:11-11323,attr,Aerocom.aircraft[0].dataLink[13],actualCapacity:mean,,,
Exponential-capacity-3289-20210301-21:50:11-11323,attr,Aerocom.aircraft[0].dataLink[13],actualCapacity:mean,source,computeActualCapacity,
Exponential-capacity-3289-20210301-21:50:11-11323,scalar,Aerocom.aircraft[0].dataLink[14],sentPackets:count,,,1841
Exponential-capacity-3289-20210301-21:50:11-11323,attr,Aerocom.aircraft[0].dataLink[14],sentPackets:count,source,computeSentPackets,
Exponential-capacity-3289-20210301-21:50:11-11323,scalar,Aerocom.aircraft[0].dataLink[14],actualCapacity:mean,,,9531.3883384146
Exponential-capacity-3289-20210301-21:50:11-11323,attr,Aerocom.aircraft[0].dataLink[14],actualCapacity:mean,,,
Exponential-capacity-3289-20210301-21:50:11-11323,attr,Aerocom.aircraft[0].dataLink[14],actualCapacity:mean,source,computeActualCapacity,
Exponential-capacity-3289-20210301-21:50:11-11323,scalar,Aerocom.aircraft[0].dataLink[15],sentPackets:count,,,406
Exponential-capacity-3289-20210301-21:50:11-11323,attr,Aerocom.aircraft[0].dataLink[15],sentPackets:count,source,computeSentPackets,
Exponential-capacity-3289-20210301-21:50:11-11323,scalar,Aerocom.aircraft[0].dataLink[15],actualCapacity:mean,,,9194.7255892256
Exponential-capacity-3289-20210301-21:50:11-11323,attr,Aerocom.aircraft[0].dataLink[15],actualCapacity:mean,,,
Exponential-capacity-3289-20210301-21:50:11-11323,attr,Aerocom.aircraft[0].dataLink[15],actualCapacity:mean,source,computeActualCapacity,
Exponential-capacity-3289-20210301-21:50:11-11323,scalar,Aerocom.controlTower,receivedPackets:count,,,19383
Exponential-capacity-3289-20210301-21:50:11-11323,attr,Aerocom.controlTower,receivedPackets:count,source,computeReceivedPackets,
Exponential-capacity-3209-20210301-21:50:09-11272,scalar,Aerocom.aircraft[0].linkSelector,responseTime:mean,,,0.58272442181423
Exponential-capacity-3209-20210301-21:50:09-11272,attr,Aerocom.aircraft[0].linkSelector,responseTime:mean,,,
Exponential-capacity-3209-20210301-21:50:09-11272,attr,Aerocom.aircraft[0].linkSelector,responseTime:mean,source,computeResponseTime,
Exponential-capacity-3209-20210301-21:50:09-11272,scalar,Aerocom.aircraft[0].linkSelector,meanMalus:sum,,,12708
Exponential-capacity-3209-20210301-21:50:09-11272,attr,Aerocom.aircraft[0].linkSelector,meanMalus:sum,,,
Exponential-capacity-3209-20210301-21:50:09-11272,attr,Aerocom.aircraft[0].linkSelector,meanMalus:sum,source,computeMeanMalus,
Exponential-capacity-3209-20210301-21:50:09-11272,scalar,Aerocom.aircraft[0].linkSelector,waitingTime:mean,,,0.5755352828421
Exponential-capacity-3209-20210301-21:50:09-11272,attr,Aerocom.aircraft[0].linkSelector,waitingTime:mean,,,
Exponential-capacity-3209-20210301-21:50:09-11272,attr,Aerocom.aircraft[0].linkSelector,waitingTime:mean,source,computeWaitingTime,
Exponential-capacity-3209-20210301-21:50:09-11272,scalar,Aerocom.aircraft[0].linkSelector,serviceTime:mean,,,0.0072186089921647
Exponential-capacity-3209-20210301-21:50:09-11272,attr,Aerocom.aircraft[0].linkSelector,serviceTime:mean,,,
Exponential-capacity-3209-20210301-21:50:09-11272,attr,Aerocom.aircraft[0].linkSelector,serviceTime:mean,source,computeServiceTime,
Exponential-capacity-3209-20210301-21:50:09-11272,scalar,Aerocom.aircraft[0].linkSelector,queueLength:mean,,,28.56727421667
Exponential-capacity-3209-20210301-21:50:09-11272,attr,Aerocom.aircraft[0].linkSelector,queueLength:mean,,,
Exponential-capacity-3209-20210301-21:50:09-11272,attr,Aerocom.aircraft[0].linkSelector,queueLength:mean,source,computeQueueLength,
Exponential-capacity-3209-20210301-21:50:09-11272,scalar,Aerocom.aircraft[0].dataLink[0],sentPackets:count,,,1131
Exponential-capacity-3209-20210301-21:50:09-11272,attr,Aerocom.aircraft[0].dataLink[0],sentPackets:count,source,computeSentPackets,
Exponential-capacity-3209-20210301-21:50:09-11272,scalar,Aerocom.aircraft[0].dataLink[0],actualCapacity:mean,,,9412.6154649948
Exponential-capacity-3209-20210301-21:50:09-11272,attr,Aerocom.aircraft[0].dataLink[0],actualCapacity:mean,,,
Exponential-capacity-3209-20210301-21:50:09-11272,attr,Aerocom.aircraft[0].dataLink[0],actualCapacity:mean,source,computeActualCapacity,
Exponential-capacity-3209-20210301-21:50:09-11272,scalar,Aerocom.aircraft[0].dataLink[1],sentPackets:count,,,1150
Exponential-capacity-3209-20210301-21:50:09-11272,attr,Aerocom.aircraft[0].dataLink[1],sentPackets:count,source,computeSentPackets,
Exponential-capacity-3209-20210301-21:50:09-11272,scalar,Aerocom.aircraft[0].dataLink[1],actualCapacity:mean,,,9399.7492260062
Exponential-capacity-3209-20210301-21:50:09-11272,attr,Aerocom.aircraft[0].dataLink[1],actualCapacity:mean,,,
Exponential-capacity-3209-20210301-21:50:09-11272,attr,Aerocom.aircraft[0].dataLink[1],actualCapacity:mean,source,computeActualCapacity,
Exponential-capacity-3209-20210301-21:50:09-11272,scalar,Aerocom.aircraft[0].dataLink[2],sentPackets:count,,,1955
Exponential-capacity-3209-20210301-21:50:09-11272,attr,Aerocom.aircraft[0].dataLink[2],sentPackets:count,source,computeSentPackets,
Exponential-capacity-3209-20210301-21:50:09-11272,scalar,Aerocom.aircraft[0].dataLink[2],actualCapacity:mean,,,9535.4734917733
Exponential-capacity-3209-20210301-21:50:09-11272,attr,Aerocom.aircraft[0].dataLink[2],actualCapacity:mean,,,
Exponential-capacity-3209-20210301-21:50:09-11272,attr,Aerocom.aircraft[0].dataLink[2],actualCapacity:mean,source,computeActualCapacity,
Exponential-capacity-3209-20210301-21:50:09-11272,scalar,Aerocom.aircraft[0].dataLink[3],sentPackets:count,,,1514
Exponential-capacity-3209-20210301-21:50:09-11272,attr,Aerocom.aircraft[0].dataLink[3],sentPackets:count,source,computeSentPackets,
Exponential-capacity-3209-20210301-21:50:09-11272,scalar,Aerocom.aircraft[0].dataLink[3],actualCapacity:mean,,,9404.728024369
Exponential-capacity-3209-20210301-21:50:09-11272,attr,Aerocom.aircraft[0].dataLink[3],actualCapacity:mean,,,
Exponential-capacity-3209-20210301-21:50:09-11272,attr,Aerocom.aircraft[0].dataLink[3],actualCapacity:mean,source,computeActualCapacity,
Exponential-capacity-3209-20210301-21:50:09-11272,scalar,Aerocom.aircraft[0].dataLink[4],sentPackets:count,,,1374
Exponential-capacity-3209-20210301-21:50:09-11272,attr,Aerocom.aircraft[0].dataLink[4],sentPackets:count,source,computeSentPackets,
Exponential-capacity-3209-20210301-21:50:09-11272,scalar,Aerocom.aircraft[0].dataLink[4],actualCapacity:mean,,,9482.1283595922
Exponential-capacity-3209-20210301-21:50:09-11272,attr,Aerocom.aircraft[0].dataLink[4],actualCapacity:mean,,,
Exponential-capacity-3209-20210301-21:50:09-11272,attr,Aerocom.aircraft[0].dataLink[4],actualCapacity:mean,source,computeActualCapacity,
Exponential-capacity-3209-20210301-21:50:09-11272,scalar,Aerocom.aircraft[0].dataLink[5],sentPackets:count,,,1853
Exponential-capacity-3209-20210301-21:50:09-11272,attr,Aerocom.aircraft[0].dataLink[5],sentPackets:count,source,computeSentPackets,
Exponential-capacity-3209-20210301-21:50:09-11272,scalar,Aerocom.aircraft[0].dataLink[5],actualCapacity:mean,,,9518.4271623672
Exponential-capacity-3209-20210301-21:50:09-11272,attr,Aerocom.aircraft[0].dataLink[5],actualCapacity:mean,,,
Exponential-capacity-3209-20210301-21:50:09-11272,attr,Aerocom.aircraft[0].dataLink[5],actualCapacity:mean,source,computeActualCapacity,
Exponential-capacity-3209-20210301-21:50:09-11272,scalar,Aerocom.aircraft[0].dataLink[6],sentPackets:count,,,949
Exponential-capacity-3209-20210301-21:50:09-11272,attr,Aerocom.aircraft[0].dataLink[6],sentPackets:count,source,computeSentPackets,
Exponential-capacity-3209-20210301-21:50:09-11272,scalar,Aerocom.aircraft[0].dataLink[6],actualCapacity:mean,,,9383.2645011601
Exponential-capacity-3209-20210301-21:50:09-11272,attr,Aerocom.aircraft[0].dataLink[6],actualCapacity:mean,,,
Exponential-capacity-3209-20210301-21:50:09-11272,attr,Aerocom.aircraft[0].dataLink[6],actualCapacity:mean,source,computeActualCapacity,
Exponential-capacity-3209-20210301-21:50:09-11272,scalar,Aerocom.aircraft[0].dataLink[7],sentPackets:count,,,1004
Exponential-capacity-3209-20210301-21:50:09-11272,attr,Aerocom.aircraft[0].dataLink[7],sentPackets:count,source,computeSentPackets,
Exponential-capacity-3209-20210301-21:50:09-11272,scalar,Aerocom.aircraft[0].dataLink[7],actualCapacity:mean,,,9440.4456278027
Exponential-capacity-3209-20210301-21:50:09-11272,attr,Aerocom.aircraft[0].dataLink[7],actualCapacity:mean,,,
Exponential-capacity-3209-20210301-21:50:09-11272,attr,Aerocom.aircraft[0].dataLink[7],actualCapacity:mean,source,computeActualCapacity,
Exponential-capacity-3209-20210301-21:50:09-11272,scalar,Aerocom.aircraft[0].dataLink[8],sentPackets:count,,,905
Exponential-capacity-3209-20210301-21:50:09-11272,attr,Aerocom.aircraft[0].dataLink[8],sentPackets:count,source,computeSentPackets,
Exponential-capacity-3209-20210301-21:50:09-11272,scalar,Aerocom.aircraft[0].dataLink[8],actualCapacity:mean,,,9381.6072489602
Exponential-capacity-3209-20210301-21:50:09-11272,attr,Aerocom.aircraft[0].dataLink[8],actualCapacity:mean,,,
Exponential-capacity-3209-20210301-21:50:09-11272,attr,Aerocom.aircraft[0].dataLink[8],actualCapacity:mean,source,computeActualCapacity,
Exponential-capacity-3209-20210301-21:50:09-11272,scalar,Aerocom.aircraft[0].dataLink[9],sentPackets:count,,,1140
Exponential-capacity-3209-20210301-21:50:09-11272,attr,Aerocom.aircraft[0].dataLink[9],sentPackets:count,source,computeSentPackets,
Exponential-capacity-3209-20210301-21:50:09-11272,scalar,Aerocom.aircraft[0].dataLink[9],actualCapacity:mean,,,9381.4113660063
Exponential-capacity-3209-20210301-21:50:09-11272,attr,Aerocom.aircraft[0].dataLink[9],actualCapacity:mean,,,
Exponential-capacity-3209-20210301-21:50:09-11272,attr,Aerocom.aircraft[0].dataLink[9],actualCapacity:mean,source,computeActualCapacity,
Exponential-capacity-3209-20210301-21:50:09-11272,scalar,Aerocom.aircraft[0].dataLink[10],sentPackets:count,,,1783
Exponential-capacity-3209-20210301-21:50:09-11272,attr,Aerocom.aircraft[0].dataLink[10],sentPackets:count,source,computeSentPackets,
Exponential-capacity-3209-20210301-21:50:09-11272,scalar,Aerocom.aircraft[0].dataLink[10],actualCapacity:mean,,,9478.1469785575
Exponential-capacity-3209-20210301-21:50:09-11272,attr,Aerocom.aircraft[0].dataLink[10],actualCapacity:mean,,,
Exponential-capacity-3209-20210301-21:50:09-11272,attr,Aerocom.aircraft[0].dataLink[10],actualCapacity:mean,source,computeActualCapacity,
Exponential-capacity-3209-20210301-21:50:09-11272,scalar,Aerocom.aircraft[0].dataLink[11],sentPackets:count,,,1032
Exponential-capacity-3209-20210301-21:50:09-11272,attr,Aerocom.aircraft[0].dataLink[11],sentPackets:count,source,computeSentPackets,
Exponential-capacity-3209-20210301-21:50:09-11272,scalar,Aerocom.aircraft[0].dataLink[11],actualCapacity:mean,,,9399.8268063982
Exponential-capacity-3209-20210301-21:50:09-11272,attr,Aerocom.aircraft[0].dataLink[11],actualCapacity:mean,,,
Exponential-capacity-3209-20210301-21:50:09-11272,attr,Aerocom.aircraft[0].dataLink[11],actualCapacity:mean,source,computeActualCapacity,
Exponential-capacity-3209-20210301-21:50:09-11272,scalar,Aerocom.aircraft[0].dataLink[12],sentPackets:count,,,1159
Exponential-capacity-3209-20210301-21:50:09-11272,attr,Aerocom.aircraft[0].dataLink[12],sentPackets:count,source,computeSentPackets,
Exponential-capacity-3209-20210301-21:50:09-11272,scalar,Aerocom.aircraft[0].dataLink[12],actualCapacity:mean,,,9338.5175257732
Exponential-capacity-3209-20210301-21:50:09-11272,attr,Aerocom.aircraft[0].dataLink[12],actualCapacity:mean,,,
Exponential-capacity-3209-20210301-21:50:09-11272,attr,Aerocom.aircraft[0].dataLink[12],actualCapacity:mean,source,computeActualCapacity,
Exponential-capacity-3209-20210301-21:50:09-11272,scalar,Aerocom.aircraft[0].dataLink[13],sentPackets:count,,,449
Exponential-capacity-3209-20210301-21:50:09-11272,attr,Aerocom.aircraft[0].dataLink[13],sentPackets:count,source,computeSentPackets,
Exponential-capacity-3209-20210301-21:50:09-11272,scalar,Aerocom.aircraft[0].dataLink[13],actualCapacity:mean,,,9216.7686017989
Exponential-capacity-3209-20210301-21:50:09-11272,attr,Aerocom.aircraft[0].dataLink[13],actualCapacity:mean,,,
Exponential-capacity-3209-20210301-21:50:09-11272,attr,Aerocom.aircraft[0].dataLink[13],actualCapacity:mean,source,computeActualCapacity,
Exponential-capacity-3209-20210301-21:50:09-11272,scalar,Aerocom.aircraft[0].dataLink[14],sentPackets:count,,,1004
Exponential-capacity-3209-20210301-21:50:09-11272,attr,Aerocom.aircraft[0].dataLink[14],sentPackets:count,source,computeSentPackets,
Exponential-capacity-3209-20210301-21:50:09-11272,scalar,Aerocom.aircraft[0].dataLink[14],actualCapacity:mean,,,9437.5083798883
Exponential-capacity-3209-20210301-21:50:09-11272,attr,Aerocom.aircraft[0].dataLink[14],actualCapacity:mean,,,
Exponential-capacity-3209-20210301-21:50:09-11272,attr,Aerocom.aircraft[0].dataLink[14],actualCapacity:mean,source,computeActualCapacity,
Exponential-capacity-3209-20210301-21:50:09-11272,scalar,Aerocom.aircraft[0].dataLink[15],sentPackets:count,,,1131
Exponential-capacity-3209-20210301-21:50:09-11272,attr,Aerocom.aircraft[0].dataLink[15],sentPackets:count,source,computeSentPackets,
Exponential-capacity-3209-20210301-21:50:09-11272,scalar,Aerocom.aircraft[0].dataLink[15],actualCapacity:mean,,,9462.1210057622
Exponential-capacity-3209-20210301-21:50:09-11272,attr,Aerocom.aircraft[0].dataLink[15],actualCapacity:mean,,,
Exponential-capacity-3209-20210301-21:50:09-11272,attr,Aerocom.aircraft[0].dataLink[15],actualCapacity:mean,source,computeActualCapacity,
Exponential-capacity-3209-20210301-21:50:09-11272,scalar,Aerocom.controlTower,receivedPackets:count,,,19533
Exponential-capacity-3209-20210301-21:50:09-11272,attr,Aerocom.controlTower,receivedPackets:count,source,computeReceivedPackets,
Exponential-capacity-3290-20210301-21:50:12-11323,scalar,Aerocom.aircraft[0].linkSelector,responseTime:mean,,,0.53153230541776
Exponential-capacity-3290-20210301-21:50:12-11323,attr,Aerocom.aircraft[0].linkSelector,responseTime:mean,,,
Exponential-capacity-3290-20210301-21:50:12-11323,attr,Aerocom.aircraft[0].linkSelector,responseTime:mean,source,computeResponseTime,
Exponential-capacity-3290-20210301-21:50:12-11323,scalar,Aerocom.aircraft[0].linkSelector,meanMalus:sum,,,11162
Exponential-capacity-3290-20210301-21:50:12-11323,attr,Aerocom.aircraft[0].linkSelector,meanMalus:sum,,,
Exponential-capacity-3290-20210301-21:50:12-11323,attr,Aerocom.aircraft[0].linkSelector,meanMalus:sum,source,computeMeanMalus,
Exponential-capacity-3290-20210301-21:50:12-11323,scalar,Aerocom.aircraft[0].linkSelector,waitingTime:mean,,,0.52431653038517
Exponential-capacity-3290-20210301-21:50:12-11323,attr,Aerocom.aircraft[0].linkSelector,waitingTime:mean,,,
Exponential-capacity-3290-20210301-21:50:12-11323,attr,Aerocom.aircraft[0].linkSelector,waitingTime:mean,source,computeWaitingTime,
Exponential-capacity-3290-20210301-21:50:12-11323,scalar,Aerocom.aircraft[0].linkSelector,serviceTime:mean,,,0.0072157750326163
Exponential-capacity-3290-20210301-21:50:12-11323,attr,Aerocom.aircraft[0].linkSelector,serviceTime:mean,,,
Exponential-capacity-3290-20210301-21:50:12-11323,attr,Aerocom.aircraft[0].linkSelector,serviceTime:mean,source,computeServiceTime,
Exponential-capacity-3290-20210301-21:50:12-11323,scalar,Aerocom.aircraft[0].linkSelector,queueLength:mean,,,25.993677018
Exponential-capacity-3290-20210301-21:50:12-11323,attr,Aerocom.aircraft[0].linkSelector,queueLength:mean,,,
Exponential-capacity-3290-20210301-21:50:12-11323,attr,Aerocom.aircraft[0].linkSelector,queueLength:mean,source,computeQueueLength,
Exponential-capacity-3290-20210301-21:50:12-11323,scalar,Aerocom.aircraft[0].dataLink[0],sentPackets:count,,,915
Exponential-capacity-3290-20210301-21:50:12-11323,attr,Aerocom.aircraft[0].dataLink[0],sentPackets:count,source,computeSentPackets,
Exponential-capacity-3290-20210301-21:50:12-11323,scalar,Aerocom.aircraft[0].dataLink[0],actualCapacity:mean,,,9381.7748383304
Exponential-capacity-3290-20210301-21:50:12-11323,attr,Aerocom.aircraft[0].dataLink[0],actualCapacity:mean,,,
Exponential-capacity-3290-20210301-21:50:12-11323,attr,Aerocom.aircraft[0].dataLink[0],actualCapacity:mean,source,computeActualCapacity,
Exponential-capacity-3290-20210301-21:50:12-11323,scalar,Aerocom.aircraft[0].dataLink[1],sentPackets:count,,,1065
Exponential-capacity-3290-20210301-21:50:12-11323,attr,Aerocom.aircraft[0].dataLink[1],sentPackets:count,source,computeSentPackets,
Exponential-capacity-3290-20210301-21:50:12-11323,scalar,Aerocom.aircraft[0].dataLink[1],actualCapacity:mean,,,9407.2631578947
Exponential-capacity-3290-20210301-21:50:12-11323,attr,Aerocom.aircraft[0].dataLink[1],actualCapacity:mean,,,
Exponential-capacity-3290-20210301-21:50:12-11323,attr,Aerocom.aircraft[0].dataLink[1],actualCapacity:mean,source,computeActualCapacity,
Exponential-capacity-3290-20210301-21:50:12-11323,scalar,Aerocom.aircraft[0].dataLink[2],sentPackets:count,,,1309
Exponential-capacity-3290-20210301-21:50:12-11323,attr,Aerocom.aircraft[0].dataLink[2],sentPackets:count,source,computeSentPackets,
Exponential-capacity-3290-20210301-21:50:12-11323,scalar,Aerocom.aircraft[0].dataLink[2],actualCapacity:mean,,,9458.4330783939
Exponential-capacity-3290-20210301-21:50:12-11323,attr,Aerocom.aircraft[0].dataLink[2],actualCapacity:mean,,,
Exponential-capacity-3290-20210301-21:50:12-11323,attr,Aerocom.aircraft[0].dataLink[2],actualCapacity:mean,source,computeActualCapacity,
Exponential-capacity-3290-20210301-21:50:12-11323,scalar,Aerocom.aircraft[0].dataLink[3],sentPackets:count,,,1145
Exponential-capacity-3290-20210301-21:50:12-11323,attr,Aerocom.aircraft[0].dataLink[3],sentPackets:count,source,computeSentPackets,
Exponential-capacity-3290-20210301-21:50:12-11323,scalar,Aerocom.aircraft[0].dataLink[3],actualCapacity:mean,,,9419.1658890617
Exponential-capacity-3290-20210301-21:50:12-11323,attr,Aerocom.aircraft[0].dataLink[3],actualCapacity:mean,,,
Exponential-capacity-3290-20210301-21:50:12-11323,attr,Aerocom.aircraft[0].dataLink[3],actualCapacity:mean,source,computeActualCapacity,
Exponential-capacity-3290-20210301-21:50:12-11323,scalar,Aerocom.aircraft[0].dataLink[4],sentPackets:count,,,1642
Exponential-capacity-3290-20210301-21:50:12-11323,attr,Aerocom.aircraft[0].dataLink[4],sentPackets:count,source,computeSentPackets,
Exponential-capacity-3290-20210301-21:50:12-11323,scalar,Aerocom.aircraft[0].dataLink[4],actualCapacity:mean,,,9514.1177439275
Exponential-capacity-3290-20210301-21:50:12-11323,attr,Aerocom.aircraft[0].dataLink[4],actualCapacity:mean,,,
Exponential-capacity-3290-20210301-21:50:12-11323,attr,Aerocom.aircraft[0].dataLink[4],actualCapacity:mean,source,computeActualCapacity,
Exponential-capacity-3290-20210301-21:50:12-11323,scalar,Aerocom.aircraft[0].dataLink[5],sentPackets:count,,,1968
Exponential-capacity-3290-20210301-21:50:12-11323,attr,Aerocom.aircraft[0].dataLink[5],sentPackets:count,source,computeSentPackets,
Exponential-capacity-3290-20210301-21:50:12-11323,scalar,Aerocom.aircraft[0].dataLink[5],actualCapacity:mean,,,9541.9109813937
Exponential-capacity-3290-20210301-21:50:12-11323,attr,Aerocom.aircraft[0].dataLink[5],actualCapacity:mean,,,
Exponential-capacity-3290-20210301-21:50:12-11323,attr,Aerocom.aircraft[0].dataLink[5],actualCapacity:mean,source,computeActualCapacity,
Exponential-capacity-3290-20210301-21:50:12-11323,scalar,Aerocom.aircraft[0].dataLink[6],sentPackets:count,,,1334
Exponential-capacity-3290-20210301-21:50:12-11323,attr,Aerocom.aircraft[0].dataLink[6],sentPackets:count,source,computeSentPackets,
Exponential-capacity-3290-20210301-21:50:12-11323,scalar,Aerocom.aircraft[0].dataLink[6],actualCapacity:mean,,,9465.0184135977
Exponential-capacity-3290-20210301-21:50:12-11323,attr,Aerocom.aircraft[0].dataLink[6],actualCapacity:mean,,,
Exponential-capacity-3290-20210301-21:50:12-11323,attr,Aerocom.aircraft[0].dataLink[6],actualCapacity:mean,source,computeActualCapacity,
Exponential-capacity-3290-20210301-21:50:12-11323,scalar,Aerocom.aircraft[0].dataLink[7],sentPackets:count,,,871
Exponential-capacity-3290-20210301-21:50:12-11323,attr,Aerocom.aircraft[0].dataLink[7],sentPackets:count,source,computeSentPackets,
Exponential-capacity-3290-20210301-21:50:12-11323,scalar,Aerocom.aircraft[0].dataLink[7],actualCapacity:mean,,,9358.8965517241
Exponential-capacity-3290-20210301-21:50:12-11323,attr,Aerocom.aircraft[0].dataLink[7],actualCapacity:mean,,,
Exponential-capacity-3290-20210301-21:50:12-11323,attr,Aerocom.aircraft[0].dataLink[7],actualCapacity:mean,source,computeActualCapacity,
Exponential-capacity-3290-20210301-21:50:12-11323,scalar,Aerocom.aircraft[0].dataLink[8],sentPackets:count,,,1360
Exponential-capacity-3290-20210301-21:50:12-11323,attr,Aerocom.aircraft[0].dataLink[8],sentPackets:count,source,computeSentPackets,
Exponential-capacity-3290-20210301-21:50:12-11323,scalar,Aerocom.aircraft[0].dataLink[8],actualCapacity:mean,,,9516.9248366013
Exponential-capacity-3290-20210301-21:50:12-11323,attr,Aerocom.aircraft[0].dataLink[8],actualCapacity:mean,,,
Exponential-capacity-3290-20210301-21:50:12-11323,attr,Aerocom.aircraft[0].dataLink[8],actualCapacity:mean,source,computeActualCapacity,
Exponential-capacity-3290-20210301-21:50:12-11323,scalar,Aerocom.aircraft[0].dataLink[9],sentPackets:count,,,1256
Exponential-capacity-3290-20210301-21:50:12-11323,attr,Aerocom.aircraft[0].dataLink[9],sentPackets:count,source,computeSentPackets,
Exponential-capacity-3290-20210301-21:50:12-11323,scalar,Aerocom.aircraft[0].dataLink[9],actualCapacity:mean,,,9380.1309055118
Exponential-capacity-3290-20210301-21:50:12-11323,attr,Aerocom.aircraft[0].dataLink[9],actualCapacity:mean,,,
Exponential-capacity-3290-20210301-21:50:12-11323,attr,Aerocom.aircraft[0].dataLink[9],actualCapacity:mean,source,computeActualCapacity,
Exponential-capacity-3290-20210301-21:50:12-11323,scalar,Aerocom.aircraft[0].dataLink[10],sentPackets:count,,,1081
Exponential-capacity-3290-20210301-21:50:12-11323,attr,Aerocom.aircraft[0].dataLink[10],sentPackets:count,source,computeSentPackets,
Exponential-capacity-3290-20210301-21:50:12-11323,scalar,Aerocom.aircraft[0].dataLink[10],actualCapacity:mean,,,9376.8072159397
Exponential-capacity-3290-20210301-21:50:12-11323,attr,Aerocom.aircraft[0].dataLink[10],actualCapacity:mean,,,
Exponential-capacity-3290-20210301-21:50:12-11323,attr,Aerocom.aircraft[0].dataLink[10],actualCapacity:mean,source,computeActualCapacity,
Exponential-capacity-3290-20210301-21:50:12-11323,scalar,Aerocom.aircraft[0].dataLink[11],sentPackets:count,,,1102
Exponential-capacity-3290-20210301-21:50:12-11323,attr,Aerocom.aircraft[0].dataLink[11],sentPackets:count,source,computeSentPackets,
Exponential-capacity-3290-20210301-21:50:12-11323,scalar,Aerocom.aircraft[0].dataLink[11],actualCapacity:mean,,,9348.61424017
Exponential-capacity-3290-20210301-21:50:12-11323,attr,Aerocom.aircraft[0].dataLink[11],actualCapacity:mean,,,
Exponential-capacity-3290-20210301-21:50:12-11323,attr,Aerocom.aircraft[0].dataLink[11],actualCapacity:mean,source,computeActualCapacity,
Exponential-capacity-3290-20210301-21:50:12-11323,scalar,Aerocom.aircraft[0].dataLink[12],sentPackets:count,,,841
Exponential-capacity-3290-20210301-21:50:12-11323,attr,Aerocom.aircraft[0].dataLink[12],sentPackets:count,source,computeSentPackets,
Exponential-capacity-3290-20210301-21:50:12-11323,scalar,Aerocom.aircraft[0].dataLink[12],actualCapacity:mean,,,9337.3475308642
Exponential-capacity-3290-20210301-21:50:12-11323,attr,Aerocom.aircraft[0].dataLink[12],actualCapacity:mean,,,
Exponential-capacity-3290-20210301-21:50:12-11323,attr,Aerocom.aircraft[0].dataLink[12],actualCapacity:mean,source,computeActualCapacity,
Exponential-capacity-3290-20210301-21:50:12-11323,scalar,Aerocom.aircraft[0].dataLink[13],sentPackets:count,,,1210
Exponential-capacity-3290-20210301-21:50:12-11323,attr,Aerocom.aircraft[0].dataLink[13],sentPackets:count,source,computeSentPackets,
Exponential-capacity-3290-20210301-21:50:12-11323,scalar,Aerocom.aircraft[0].dataLink[13],actualCapacity:mean,,,9402.7942655936
Exponential-capacity-3290-20210301-21:50:12-11323,attr,Aerocom.aircraft[0].dataLink[13],actualCapacity:mean,,,
Exponential-capacity-3290-20210301-21:50:12-11323,attr,Aerocom.aircraft[0].dataLink[13],actualCapacity:mean,source,computeActualCapacity,
Exponential-capacity-3290-20210301-21:50:12-11323,scalar,Aerocom.aircraft[0].dataLink[14],sentPackets:count,,,1271
Exponential-capacity-3290-20210301-21:50:12-11323,attr,Aerocom.aircraft[0].dataLink[14],sentPackets:count,source,computeSentPackets,
Exponential-capacity-3290-20210301-21:50:12-11323,scalar,Aerocom.aircraft[0].dataLink[14],actualCapacity:mean,,,9322.7490291262
Exponential-capacity-3290-20210301-21:50:12-11323,attr,Aerocom.aircraft[0].dataLink[14],actualCapacity:mean,,,
Exponential-capacity-3290-20210301-21:50:12-11323,attr,Aerocom.aircraft[0].dataLink[14],actualCapacity:mean,source,computeActualCapacity,
Exponential-capacity-3290-20210301-21:50:12-11323,scalar,Aerocom.aircraft[0].dataLink[15],sentPackets:count,,,1241
Exponential-capacity-3290-20210301-21:50:12-11323,attr,Aerocom.aircraft[0].dataLink[15],sentPackets:count,source,computeSentPackets,
Exponential-capacity-3290-20210301-21:50:12-11323,scalar,Aerocom.aircraft[0].dataLink[15],actualCapacity:mean,,,9436.5173267327
Exponential-capacity-3290-20210301-21:50:12-11323,attr,Aerocom.aircraft[0].dataLink[15],actualCapacity:mean,,,
Exponential-capacity-3290-20210301-21:50:12-11323,attr,Aerocom.aircraft[0].dataLink[15],actualCapacity:mean,source,computeActualCapacity,
Exponential-capacity-3290-20210301-21:50:12-11323,scalar,Aerocom.controlTower,receivedPackets:count,,,19611
Exponential-capacity-3290-20210301-21:50:12-11323,attr,Aerocom.controlTower,receivedPackets:count,source,computeReceivedPackets,
Exponential-capacity-3291-20210301-21:50:12-11323,scalar,Aerocom.aircraft[0].linkSelector,responseTime:mean,,,0.59341054694966
Exponential-capacity-3291-20210301-21:50:12-11323,attr,Aerocom.aircraft[0].linkSelector,responseTime:mean,,,
Exponential-capacity-3291-20210301-21:50:12-11323,attr,Aerocom.aircraft[0].linkSelector,responseTime:mean,source,computeResponseTime,
Exponential-capacity-3291-20210301-21:50:12-11323,scalar,Aerocom.aircraft[0].linkSelector,meanMalus:sum,,,14542
Exponential-capacity-3291-20210301-21:50:12-11323,attr,Aerocom.aircraft[0].linkSelector,meanMalus:sum,,,
Exponential-capacity-3291-20210301-21:50:12-11323,attr,Aerocom.aircraft[0].linkSelector,meanMalus:sum,source,computeMeanMalus,
Exponential-capacity-3291-20210301-21:50:12-11323,scalar,Aerocom.aircraft[0].linkSelector,waitingTime:mean,,,0.58624093876342
Exponential-capacity-3291-20210301-21:50:12-11323,attr,Aerocom.aircraft[0].linkSelector,waitingTime:mean,,,
Exponential-capacity-3291-20210301-21:50:12-11323,attr,Aerocom.aircraft[0].linkSelector,waitingTime:mean,source,computeWaitingTime,
Exponential-capacity-3291-20210301-21:50:12-11323,scalar,Aerocom.aircraft[0].linkSelector,serviceTime:mean,,,0.0072150573754104
Exponential-capacity-3291-20210301-21:50:12-11323,attr,Aerocom.aircraft[0].linkSelector,serviceTime:mean,,,
Exponential-capacity-3291-20210301-21:50:12-11323,attr,Aerocom.aircraft[0].linkSelector,serviceTime:mean,source,computeServiceTime,
Exponential-capacity-3291-20210301-21:50:12-11323,scalar,Aerocom.aircraft[0].linkSelector,queueLength:mean,,,29.629276985743
Exponential-capacity-3291-20210301-21:50:12-11323,attr,Aerocom.aircraft[0].linkSelector,queueLength:mean,,,
Exponential-capacity-3291-20210301-21:50:12-11323,attr,Aerocom.aircraft[0].linkSelector,queueLength:mean,source,computeQueueLength,
Exponential-capacity-3291-20210301-21:50:12-11323,scalar,Aerocom.aircraft[0].dataLink[0],sentPackets:count,,,761
Exponential-capacity-3291-20210301-21:50:12-11323,attr,Aerocom.aircraft[0].dataLink[0],sentPackets:count,source,computeSentPackets,
Exponential-capacity-3291-20210301-21:50:12-11323,scalar,Aerocom.aircraft[0].dataLink[0],actualCapacity:mean,,,9289.7681818182
Exponential-capacity-3291-20210301-21:50:12-11323,attr,Aerocom.aircraft[0].dataLink[0],actualCapacity:mean,,,
Exponential-capacity-3291-20210301-21:50:12-11323,attr,Aerocom.aircraft[0].dataLink[0],actualCapacity:mean,source,computeActualCapacity,
Exponential-capacity-3291-20210301-21:50:12-11323,scalar,Aerocom.aircraft[0].dataLink[1],sentPackets:count,,,1196
Exponential-capacity-3291-20210301-21:50:12-11323,attr,Aerocom.aircraft[0].dataLink[1],sentPackets:count,source,computeSentPackets,
Exponential-capacity-3291-20210301-21:50:12-11323,scalar,Aerocom.aircraft[0].dataLink[1],actualCapacity:mean,,,9405.3606474456
Exponential-capacity-3291-20210301-21:50:12-11323,attr,Aerocom.aircraft[0].dataLink[1],actualCapacity:mean,,,
Exponential-capacity-3291-20210301-21:50:12-11323,attr,Aerocom.aircraft[0].dataLink[1],actualCapacity:mean,source,computeActualCapacity,
Exponential-capacity-3291-20210301-21:50:12-11323,scalar,Aerocom.aircraft[0].dataLink[2],sentPackets:count,,,1384
Exponential-capacity-3291-20210301-21:50:12-11323,attr,Aerocom.aircraft[0].dataLink[2],sentPackets:count,source,computeSentPackets,
Exponential-capacity-3291-20210301-21:50:12-11323,scalar,Aerocom.aircraft[0].dataLink[2],actualCapacity:mean,,,9460.6675913084
Exponential-capacity-3291-20210301-21:50:12-11323,attr,Aerocom.aircraft[0].dataLink[2],actualCapacity:mean,,,
Exponential-capacity-3291-20210301-21:50:12-11323,attr,Aerocom.aircraft[0].dataLink[2],actualCapacity:mean,source,computeActualCapacity,
Exponential-capacity-3291-20210301-21:50:12-11323,scalar,Aerocom.aircraft[0].dataLink[3],sentPackets:count,,,1011
Exponential-capacity-3291-20210301-21:50:12-11323,attr,Aerocom.aircraft[0].dataLink[3],sentPackets:count,source,computeSentPackets,
Exponential-capacity-3291-20210301-21:50:12-11323,scalar,Aerocom.aircraft[0].dataLink[3],actualCapacity:mean,,,9404.9916107383
Exponential-capacity-3291-20210301-21:50:12-11323,attr,Aerocom.aircraft[0].dataLink[3],actualCapacity:mean,,,
Exponential-capacity-3291-20210301-21:50:12-11323,attr,Aerocom.aircraft[0].dataLink[3],actualCapacity:mean,source,computeActualCapacity,
Exponential-capacity-3291-20210301-21:50:12-11323,scalar,Aerocom.aircraft[0].dataLink[4],sentPackets:count,,,1354
Exponential-capacity-3291-20210301-21:50:12-11323,attr,Aerocom.aircraft[0].dataLink[4],sentPackets:count,source,computeSentPackets,
Exponential-capacity-3291-20210301-21:50:12-11323,scalar,Aerocom.aircraft[0].dataLink[4],actualCapacity:mean,,,9466.4447047798
Exponential-capacity-3291-20210301-21:50:12-11323,attr,Aerocom.aircraft[0].dataLink[4],actualCapacity:mean,,,
Exponential-capacity-3291-20210301-21:50:12-11323,attr,Aerocom.aircraft[0].dataLink[4],actualCapacity:mean,source,computeActualCapacity,
Exponential-capacity-3291-20210301-21:50:12-11323,scalar,Aerocom.aircraft[0].dataLink[5],sentPackets:count,,,1440
Exponential-capacity-3291-20210301-21:50:12-11323,attr,Aerocom.aircraft[0].dataLink[5],sentPackets:count,source,computeSentPackets,
Exponential-capacity-3291-20210301-21:50:12-11323,scalar,Aerocom.aircraft[0].dataLink[5],actualCapacity:mean,,,9405.1185752931
Exponential-capacity-3291-20210301-21:50:12-11323,attr,Aerocom.aircraft[0].dataLink[5],actualCapacity:mean,,,
Exponential-capacity-3291-20210301-21:50:12-11323,attr,Aerocom.aircraft[0].dataLink[5],actualCapacity:mean,source,computeActualCapacity,
Exponential-capacity-3291-20210301-21:50:12-11323,scalar,Aerocom.aircraft[0].dataLink[6],sentPackets:count,,,1289
Exponential-capacity-3291-20210301-21:50:12-11323,attr,Aerocom.aircraft[0].dataLink[6],sentPackets:count,source,computeSentPackets,
Exponential-capacity-3291-20210301-21:50:12-11323,scalar,Aerocom.aircraft[0].dataLink[6],actualCapacity:mean,,,9422.8323699422
Exponential-capacity-3291-20210301-21:50:12-11323,attr,Aerocom.aircraft[0].dataLink[6],actualCapacity:mean,,,
Exponential-capacity-3291-20210301-21:50:12-11323,attr,Aerocom.aircraft[0].dataLink[6],actualCapacity:mean,source,computeActualCapacity,
Exponential-capacity-3291-20210301-21:50:12-11323,scalar,Aerocom.aircraft[0].dataLink[7],sentPackets:count,,,783
Exponential-capacity-3291-20210301-21:50:12-11323,attr,Aerocom.aircraft[0].dataLink[7],sentPackets:count,source,computeSentPackets,
Exponential-capacity-3291-20210301-21:50:12-11323,scalar,Aerocom.aircraft[0].dataLink[7],actualCapacity:mean,,,9259.8480204342
Exponential-capacity-3291-20210301-21:50:12-11323,attr,Aerocom.aircraft[0].dataLink[7],actualCapacity:mean,,,
Exponential-capacity-3291-20210301-21:50:12-11323,attr,Aerocom.aircraft[0].dataLink[7],actualCapacity:mean,source,computeActualCapacity,
Exponential-capacity-3291-20210301-21:50:12-11323,scalar,Aerocom.aircraft[0].dataLink[8],sentPackets:count,,,1213
Exponential-capacity-3291-20210301-21:50:12-11323,attr,Aerocom.aircraft[0].dataLink[8],sentPackets:count,source,computeSentPackets,
Exponential-capacity-3291-20210301-21:50:12-11323,scalar,Aerocom.aircraft[0].dataLink[8],actualCapacity:mean,,,9458.7428571429
Exponential-capacity-3291-20210301-21:50:12-11323,attr,Aerocom.aircraft[0].dataLink[8],actualCapacity:mean,,,
Exponential-capacity-3291-20210301-21:50:12-11323,attr,Aerocom.aircraft[0].dataLink[8],actualCapacity:mean,source,computeActualCapacity,
Exponential-capacity-3291-20210301-21:50:12-11323,scalar,Aerocom.aircraft[0].dataLink[9],sentPackets:count,,,937
Exponential-capacity-3291-20210301-21:50:12-11323,attr,Aerocom.aircraft[0].dataLink[9],sentPackets:count,source,computeSentPackets,
Exponential-capacity-3291-20210301-21:50:12-11323,scalar,Aerocom.aircraft[0].dataLink[9],actualCapacity:mean,,,9333.7093023256
Exponential-capacity-3291-20210301-21:50:12-11323,attr,Aerocom.aircraft[0].dataLink[9],actualCapacity:mean,,,
Exponential-capacity-3291-20210301-21:50:12-11323,attr,Aerocom.aircraft[0].dataLink[9],actualCapacity:mean,source,computeActualCapacity,
Exponential-capacity-3291-20210301-21:50:12-11323,scalar,Aerocom.aircraft[0].dataLink[10],sentPackets:count,,,1178
Exponential-capacity-3291-20210301-21:50:12-11323,attr,Aerocom.aircraft[0].dataLink[10],sentPackets:count,source,computeSentPackets,
Exponential-capacity-3291-20210301-21:50:12-11323,scalar,Aerocom.aircraft[0].dataLink[10],actualCapacity:mean,,,9376.6275510204
Exponential-capacity-3291-20210301-21:50:12-11323,attr,Aerocom.aircraft[0].dataLink[10],actualCapacity:mean,,,
Exponential-capacity-3291-20210301-21:50:12-11323,attr,Aerocom.aircraft[0].dataLink[10],actualCapacity:mean,source,computeActualCapacity,
Exponential-capacity-3291-20210301-21:50:12-11323,scalar,Aerocom.aircraft[0].dataLink[11],sentPackets:count,,,1809
Exponential-capacity-3291-20210301-21:50:12-11323,attr,Aerocom.aircraft[0].dataLink[11],sentPackets:count,source,computeSentPackets,
Exponential-capacity-3291-20210301-21:50:12-11323,scalar,Aerocom.aircraft[0].dataLink[11],actualCapacity:mean,,,9493.1415349017
Exponential-capacity-3291-20210301-21:50:12-11323,attr,Aerocom.aircraft[0].dataLink[11],actualCapacity:mean,,,
Exponential-capacity-3291-20210301-21:50:12-11323,attr,Aerocom.aircraft[0].dataLink[11],actualCapacity:mean,source,computeActualCapacity,
Exponential-capacity-3291-20210301-21:50:12-11323,scalar,Aerocom.aircraft[0].dataLink[12],sentPackets:count,,,1710
Exponential-capacity-3291-20210301-21:50:12-11323,attr,Aerocom.aircraft[0].dataLink[12],sentPackets:count,source,computeSentPackets,
Exponential-capacity-3291-20210301-21:50:12-11323,scalar,Aerocom.aircraft[0].dataLink[12],actualCapacity:mean,,,9502.1479694411
Exponential-capacity-3291-20210301-21:50:12-11323,attr,Aerocom.aircraft[0].dataLink[12],actualCapacity:mean,,,
Exponential-capacity-3291-20210301-21:50:12-11323,attr,Aerocom.aircraft[0].dataLink[12],actualCapacity:mean,source,computeActualCapacity,
Exponential-capacity-3291-20210301-21:50:12-11323,scalar,Aerocom.aircraft[0].dataLink[13],sentPackets:count,,,1184
Exponential-capacity-3291-20210301-21:50:12-11323,attr,Aerocom.aircraft[0].dataLink[13],sentPackets:count,source,computeSentPackets,
Exponential-capacity-3291-20210301-21:50:12-11323,scalar,Aerocom.aircraft[0].dataLink[13],actualCapacity:mean,,,9491.8713777326
Exponential-capacity-3291-20210301-21:50:12-11323,attr,Aerocom.aircraft[0].dataLink[13],actualCapacity:mean,,,
Exponential-capacity-3291-20210301-21:50:12-11323,attr,Aerocom.aircraft[0].dataLink[13],actualCapacity:mean,source,computeActualCapacity,
Exponential-capacity-3291-20210301-21:50:12-11323,scalar,Aerocom.aircraft[0].dataLink[14],sentPackets:count,,,1897
Exponential-capacity-3291-20210301-21:50:12-11323,attr,Aerocom.aircraft[0].dataLink[14],sentPackets:count,source,computeSentPackets,
Exponential-capacity-3291-20210301-21:50:12-11323,scalar,Aerocom.aircraft[0].dataLink[14],actualCapacity:mean,,,9581.6572174562
Exponential-capacity-3291-20210301-21:50:12-11323,attr,Aerocom.aircraft[0].dataLink[14],actualCapacity:mean,,,
Exponential-capacity-3291-20210301-21:50:12-11323,attr,Aerocom.aircraft[0].dataLink[14],actualCapacity:mean,source,computeActualCapacity,
Exponential-capacity-3291-20210301-21:50:12-11323,scalar,Aerocom.aircraft[0].dataLink[15],sentPackets:count,,,493
Exponential-capacity-3291-20210301-21:50:12-11323,attr,Aerocom.aircraft[0].dataLink[15],sentPackets:count,source,computeSentPackets,
Exponential-capacity-3291-20210301-21:50:12-11323,scalar,Aerocom.aircraft[0].dataLink[15],actualCapacity:mean,,,9217.0731707317
Exponential-capacity-3291-20210301-21:50:12-11323,attr,Aerocom.aircraft[0].dataLink[15],actualCapacity:mean,,,
Exponential-capacity-3291-20210301-21:50:12-11323,attr,Aerocom.aircraft[0].dataLink[15],actualCapacity:mean,source,computeActualCapacity,
Exponential-capacity-3291-20210301-21:50:12-11323,scalar,Aerocom.controlTower,receivedPackets:count,,,19639
Exponential-capacity-3291-20210301-21:50:12-11323,attr,Aerocom.controlTower,receivedPackets:count,source,computeReceivedPackets,
Exponential-capacity-3292-20210301-21:50:12-11323,scalar,Aerocom.aircraft[0].linkSelector,responseTime:mean,,,0.60019072289413
Exponential-capacity-3292-20210301-21:50:12-11323,attr,Aerocom.aircraft[0].linkSelector,responseTime:mean,,,
Exponential-capacity-3292-20210301-21:50:12-11323,attr,Aerocom.aircraft[0].linkSelector,responseTime:mean,source,computeResponseTime,
Exponential-capacity-3292-20210301-21:50:12-11323,scalar,Aerocom.aircraft[0].linkSelector,meanMalus:sum,,,13430
Exponential-capacity-3292-20210301-21:50:12-11323,attr,Aerocom.aircraft[0].linkSelector,meanMalus:sum,,,
Exponential-capacity-3292-20210301-21:50:12-11323,attr,Aerocom.aircraft[0].linkSelector,meanMalus:sum,source,computeMeanMalus,
Exponential-capacity-3292-20210301-21:50:12-11323,scalar,Aerocom.aircraft[0].linkSelector,waitingTime:mean,,,0.59300212629852
Exponential-capacity-3292-20210301-21:50:12-11323,attr,Aerocom.aircraft[0].linkSelector,waitingTime:mean,,,
Exponential-capacity-3292-20210301-21:50:12-11323,attr,Aerocom.aircraft[0].linkSelector,waitingTime:mean,source,computeWaitingTime,
Exponential-capacity-3292-20210301-21:50:12-11323,scalar,Aerocom.aircraft[0].linkSelector,serviceTime:mean,,,0.0071885965956454
Exponential-capacity-3292-20210301-21:50:12-11323,attr,Aerocom.aircraft[0].linkSelector,serviceTime:mean,,,
Exponential-capacity-3292-20210301-21:50:12-11323,attr,Aerocom.aircraft[0].linkSelector,serviceTime:mean,source,computeServiceTime,
Exponential-capacity-3292-20210301-21:50:12-11323,scalar,Aerocom.aircraft[0].linkSelector,queueLength:mean,,,29.546406570842
Exponential-capacity-3292-20210301-21:50:12-11323,attr,Aerocom.aircraft[0].linkSelector,queueLength:mean,,,
Exponential-capacity-3292-20210301-21:50:12-11323,attr,Aerocom.aircraft[0].linkSelector,queueLength:mean,source,computeQueueLength,
Exponential-capacity-3292-20210301-21:50:12-11323,scalar,Aerocom.aircraft[0].dataLink[0],sentPackets:count,,,1245
Exponential-capacity-3292-20210301-21:50:12-11323,attr,Aerocom.aircraft[0].dataLink[0],sentPackets:count,source,computeSentPackets,
Exponential-capacity-3292-20210301-21:50:12-11323,scalar,Aerocom.aircraft[0].dataLink[0],actualCapacity:mean,,,9411.1407407407
Exponential-capacity-3292-20210301-21:50:12-11323,attr,Aerocom.aircraft[0].dataLink[0],actualCapacity:mean,,,
Exponential-capacity-3292-20210301-21:50:12-11323,attr,Aerocom.aircraft[0].dataLink[0],actualCapacity:mean,source,computeActualCapacity,
Exponential-capacity-3292-20210301-21:50:12-11323,scalar,Aerocom.aircraft[0].dataLink[1],sentPackets:count,,,970
Exponential-capacity-3292-20210301-21:50:12-11323,attr,Aerocom.aircraft[0].dataLink[1],sentPackets:count,source,computeSentPackets,
Exponential-capacity-3292-20210301-21:50:12-11323,scalar,Aerocom.aircraft[0].dataLink[1],actualCapacity:mean,,,9389.1088319088
Exponential-capacity-3292-20210301-21:50:12-11323,attr,Aerocom.aircraft[0].dataLink[1],actualCapacity:mean,,,
Exponential-capacity-3292-20210301-21:50:12-11323,attr,Aerocom.aircraft[0].dataLink[1],actualCapacity:mean,source,computeActualCapacity,
Exponential-capacity-3292-20210301-21:50:12-11323,scalar,Aerocom.aircraft[0].dataLink[2],sentPackets:count,,,1149
Exponential-capacity-3292-20210301-21:50:12-11323,attr,Aerocom.aircraft[0].dataLink[2],sentPackets:count,source,computeSentPackets,
Exponential-capacity-3292-20210301-21:50:12-11323,scalar,Aerocom.aircraft[0].dataLink[2],actualCapacity:mean,,,9436.4635281945
Exponential-capacity-3292-20210301-21:50:12-11323,attr,Aerocom.aircraft[0].dataLink[2],actualCapacity:mean,,,
Exponential-capacity-3292-20210301-21:50:12-11323,attr,Aerocom.aircraft[0].dataLink[2],actualCapacity:mean,source,computeActualCapacity,
Exponential-capacity-3292-20210301-21:50:12-11323,scalar,Aerocom.aircraft[0].dataLink[3],sentPackets:count,,,992
Exponential-capacity-3292-20210301-21:50:12-11323,attr,Aerocom.aircraft[0].dataLink[3],sentPackets:count,source,computeSentPackets,
Exponential-capacity-3292-20210301-21:50:12-11323,scalar,Aerocom.aircraft[0].dataLink[3],actualCapacity:mean,,,9365.1404303511
Exponential-capacity-3292-20210301-21:50:12-11323,attr,Aerocom.aircraft[0].dataLink[3],actualCapacity:mean,,,
Exponential-capacity-3292-20210301-21:50:12-11323,attr,Aerocom.aircraft[0].dataLink[3],actualCapacity:mean,source,computeActualCapacity,
Exponential-capacity-3292-20210301-21:50:12-11323,scalar,Aerocom.aircraft[0].dataLink[4],sentPackets:count,,,1417
Exponential-capacity-3292-20210301-21:50:12-11323,attr,Aerocom.aircraft[0].dataLink[4],sentPackets:count,source,computeSentPackets,
Exponential-capacity-3292-20210301-21:50:12-11323,scalar,Aerocom.aircraft[0].dataLink[4],actualCapacity:mean,,,9498.9278911565
Exponential-capacity-3292-20210301-21:50:12-11323,attr,Aerocom.aircraft[0].dataLink[4],actualCapacity:mean,,,
Exponential-capacity-3292-20210301-21:50:12-11323,attr,Aerocom.aircraft[0].dataLink[4],actualCapacity:mean,source,computeActualCapacity,
Exponential-capacity-3292-20210301-21:50:12-11323,scalar,Aerocom.aircraft[0].dataLink[5],sentPackets:count,,,1188
Exponential-capacity-3292-20210301-21:50:12-11323,attr,Aerocom.aircraft[0].dataLink[5],sentPackets:count,source,computeSentPackets,
Exponential-capacity-3292-20210301-21:50:12-11323,scalar,Aerocom.aircraft[0].dataLink[5],actualCapacity:mean,,,9453.1152284264
Exponential-capacity-3292-20210301-21:50:12-11323,attr,Aerocom.aircraft[0].dataLink[5],actualCapacity:mean,,,
Exponential-capacity-3292-20210301-21:50:12-11323,attr,Aerocom.aircraft[0].dataLink[5],actualCapacity:mean,source,computeActualCapacity,
Exponential-capacity-3292-20210301-21:50:12-11323,scalar,Aerocom.aircraft[0].dataLink[6],sentPackets:count,,,1555
Exponential-capacity-3292-20210301-21:50:12-11323,attr,Aerocom.aircraft[0].dataLink[6],sentPackets:count,source,computeSentPackets,
Exponential-capacity-3292-20210301-21:50:12-11323,scalar,Aerocom.aircraft[0].dataLink[6],actualCapacity:mean,,,9502.5243798118
Exponential-capacity-3292-20210301-21:50:12-11323,attr,Aerocom.aircraft[0].dataLink[6],actualCapacity:mean,,,
Exponential-capacity-3292-20210301-21:50:12-11323,attr,Aerocom.aircraft[0].dataLink[6],actualCapacity:mean,source,computeActualCapacity,
Exponential-capacity-3292-20210301-21:50:12-11323,scalar,Aerocom.aircraft[0].dataLink[7],sentPackets:count,,,1340
Exponential-capacity-3292-20210301-21:50:12-11323,attr,Aerocom.aircraft[0].dataLink[7],sentPackets:count,source,computeSentPackets,
Exponential-capacity-3292-20210301-21:50:12-11323,scalar,Aerocom.aircraft[0].dataLink[7],actualCapacity:mean,,,9494.5353107345
Exponential-capacity-3292-20210301-21:50:12-11323,attr,Aerocom.aircraft[0].dataLink[7],actualCapacity:mean,,,
Exponential-capacity-3292-20210301-21:50:12-11323,attr,Aerocom.aircraft[0].dataLink[7],actualCapacity:mean,source,computeActualCapacity,
Exponential-capacity-3292-20210301-21:50:12-11323,scalar,Aerocom.aircraft[0].dataLink[8],sentPackets:count,,,1352
Exponential-capacity-3292-20210301-21:50:12-11323,attr,Aerocom.aircraft[0].dataLink[8],sentPackets:count,source,computeSentPackets,
Exponential-capacity-3292-20210301-21:50:12-11323,scalar,Aerocom.aircraft[0].dataLink[8],actualCapacity:mean,,,9490.3603941811
Exponential-capacity-3292-20210301-21:50:12-11323,attr,Aerocom.aircraft[0].dataLink[8],actualCapacity:mean,,,
Exponential-capacity-3292-20210301-21:50:12-11323,attr,Aerocom.aircraft[0].dataLink[8],actualCapacity:mean,source,computeActualCapacity,
Exponential-capacity-3292-20210301-21:50:12-11323,scalar,Aerocom.aircraft[0].dataLink[9],sentPackets:count,,,905
Exponential-capacity-3292-20210301-21:50:12-11323,attr,Aerocom.aircraft[0].dataLink[9],sentPackets:count,source,computeSentPackets,
Exponential-capacity-3292-20210301-21:50:12-11323,scalar,Aerocom.aircraft[0].dataLink[9],actualCapacity:mean,,,9438.8103448276
Exponential-capacity-3292-20210301-21:50:12-11323,attr,Aerocom.aircraft[0].dataLink[9],actualCapacity:mean,,,
Exponential-capacity-3292-20210301-21:50:12-11323,attr,Aerocom.aircraft[0].dataLink[9],actualCapacity:mean,source,computeActualCapacity,
Exponential-capacity-3292-20210301-21:50:12-11323,scalar,Aerocom.aircraft[0].dataLink[10],sentPackets:count,,,1430
Exponential-capacity-3292-20210301-21:50:12-11323,attr,Aerocom.aircraft[0].dataLink[10],sentPackets:count,source,computeSentPackets,
Exponential-capacity-3292-20210301-21:50:12-11323,scalar,Aerocom.aircraft[0].dataLink[10],actualCapacity:mean,,,9453.8003621548
Exponential-capacity-3292-20210301-21:50:12-11323,attr,Aerocom.aircraft[0].dataLink[10],actualCapacity:mean,,,
Exponential-capacity-3292-20210301-21:50:12-11323,attr,Aerocom.aircraft[0].dataLink[10],actualCapacity:mean,source,computeActualCapacity,
Exponential-capacity-3292-20210301-21:50:12-11323,scalar,Aerocom.aircraft[0].dataLink[11],sentPackets:count,,,1100
Exponential-capacity-3292-20210301-21:50:12-11323,attr,Aerocom.aircraft[0].dataLink[11],sentPackets:count,source,computeSentPackets,
Exponential-capacity-3292-20210301-21:50:12-11323,scalar,Aerocom.aircraft[0].dataLink[11],actualCapacity:mean,,,9399.1557333333
Exponential-capacity-3292-20210301-21:50:12-11323,attr,Aerocom.aircraft[0].dataLink[11],actualCapacity:mean,,,
Exponential-capacity-3292-20210301-21:50:12-11323,attr,Aerocom.aircraft[0].dataLink[11],actualCapacity:mean,source,computeActualCapacity,
Exponential-capacity-3292-20210301-21:50:12-11323,scalar,Aerocom.aircraft[0].dataLink[12],sentPackets:count,,,1083
Exponential-capacity-3292-20210301-21:50:12-11323,attr,Aerocom.aircraft[0].dataLink[12],sentPackets:count,source,computeSentPackets,
Exponential-capacity-3292-20210301-21:50:12-11323,scalar,Aerocom.aircraft[0].dataLink[12],actualCapacity:mean,,,9401.5469168901
Exponential-capacity-3292-20210301-21:50:12-11323,attr,Aerocom.aircraft[0].dataLink[12],actualCapacity:mean,,,
Exponential-capacity-3292-20210301-21:50:12-11323,attr,Aerocom.aircraft[0].dataLink[12],actualCapacity:mean,source,computeActualCapacity,
Exponential-capacity-3292-20210301-21:50:12-11323,scalar,Aerocom.aircraft[0].dataLink[13],sentPackets:count,,,1662
Exponential-capacity-3292-20210301-21:50:12-11323,attr,Aerocom.aircraft[0].dataLink[13],sentPackets:count,source,computeSentPackets,
Exponential-capacity-3292-20210301-21:50:12-11323,scalar,Aerocom.aircraft[0].dataLink[13],actualCapacity:mean,,,9564.2439524395
Exponential-capacity-3292-20210301-21:50:12-11323,attr,Aerocom.aircraft[0].dataLink[13],actualCapacity:mean,,,
Exponential-capacity-3292-20210301-21:50:12-11323,attr,Aerocom.aircraft[0].dataLink[13],actualCapacity:mean,source,computeActualCapacity,
Exponential-capacity-3292-20210301-21:50:12-11323,scalar,Aerocom.aircraft[0].dataLink[14],sentPackets:count,,,1100
Exponential-capacity-3292-20210301-21:50:12-11323,attr,Aerocom.aircraft[0].dataLink[14],sentPackets:count,source,computeSentPackets,
Exponential-capacity-3292-20210301-21:50:12-11323,scalar,Aerocom.aircraft[0].dataLink[14],actualCapacity:mean,,,9434.5430393199
Exponential-capacity-3292-20210301-21:50:12-11323,attr,Aerocom.aircraft[0].dataLink[14],actualCapacity:mean,,,
Exponential-capacity-3292-20210301-21:50:12-11323,attr,Aerocom.aircraft[0].dataLink[14],actualCapacity:mean,source,computeActualCapacity,
Exponential-capacity-3292-20210301-21:50:12-11323,scalar,Aerocom.aircraft[0].dataLink[15],sentPackets:count,,,992
Exponential-capacity-3292-20210301-21:50:12-11323,attr,Aerocom.aircraft[0].dataLink[15],sentPackets:count,source,computeSentPackets,
Exponential-capacity-3292-20210301-21:50:12-11323,scalar,Aerocom.aircraft[0].dataLink[15],actualCapacity:mean,,,9409.7400112549
Exponential-capacity-3292-20210301-21:50:12-11323,attr,Aerocom.aircraft[0].dataLink[15],actualCapacity:mean,,,
Exponential-capacity-3292-20210301-21:50:12-11323,attr,Aerocom.aircraft[0].dataLink[15],actualCapacity:mean,source,computeActualCapacity,
Exponential-capacity-3292-20210301-21:50:12-11323,scalar,Aerocom.controlTower,receivedPackets:count,,,19480
Exponential-capacity-3292-20210301-21:50:12-11323,attr,Aerocom.controlTower,receivedPackets:count,source,computeReceivedPackets,
Exponential-capacity-3293-20210301-21:50:12-11323,scalar,Aerocom.aircraft[0].linkSelector,responseTime:mean,,,0.5763888551591
Exponential-capacity-3293-20210301-21:50:12-11323,attr,Aerocom.aircraft[0].linkSelector,responseTime:mean,,,
Exponential-capacity-3293-20210301-21:50:12-11323,attr,Aerocom.aircraft[0].linkSelector,responseTime:mean,source,computeResponseTime,
Exponential-capacity-3293-20210301-21:50:12-11323,scalar,Aerocom.aircraft[0].linkSelector,meanMalus:sum,,,13254
Exponential-capacity-3293-20210301-21:50:12-11323,attr,Aerocom.aircraft[0].linkSelector,meanMalus:sum,,,
Exponential-capacity-3293-20210301-21:50:12-11323,attr,Aerocom.aircraft[0].linkSelector,meanMalus:sum,source,computeMeanMalus,
Exponential-capacity-3293-20210301-21:50:12-11323,scalar,Aerocom.aircraft[0].linkSelector,waitingTime:mean,,,0.56918167615573
Exponential-capacity-3293-20210301-21:50:12-11323,attr,Aerocom.aircraft[0].linkSelector,waitingTime:mean,,,
Exponential-capacity-3293-20210301-21:50:12-11323,attr,Aerocom.aircraft[0].linkSelector,waitingTime:mean,source,computeWaitingTime,
Exponential-capacity-3293-20210301-21:50:12-11323,scalar,Aerocom.aircraft[0].linkSelector,serviceTime:mean,,,0.0072025722640931
Exponential-capacity-3293-20210301-21:50:12-11323,attr,Aerocom.aircraft[0].linkSelector,serviceTime:mean,,,
Exponential-capacity-3293-20210301-21:50:12-11323,attr,Aerocom.aircraft[0].linkSelector,serviceTime:mean,source,computeServiceTime,
Exponential-capacity-3293-20210301-21:50:12-11323,scalar,Aerocom.aircraft[0].linkSelector,queueLength:mean,,,28.445322860349
Exponential-capacity-3293-20210301-21:50:12-11323,attr,Aerocom.aircraft[0].linkSelector,queueLength:mean,,,
Exponential-capacity-3293-20210301-21:50:12-11323,attr,Aerocom.aircraft[0].linkSelector,queueLength:mean,source,computeQueueLength,
Exponential-capacity-3293-20210301-21:50:12-11323,scalar,Aerocom.aircraft[0].dataLink[0],sentPackets:count,,,956
Exponential-capacity-3293-20210301-21:50:12-11323,attr,Aerocom.aircraft[0].dataLink[0],sentPackets:count,source,computeSentPackets,
Exponential-capacity-3293-20210301-21:50:12-11323,scalar,Aerocom.aircraft[0].dataLink[0],actualCapacity:mean,,,9339.6929723502
Exponential-capacity-3293-20210301-21:50:12-11323,attr,Aerocom.aircraft[0].dataLink[0],actualCapacity:mean,,,
Exponential-capacity-3293-20210301-21:50:12-11323,attr,Aerocom.aircraft[0].dataLink[0],actualCapacity:mean,source,computeActualCapacity,
Exponential-capacity-3293-20210301-21:50:12-11323,scalar,Aerocom.aircraft[0].dataLink[1],sentPackets:count,,,1208
Exponential-capacity-3293-20210301-21:50:12-11323,attr,Aerocom.aircraft[0].dataLink[1],sentPackets:count,source,computeSentPackets,
Exponential-capacity-3293-20210301-21:50:12-11323,scalar,Aerocom.aircraft[0].dataLink[1],actualCapacity:mean,,,9409.653092006
Exponential-capacity-3293-20210301-21:50:12-11323,attr,Aerocom.aircraft[0].dataLink[1],actualCapacity:mean,,,
Exponential-capacity-3293-20210301-21:50:12-11323,attr,Aerocom.aircraft[0].dataLink[1],actualCapacity:mean,source,computeActualCapacity,
Exponential-capacity-3293-20210301-21:50:12-11323,scalar,Aerocom.aircraft[0].dataLink[2],sentPackets:count,,,1019
Exponential-capacity-3293-20210301-21:50:12-11323,attr,Aerocom.aircraft[0].dataLink[2],sentPackets:count,source,computeSentPackets,
Exponential-capacity-3293-20210301-21:50:12-11323,scalar,Aerocom.aircraft[0].dataLink[2],actualCapacity:mean,,,9424.0576177285
Exponential-capacity-3293-20210301-21:50:12-11323,attr,Aerocom.aircraft[0].dataLink[2],actualCapacity:mean,,,
Exponential-capacity-3293-20210301-21:50:12-11323,attr,Aerocom.aircraft[0].dataLink[2],actualCapacity:mean,source,computeActualCapacity,
Exponential-capacity-3293-20210301-21:50:12-11323,scalar,Aerocom.aircraft[0].dataLink[3],sentPackets:count,,,1826
Exponential-capacity-3293-20210301-21:50:12-11323,attr,Aerocom.aircraft[0].dataLink[3],sentPackets:count,source,computeSentPackets,
Exponential-capacity-3293-20210301-21:50:12-11323,scalar,Aerocom.aircraft[0].dataLink[3],actualCapacity:mean,,,9532.3733282384
Exponential-capacity-3293-20210301-21:50:12-11323,attr,Aerocom.aircraft[0].dataLink[3],actualCapacity:mean,,,
Exponential-capacity-3293-20210301-21:50:12-11323,attr,Aerocom.aircraft[0].dataLink[3],actualCapacity:mean,source,computeActualCapacity,
Exponential-capacity-3293-20210301-21:50:12-11323,scalar,Aerocom.aircraft[0].dataLink[4],sentPackets:count,,,739
Exponential-capacity-3293-20210301-21:50:12-11323,attr,Aerocom.aircraft[0].dataLink[4],sentPackets:count,source,computeSentPackets,
Exponential-capacity-3293-20210301-21:50:12-11323,scalar,Aerocom.aircraft[0].dataLink[4],actualCapacity:mean,,,9283.0190664037
Exponential-capacity-3293-20210301-21:50:12-11323,attr,Aerocom.aircraft[0].dataLink[4],actualCapacity:mean,,,
Exponential-capacity-3293-20210301-21:50:12-11323,attr,Aerocom.aircraft[0].dataLink[4],actualCapacity:mean,source,computeActualCapacity,
Exponential-capacity-3293-20210301-21:50:12-11323,scalar,Aerocom.aircraft[0].dataLink[5],sentPackets:count,,,1392
Exponential-capacity-3293-20210301-21:50:12-11323,attr,Aerocom.aircraft[0].dataLink[5],sentPackets:count,source,computeSentPackets,
Exponential-capacity-3293-20210301-21:50:12-11323,scalar,Aerocom.aircraft[0].dataLink[5],actualCapacity:mean,,,9503.279797515
Exponential-capacity-3293-20210301-21:50:12-11323,attr,Aerocom.aircraft[0].dataLink[5],actualCapacity:mean,,,
Exponential-capacity-3293-20210301-21:50:12-11323,attr,Aerocom.aircraft[0].dataLink[5],actualCapacity:mean,source,computeActualCapacity,
Exponential-capacity-3293-20210301-21:50:12-11323,scalar,Aerocom.aircraft[0].dataLink[6],sentPackets:count,,,531
Exponential-capacity-3293-20210301-21:50:12-11323,attr,Aerocom.aircraft[0].dataLink[6],sentPackets:count,source,computeSentPackets,
Exponential-capacity-3293-20210301-21:50:12-11323,scalar,Aerocom.aircraft[0].dataLink[6],actualCapacity:mean,,,9276.9977186312
Exponential-capacity-3293-20210301-21:50:12-11323,attr,Aerocom.aircraft[0].dataLink[6],actualCapacity:mean,,,
Exponential-capacity-3293-20210301-21:50:12-11323,attr,Aerocom.aircraft[0].dataLink[6],actualCapacity:mean,source,computeActualCapacity,
Exponential-capacity-3293-20210301-21:50:12-11323,scalar,Aerocom.aircraft[0].dataLink[7],sentPackets:count,,,2373
Exponential-capacity-3293-20210301-21:50:12-11323,attr,Aerocom.aircraft[0].dataLink[7],sentPackets:count,source,computeSentPackets,
Exponential-capacity-3293-20210301-21:50:12-11323,scalar,Aerocom.aircraft[0].dataLink[7],actualCapacity:mean,,,9564.3907242694
Exponential-capacity-3293-20210301-21:50:12-11323,attr,Aerocom.aircraft[0].dataLink[7],actualCapacity:mean,,,
Exponential-capacity-3293-20210301-21:50:12-11323,attr,Aerocom.aircraft[0].dataLink[7],actualCapacity:mean,source,computeActualCapacity,
Exponential-capacity-3293-20210301-21:50:12-11323,scalar,Aerocom.aircraft[0].dataLink[8],sentPackets:count,,,909
Exponential-capacity-3293-20210301-21:50:12-11323,attr,Aerocom.aircraft[0].dataLink[8],sentPackets:count,source,computeSentPackets,
Exponential-capacity-3293-20210301-21:50:12-11323,scalar,Aerocom.aircraft[0].dataLink[8],actualCapacity:mean,,,9363.5071090047
Exponential-capacity-3293-20210301-21:50:12-11323,attr,Aerocom.aircraft[0].dataLink[8],actualCapacity:mean,,,
Exponential-capacity-3293-20210301-21:50:12-11323,attr,Aerocom.aircraft[0].dataLink[8],actualCapacity:mean,source,computeActualCapacity,
Exponential-capacity-3293-20210301-21:50:12-11323,scalar,Aerocom.aircraft[0].dataLink[9],sentPackets:count,,,1133
Exponential-capacity-3293-20210301-21:50:12-11323,attr,Aerocom.aircraft[0].dataLink[9],sentPackets:count,source,computeSentPackets,
Exponential-capacity-3293-20210301-21:50:12-11323,scalar,Aerocom.aircraft[0].dataLink[9],actualCapacity:mean,,,9456.6102403344
Exponential-capacity-3293-20210301-21:50:12-11323,attr,Aerocom.aircraft[0].dataLink[9],actualCapacity:mean,,,
Exponential-capacity-3293-20210301-21:50:12-11323,attr,Aerocom.aircraft[0].dataLink[9],actualCapacity:mean,source,computeActualCapacity,
Exponential-capacity-3293-20210301-21:50:12-11323,scalar,Aerocom.aircraft[0].dataLink[10],sentPackets:count,,,1288
Exponential-capacity-3293-20210301-21:50:12-11323,attr,Aerocom.aircraft[0].dataLink[10],sentPackets:count,source,computeSentPackets,
Exponential-capacity-3293-20210301-21:50:12-11323,scalar,Aerocom.aircraft[0].dataLink[10],actualCapacity:mean,,,9453.3193033382
Exponential-capacity-3293-20210301-21:50:12-11323,attr,Aerocom.aircraft[0].dataLink[10],actualCapacity:mean,,,
Exponential-capacity-3293-20210301-21:50:12-11323,attr,Aerocom.aircraft[0].dataLink[10],actualCapacity:mean,source,computeActualCapacity,
Exponential-capacity-3293-20210301-21:50:12-11323,scalar,Aerocom.aircraft[0].dataLink[11],sentPackets:count,,,1397
Exponential-capacity-3293-20210301-21:50:12-11323,attr,Aerocom.aircraft[0].dataLink[11],sentPackets:count,source,computeSentPackets,
Exponential-capacity-3293-20210301-21:50:12-11323,scalar,Aerocom.aircraft[0].dataLink[11],actualCapacity:mean,,,9452.0766406609
Exponential-capacity-3293-20210301-21:50:12-11323,attr,Aerocom.aircraft[0].dataLink[11],actualCapacity:mean,,,
Exponential-capacity-3293-20210301-21:50:12-11323,attr,Aerocom.aircraft[0].dataLink[11],actualCapacity:mean,source,computeActualCapacity,
Exponential-capacity-3293-20210301-21:50:12-11323,scalar,Aerocom.aircraft[0].dataLink[12],sentPackets:count,,,709
Exponential-capacity-3293-20210301-21:50:12-11323,attr,Aerocom.aircraft[0].dataLink[12],sentPackets:count,source,computeSentPackets,
Exponential-capacity-3293-20210301-21:50:12-11323,scalar,Aerocom.aircraft[0].dataLink[12],actualCapacity:mean,,,9305.0695652174
Exponential-capacity-3293-20210301-21:50:12-11323,attr,Aerocom.aircraft[0].dataLink[12],actualCapacity:mean,,,
Exponential-capacity-3293-20210301-21:50:12-11323,attr,Aerocom.aircraft[0].dataLink[12],actualCapacity:mean,source,computeActualCapacity,
Exponential-capacity-3293-20210301-21:50:12-11323,scalar,Aerocom.aircraft[0].dataLink[13],sentPackets:count,,,1633
Exponential-capacity-3293-20210301-21:50:12-11323,attr,Aerocom.aircraft[0].dataLink[13],sentPackets:count,source,computeSentPackets,
Exponential-capacity-3293-20210301-21:50:12-11323,scalar,Aerocom.aircraft[0].dataLink[13],actualCapacity:mean,,,9529.2769485904
Exponential-capacity-3293-20210301-21:50:12-11323,attr,Aerocom.aircraft[0].dataLink[13],actualCapacity:mean,,,
Exponential-capacity-3293-20210301-21:50:12-11323,attr,Aerocom.aircraft[0].dataLink[13],actualCapacity:mean,source,computeActualCapacity,
Exponential-capacity-3293-20210301-21:50:12-11323,scalar,Aerocom.aircraft[0].dataLink[14],sentPackets:count,,,983
Exponential-capacity-3293-20210301-21:50:12-11323,attr,Aerocom.aircraft[0].dataLink[14],sentPackets:count,source,computeSentPackets,
Exponential-capacity-3293-20210301-21:50:12-11323,scalar,Aerocom.aircraft[0].dataLink[14],actualCapacity:mean,,,9398.42612664
Exponential-capacity-3293-20210301-21:50:12-11323,attr,Aerocom.aircraft[0].dataLink[14],actualCapacity:mean,,,
Exponential-capacity-3293-20210301-21:50:12-11323,attr,Aerocom.aircraft[0].dataLink[14],actualCapacity:mean,source,computeActualCapacity,
Exponential-capacity-3293-20210301-21:50:12-11323,scalar,Aerocom.aircraft[0].dataLink[15],sentPackets:count,,,1509
Exponential-capacity-3293-20210301-21:50:12-11323,attr,Aerocom.aircraft[0].dataLink[15],sentPackets:count,source,computeSentPackets,
Exponential-capacity-3293-20210301-21:50:12-11323,scalar,Aerocom.aircraft[0].dataLink[15],actualCapacity:mean,,,9500.2825327511
Exponential-capacity-3293-20210301-21:50:12-11323,attr,Aerocom.aircraft[0].dataLink[15],actualCapacity:mean,,,
Exponential-capacity-3293-20210301-21:50:12-11323,attr,Aerocom.aircraft[0].dataLink[15],actualCapacity:mean,source,computeActualCapacity,
Exponential-capacity-3293-20210301-21:50:12-11323,scalar,Aerocom.controlTower,receivedPackets:count,,,19605
Exponential-capacity-3293-20210301-21:50:12-11323,attr,Aerocom.controlTower,receivedPackets:count,source,computeReceivedPackets,
Exponential-capacity-3294-20210301-21:50:13-11323,scalar,Aerocom.aircraft[0].linkSelector,responseTime:mean,,,0.58427243326979
Exponential-capacity-3294-20210301-21:50:13-11323,attr,Aerocom.aircraft[0].linkSelector,responseTime:mean,,,
Exponential-capacity-3294-20210301-21:50:13-11323,attr,Aerocom.aircraft[0].linkSelector,responseTime:mean,source,computeResponseTime,
Exponential-capacity-3294-20210301-21:50:13-11323,scalar,Aerocom.aircraft[0].linkSelector,meanMalus:sum,,,13974
Exponential-capacity-3294-20210301-21:50:13-11323,attr,Aerocom.aircraft[0].linkSelector,meanMalus:sum,,,
Exponential-capacity-3294-20210301-21:50:13-11323,attr,Aerocom.aircraft[0].linkSelector,meanMalus:sum,source,computeMeanMalus,
Exponential-capacity-3294-20210301-21:50:13-11323,scalar,Aerocom.aircraft[0].linkSelector,waitingTime:mean,,,0.57702660852673
Exponential-capacity-3294-20210301-21:50:13-11323,attr,Aerocom.aircraft[0].linkSelector,waitingTime:mean,,,
Exponential-capacity-3294-20210301-21:50:13-11323,attr,Aerocom.aircraft[0].linkSelector,waitingTime:mean,source,computeWaitingTime,
Exponential-capacity-3294-20210301-21:50:13-11323,scalar,Aerocom.aircraft[0].linkSelector,serviceTime:mean,,,0.0072056644517561
Exponential-capacity-3294-20210301-21:50:13-11323,attr,Aerocom.aircraft[0].linkSelector,serviceTime:mean,,,
Exponential-capacity-3294-20210301-21:50:13-11323,attr,Aerocom.aircraft[0].linkSelector,serviceTime:mean,source,computeServiceTime,
Exponential-capacity-3294-20210301-21:50:13-11323,scalar,Aerocom.aircraft[0].linkSelector,queueLength:mean,,,28.878157732594
Exponential-capacity-3294-20210301-21:50:13-11323,attr,Aerocom.aircraft[0].linkSelector,queueLength:mean,,,
Exponential-capacity-3294-20210301-21:50:13-11323,attr,Aerocom.aircraft[0].linkSelector,queueLength:mean,source,computeQueueLength,
Exponential-capacity-3294-20210301-21:50:13-11323,scalar,Aerocom.aircraft[0].dataLink[0],sentPackets:count,,,1892
Exponential-capacity-3294-20210301-21:50:13-11323,attr,Aerocom.aircraft[0].dataLink[0],sentPackets:count,source,computeSentPackets,
Exponential-capacity-3294-20210301-21:50:13-11323,scalar,Aerocom.aircraft[0].dataLink[0],actualCapacity:mean,,,9529.9516853933
Exponential-capacity-3294-20210301-21:50:13-11323,attr,Aerocom.aircraft[0].dataLink[0],actualCapacity:mean,,,
Exponential-capacity-3294-20210301-21:50:13-11323,attr,Aerocom.aircraft[0].dataLink[0],actualCapacity:mean,source,computeActualCapacity,
Exponential-capacity-3294-20210301-21:50:13-11323,scalar,Aerocom.aircraft[0].dataLink[1],sentPackets:count,,,1226
Exponential-capacity-3294-20210301-21:50:13-11323,attr,Aerocom.aircraft[0].dataLink[1],sentPackets:count,source,computeSentPackets,
Exponential-capacity-3294-20210301-21:50:13-11323,scalar,Aerocom.aircraft[0].dataLink[1],actualCapacity:mean,,,9448.5829170829
Exponential-capacity-3294-20210301-21:50:13-11323,attr,Aerocom.aircraft[0].dataLink[1],actualCapacity:mean,,,
Exponential-capacity-3294-20210301-21:50:13-11323,attr,Aerocom.aircraft[0].dataLink[1],actualCapacity:mean,source,computeActualCapacity,
Exponential-capacity-3294-20210301-21:50:13-11323,scalar,Aerocom.aircraft[0].dataLink[2],sentPackets:count,,,1870
Exponential-capacity-3294-20210301-21:50:13-11323,attr,Aerocom.aircraft[0].dataLink[2],sentPackets:count,source,computeSentPackets,
Exponential-capacity-3294-20210301-21:50:13-11323,scalar,Aerocom.aircraft[0].dataLink[2],actualCapacity:mean,,,9482.960105382
Exponential-capacity-3294-20210301-21:50:13-11323,attr,Aerocom.aircraft[0].dataLink[2],actualCapacity:mean,,,
Exponential-capacity-3294-20210301-21:50:13-11323,attr,Aerocom.aircraft[0].dataLink[2],actualCapacity:mean,source,computeActualCapacity,
Exponential-capacity-3294-20210301-21:50:13-11323,scalar,Aerocom.aircraft[0].dataLink[3],sentPackets:count,,,811
Exponential-capacity-3294-20210301-21:50:13-11323,attr,Aerocom.aircraft[0].dataLink[3],sentPackets:count,source,computeSentPackets,
Exponential-capacity-3294-20210301-21:50:13-11323,scalar,Aerocom.aircraft[0].dataLink[3],actualCapacity:mean,,,9337.6185115697
Exponential-capacity-3294-20210301-21:50:13-11323,attr,Aerocom.aircraft[0].dataLink[3],actualCapacity:mean,,,
Exponential-capacity-3294-20210301-21:50:13-11323,attr,Aerocom.aircraft[0].dataLink[3],actualCapacity:mean,source,computeActualCapacity,
Exponential-capacity-3294-20210301-21:50:13-11323,scalar,Aerocom.aircraft[0].dataLink[4],sentPackets:count,,,1106
Exponential-capacity-3294-20210301-21:50:13-11323,attr,Aerocom.aircraft[0].dataLink[4],sentPackets:count,source,computeSentPackets,
Exponential-capacity-3294-20210301-21:50:13-11323,scalar,Aerocom.aircraft[0].dataLink[4],actualCapacity:mean,,,9392.0255047821
Exponential-capacity-3294-20210301-21:50:13-11323,attr,Aerocom.aircraft[0].dataLink[4],actualCapacity:mean,,,
Exponential-capacity-3294-20210301-21:50:13-11323,attr,Aerocom.aircraft[0].dataLink[4],actualCapacity:mean,source,computeActualCapacity,
Exponential-capacity-3294-20210301-21:50:13-11323,scalar,Aerocom.aircraft[0].dataLink[5],sentPackets:count,,,750
Exponential-capacity-3294-20210301-21:50:13-11323,attr,Aerocom.aircraft[0].dataLink[5],sentPackets:count,source,computeSentPackets,
Exponential-capacity-3294-20210301-21:50:13-11323,scalar,Aerocom.aircraft[0].dataLink[5],actualCapacity:mean,,,9308.826910516
Exponential-capacity-3294-20210301-21:50:13-11323,attr,Aerocom.aircraft[0].dataLink[5],actualCapacity:mean,,,
Exponential-capacity-3294-20210301-21:50:13-11323,attr,Aerocom.aircraft[0].dataLink[5],actualCapacity:mean,source,computeActualCapacity,
Exponential-capacity-3294-20210301-21:50:13-11323,scalar,Aerocom.aircraft[0].dataLink[6],sentPackets:count,,,1644
Exponential-capacity-3294-20210301-21:50:13-11323,attr,Aerocom.aircraft[0].dataLink[6],sentPackets:count,source,computeSentPackets,
Exponential-capacity-3294-20210301-21:50:13-11323,scalar,Aerocom.aircraft[0].dataLink[6],actualCapacity:mean,,,9553.8083264633
Exponential-capacity-3294-20210301-21:50:13-11323,attr,Aerocom.aircraft[0].dataLink[6],actualCapacity:mean,,,
Exponential-capacity-3294-20210301-21:50:13-11323,attr,Aerocom.aircraft[0].dataLink[6],actualCapacity:mean,source,computeActualCapacity,
Exponential-capacity-3294-20210301-21:50:13-11323,scalar,Aerocom.aircraft[0].dataLink[7],sentPackets:count,,,1641
Exponential-capacity-3294-20210301-21:50:13-11323,attr,Aerocom.aircraft[0].dataLink[7],sentPackets:count,source,computeSentPackets,
Exponential-capacity-3294-20210301-21:50:13-11323,scalar,Aerocom.aircraft[0].dataLink[7],actualCapacity:mean,,,9490.5171134021
Exponential-capacity-3294-20210301-21:50:13-11323,attr,Aerocom.aircraft[0].dataLink[7],actualCapacity:mean,,,
Exponential-capacity-3294-20210301-21:50:13-11323,attr,Aerocom.aircraft[0].dataLink[7],actualCapacity:mean,source,computeActualCapacity,
Exponential-capacity-3294-20210301-21:50:13-11323,scalar,Aerocom.aircraft[0].dataLink[8],sentPackets:count,,,640
Exponential-capacity-3294-20210301-21:50:13-11323,attr,Aerocom.aircraft[0].dataLink[8],sentPackets:count,source,computeSentPackets,
Exponential-capacity-3294-20210301-21:50:13-11323,scalar,Aerocom.aircraft[0].dataLink[8],actualCapacity:mean,,,9217.203246295
Exponential-capacity-3294-20210301-21:50:13-11323,attr,Aerocom.aircraft[0].dataLink[8],actualCapacity:mean,,,
Exponential-capacity-3294-20210301-21:50:13-11323,attr,Aerocom.aircraft[0].dataLink[8],actualCapacity:mean,source,computeActualCapacity,
Exponential-capacity-3294-20210301-21:50:13-11323,scalar,Aerocom.aircraft[0].dataLink[9],sentPackets:count,,,2069
Exponential-capacity-3294-20210301-21:50:13-11323,attr,Aerocom.aircraft[0].dataLink[9],sentPackets:count,source,computeSentPackets,
Exponential-capacity-3294-20210301-21:50:13-11323,scalar,Aerocom.aircraft[0].dataLink[9],actualCapacity:mean,,,9496.2963093146
Exponential-capacity-3294-20210301-21:50:13-11323,attr,Aerocom.aircraft[0].dataLink[9],actualCapacity:mean,,,
Exponential-capacity-3294-20210301-21:50:13-11323,attr,Aerocom.aircraft[0].dataLink[9],actualCapacity:mean,source,computeActualCapacity,
Exponential-capacity-3294-20210301-21:50:13-11323,scalar,Aerocom.aircraft[0].dataLink[10],sentPackets:count,,,1036
Exponential-capacity-3294-20210301-21:50:13-11323,attr,Aerocom.aircraft[0].dataLink[10],sentPackets:count,source,computeSentPackets,
Exponential-capacity-3294-20210301-21:50:13-11323,scalar,Aerocom.aircraft[0].dataLink[10],actualCapacity:mean,,,9382.9790286976
Exponential-capacity-3294-20210301-21:50:13-11323,attr,Aerocom.aircraft[0].dataLink[10],actualCapacity:mean,,,
Exponential-capacity-3294-20210301-21:50:13-11323,attr,Aerocom.aircraft[0].dataLink[10],actualCapacity:mean,source,computeActualCapacity,
Exponential-capacity-3294-20210301-21:50:13-11323,scalar,Aerocom.aircraft[0].dataLink[11],sentPackets:count,,,1227
Exponential-capacity-3294-20210301-21:50:13-11323,attr,Aerocom.aircraft[0].dataLink[11],sentPackets:count,source,computeSentPackets,
Exponential-capacity-3294-20210301-21:50:13-11323,scalar,Aerocom.aircraft[0].dataLink[11],actualCapacity:mean,,,9463.1320378675
Exponential-capacity-3294-20210301-21:50:13-11323,attr,Aerocom.aircraft[0].dataLink[11],actualCapacity:mean,,,
Exponential-capacity-3294-20210301-21:50:13-11323,attr,Aerocom.aircraft[0].dataLink[11],actualCapacity:mean,source,computeActualCapacity,
Exponential-capacity-3294-20210301-21:50:13-11323,scalar,Aerocom.aircraft[0].dataLink[12],sentPackets:count,,,514
Exponential-capacity-3294-20210301-21:50:13-11323,attr,Aerocom.aircraft[0].dataLink[12],sentPackets:count,source,computeSentPackets,
Exponential-capacity-3294-20210301-21:50:13-11323,scalar,Aerocom.aircraft[0].dataLink[12],actualCapacity:mean,,,9220.9011583012
Exponential-capacity-3294-20210301-21:50:13-11323,attr,Aerocom.aircraft[0].dataLink[12],actualCapacity:mean,,,
Exponential-capacity-3294-20210301-21:50:13-11323,attr,Aerocom.aircraft[0].dataLink[12],actualCapacity:mean,source,computeActualCapacity,
Exponential-capacity-3294-20210301-21:50:13-11323,scalar,Aerocom.aircraft[0].dataLink[13],sentPackets:count,,,555
Exponential-capacity-3294-20210301-21:50:13-11323,attr,Aerocom.aircraft[0].dataLink[13],sentPackets:count,source,computeSentPackets,
Exponential-capacity-3294-20210301-21:50:13-11323,scalar,Aerocom.aircraft[0].dataLink[13],actualCapacity:mean,,,9173.8086696562
Exponential-capacity-3294-20210301-21:50:13-11323,attr,Aerocom.aircraft[0].dataLink[13],actualCapacity:mean,,,
Exponential-capacity-3294-20210301-21:50:13-11323,attr,Aerocom.aircraft[0].dataLink[13],actualCapacity:mean,source,computeActualCapacity,
Exponential-capacity-3294-20210301-21:50:13-11323,scalar,Aerocom.aircraft[0].dataLink[14],sentPackets:count,,,1026
Exponential-capacity-3294-20210301-21:50:13-11323,attr,Aerocom.aircraft[0].dataLink[14],sentPackets:count,source,computeSentPackets,
Exponential-capacity-3294-20210301-21:50:13-11323,scalar,Aerocom.aircraft[0].dataLink[14],actualCapacity:mean,,,9383.1538885825
Exponential-capacity-3294-20210301-21:50:13-11323,attr,Aerocom.aircraft[0].dataLink[14],actualCapacity:mean,,,
Exponential-capacity-3294-20210301-21:50:13-11323,attr,Aerocom.aircraft[0].dataLink[14],actualCapacity:mean,source,computeActualCapacity,
Exponential-capacity-3294-20210301-21:50:13-11323,scalar,Aerocom.aircraft[0].dataLink[15],sentPackets:count,,,1467
Exponential-capacity-3294-20210301-21:50:13-11323,attr,Aerocom.aircraft[0].dataLink[15],sentPackets:count,source,computeSentPackets,
Exponential-capacity-3294-20210301-21:50:13-11323,scalar,Aerocom.aircraft[0].dataLink[15],actualCapacity:mean,,,9458.7532179316
Exponential-capacity-3294-20210301-21:50:13-11323,attr,Aerocom.aircraft[0].dataLink[15],actualCapacity:mean,,,
Exponential-capacity-3294-20210301-21:50:13-11323,attr,Aerocom.aircraft[0].dataLink[15],actualCapacity:mean,source,computeActualCapacity,
Exponential-capacity-3294-20210301-21:50:13-11323,scalar,Aerocom.controlTower,receivedPackets:count,,,19474
Exponential-capacity-3294-20210301-21:50:13-11323,attr,Aerocom.controlTower,receivedPackets:count,source,computeReceivedPackets,
Exponential-capacity-3295-20210301-21:50:13-11323,scalar,Aerocom.aircraft[0].linkSelector,responseTime:mean,,,0.55241347542298
Exponential-capacity-3295-20210301-21:50:13-11323,attr,Aerocom.aircraft[0].linkSelector,responseTime:mean,,,
Exponential-capacity-3295-20210301-21:50:13-11323,attr,Aerocom.aircraft[0].linkSelector,responseTime:mean,source,computeResponseTime,
Exponential-capacity-3295-20210301-21:50:13-11323,scalar,Aerocom.aircraft[0].linkSelector,meanMalus:sum,,,12668
Exponential-capacity-3295-20210301-21:50:13-11323,attr,Aerocom.aircraft[0].linkSelector,meanMalus:sum,,,
Exponential-capacity-3295-20210301-21:50:13-11323,attr,Aerocom.aircraft[0].linkSelector,meanMalus:sum,source,computeMeanMalus,
Exponential-capacity-3295-20210301-21:50:13-11323,scalar,Aerocom.aircraft[0].linkSelector,waitingTime:mean,,,0.54520969638714
Exponential-capacity-3295-20210301-21:50:13-11323,attr,Aerocom.aircraft[0].linkSelector,waitingTime:mean,,,
Exponential-capacity-3295-20210301-21:50:13-11323,attr,Aerocom.aircraft[0].linkSelector,waitingTime:mean,source,computeWaitingTime,
Exponential-capacity-3295-20210301-21:50:13-11323,scalar,Aerocom.aircraft[0].linkSelector,serviceTime:mean,,,0.0072037790358644
Exponential-capacity-3295-20210301-21:50:13-11323,attr,Aerocom.aircraft[0].linkSelector,serviceTime:mean,,,
Exponential-capacity-3295-20210301-21:50:13-11323,attr,Aerocom.aircraft[0].linkSelector,serviceTime:mean,source,computeServiceTime,
Exponential-capacity-3295-20210301-21:50:13-11323,scalar,Aerocom.aircraft[0].linkSelector,queueLength:mean,,,27.25877975432
Exponential-capacity-3295-20210301-21:50:13-11323,attr,Aerocom.aircraft[0].linkSelector,queueLength:mean,,,
Exponential-capacity-3295-20210301-21:50:13-11323,attr,Aerocom.aircraft[0].linkSelector,queueLength:mean,source,computeQueueLength,
Exponential-capacity-3295-20210301-21:50:13-11323,scalar,Aerocom.aircraft[0].dataLink[0],sentPackets:count,,,1299
Exponential-capacity-3295-20210301-21:50:13-11323,attr,Aerocom.aircraft[0].dataLink[0],sentPackets:count,source,computeSentPackets,
Exponential-capacity-3295-20210301-21:50:13-11323,scalar,Aerocom.aircraft[0].dataLink[0],actualCapacity:mean,,,9429.831006259
Exponential-capacity-3295-20210301-21:50:13-11323,attr,Aerocom.aircraft[0].dataLink[0],actualCapacity:mean,,,
Exponential-capacity-3295-20210301-21:50:13-11323,attr,Aerocom.aircraft[0].dataLink[0],actualCapacity:mean,source,computeActualCapacity,
Exponential-capacity-3295-20210301-21:50:13-11323,scalar,Aerocom.aircraft[0].dataLink[1],sentPackets:count,,,1228
Exponential-capacity-3295-20210301-21:50:13-11323,attr,Aerocom.aircraft[0].dataLink[1],sentPackets:count,source,computeSentPackets,
Exponential-capacity-3295-20210301-21:50:13-11323,scalar,Aerocom.aircraft[0].dataLink[1],actualCapacity:mean,,,9426.1909722222
Exponential-capacity-3295-20210301-21:50:13-11323,attr,Aerocom.aircraft[0].dataLink[1],actualCapacity:mean,,,
Exponential-capacity-3295-20210301-21:50:13-11323,attr,Aerocom.aircraft[0].dataLink[1],actualCapacity:mean,source,computeActualCapacity,
Exponential-capacity-3295-20210301-21:50:13-11323,scalar,Aerocom.aircraft[0].dataLink[2],sentPackets:count,,,1307
Exponential-capacity-3295-20210301-21:50:13-11323,attr,Aerocom.aircraft[0].dataLink[2],sentPackets:count,source,computeSentPackets,
Exponential-capacity-3295-20210301-21:50:13-11323,scalar,Aerocom.aircraft[0].dataLink[2],actualCapacity:mean,,,9504.6272727273
Exponential-capacity-3295-20210301-21:50:13-11323,attr,Aerocom.aircraft[0].dataLink[2],actualCapacity:mean,,,
Exponential-capacity-3295-20210301-21:50:13-11323,attr,Aerocom.aircraft[0].dataLink[2],actualCapacity:mean,source,computeActualCapacity,
Exponential-capacity-3295-20210301-21:50:13-11323,scalar,Aerocom.aircraft[0].dataLink[3],sentPackets:count,,,1146
Exponential-capacity-3295-20210301-21:50:13-11323,attr,Aerocom.aircraft[0].dataLink[3],sentPackets:count,source,computeSentPackets,
Exponential-capacity-3295-20210301-21:50:13-11323,scalar,Aerocom.aircraft[0].dataLink[3],actualCapacity:mean,,,9389.7977178423
Exponential-capacity-3295-20210301-21:50:13-11323,attr,Aerocom.aircraft[0].dataLink[3],actualCapacity:mean,,,
Exponential-capacity-3295-20210301-21:50:13-11323,attr,Aerocom.aircraft[0].dataLink[3],actualCapacity:mean,source,computeActualCapacity,
Exponential-capacity-3295-20210301-21:50:13-11323,scalar,Aerocom.aircraft[0].dataLink[4],sentPackets:count,,,1201
Exponential-capacity-3295-20210301-21:50:13-11323,attr,Aerocom.aircraft[0].dataLink[4],sentPackets:count,source,computeSentPackets,
Exponential-capacity-3295-20210301-21:50:13-11323,scalar,Aerocom.aircraft[0].dataLink[4],actualCapacity:mean,,,9450.4977375566
Exponential-capacity-3295-20210301-21:50:13-11323,attr,Aerocom.aircraft[0].dataLink[4],actualCapacity:mean,,,
Exponential-capacity-3295-20210301-21:50:13-11323,attr,Aerocom.aircraft[0].dataLink[4],actualCapacity:mean,source,computeActualCapacity,
Exponential-capacity-3295-20210301-21:50:13-11323,scalar,Aerocom.aircraft[0].dataLink[5],sentPackets:count,,,1401
Exponential-capacity-3295-20210301-21:50:13-11323,attr,Aerocom.aircraft[0].dataLink[5],sentPackets:count,source,computeSentPackets,
Exponential-capacity-3295-20210301-21:50:13-11323,scalar,Aerocom.aircraft[0].dataLink[5],actualCapacity:mean,,,9479.5601280293
Exponential-capacity-3295-20210301-21:50:13-11323,attr,Aerocom.aircraft[0].dataLink[5],actualCapacity:mean,,,
Exponential-capacity-3295-20210301-21:50:13-11323,attr,Aerocom.aircraft[0].dataLink[5],actualCapacity:mean,source,computeActualCapacity,
Exponential-capacity-3295-20210301-21:50:13-11323,scalar,Aerocom.aircraft[0].dataLink[6],sentPackets:count,,,803
Exponential-capacity-3295-20210301-21:50:13-11323,attr,Aerocom.aircraft[0].dataLink[6],sentPackets:count,source,computeSentPackets,
Exponential-capacity-3295-20210301-21:50:13-11323,scalar,Aerocom.aircraft[0].dataLink[6],actualCapacity:mean,,,9305.9467680608
Exponential-capacity-3295-20210301-21:50:13-11323,attr,Aerocom.aircraft[0].dataLink[6],actualCapacity:mean,,,
Exponential-capacity-3295-20210301-21:50:13-11323,attr,Aerocom.aircraft[0].dataLink[6],actualCapacity:mean,source,computeActualCapacity,
Exponential-capacity-3295-20210301-21:50:13-11323,scalar,Aerocom.aircraft[0].dataLink[7],sentPackets:count,,,1342
Exponential-capacity-3295-20210301-21:50:13-11323,attr,Aerocom.aircraft[0].dataLink[7],sentPackets:count,source,computeSentPackets,
Exponential-capacity-3295-20210301-21:50:13-11323,scalar,Aerocom.aircraft[0].dataLink[7],actualCapacity:mean,,,9490.2942561205
Exponential-capacity-3295-20210301-21:50:13-11323,attr,Aerocom.aircraft[0].dataLink[7],actualCapacity:mean,,,
Exponential-capacity-3295-20210301-21:50:13-11323,attr,Aerocom.aircraft[0].dataLink[7],actualCapacity:mean,source,computeActualCapacity,
Exponential-capacity-3295-20210301-21:50:13-11323,scalar,Aerocom.aircraft[0].dataLink[8],sentPackets:count,,,631
Exponential-capacity-3295-20210301-21:50:13-11323,attr,Aerocom.aircraft[0].dataLink[8],sentPackets:count,source,computeSentPackets,
Exponential-capacity-3295-20210301-21:50:13-11323,scalar,Aerocom.aircraft[0].dataLink[8],actualCapacity:mean,,,9252.9552556818
Exponential-capacity-3295-20210301-21:50:13-11323,attr,Aerocom.aircraft[0].dataLink[8],actualCapacity:mean,,,
Exponential-capacity-3295-20210301-21:50:13-11323,attr,Aerocom.aircraft[0].dataLink[8],actualCapacity:mean,source,computeActualCapacity,
Exponential-capacity-3295-20210301-21:50:13-11323,scalar,Aerocom.aircraft[0].dataLink[9],sentPackets:count,,,1493
Exponential-capacity-3295-20210301-21:50:13-11323,attr,Aerocom.aircraft[0].dataLink[9],sentPackets:count,source,computeSentPackets,
Exponential-capacity-3295-20210301-21:50:13-11323,scalar,Aerocom.aircraft[0].dataLink[9],actualCapacity:mean,,,9476.0779392338
Exponential-capacity-3295-20210301-21:50:13-11323,attr,Aerocom.aircraft[0].dataLink[9],actualCapacity:mean,,,
Exponential-capacity-3295-20210301-21:50:13-11323,attr,Aerocom.aircraft[0].dataLink[9],actualCapacity:mean,source,computeActualCapacity,
Exponential-capacity-3295-20210301-21:50:13-11323,scalar,Aerocom.aircraft[0].dataLink[10],sentPackets:count,,,902
Exponential-capacity-3295-20210301-21:50:13-11323,attr,Aerocom.aircraft[0].dataLink[10],sentPackets:count,source,computeSentPackets,
Exponential-capacity-3295-20210301-21:50:13-11323,scalar,Aerocom.aircraft[0].dataLink[10],actualCapacity:mean,,,9372.7980997625
Exponential-capacity-3295-20210301-21:50:13-11323,attr,Aerocom.aircraft[0].dataLink[10],actualCapacity:mean,,,
Exponential-capacity-3295-20210301-21:50:13-11323,attr,Aerocom.aircraft[0].dataLink[10],actualCapacity:mean,source,computeActualCapacity,
Exponential-capacity-3295-20210301-21:50:13-11323,scalar,Aerocom.aircraft[0].dataLink[11],sentPackets:count,,,1508
Exponential-capacity-3295-20210301-21:50:13-11323,attr,Aerocom.aircraft[0].dataLink[11],sentPackets:count,source,computeSentPackets,
Exponential-capacity-3295-20210301-21:50:13-11323,scalar,Aerocom.aircraft[0].dataLink[11],actualCapacity:mean,,,9485.6896853147
Exponential-capacity-3295-20210301-21:50:13-11323,attr,Aerocom.aircraft[0].dataLink[11],actualCapacity:mean,,,
Exponential-capacity-3295-20210301-21:50:13-11323,attr,Aerocom.aircraft[0].dataLink[11],actualCapacity:mean,source,computeActualCapacity,
Exponential-capacity-3295-20210301-21:50:13-11323,scalar,Aerocom.aircraft[0].dataLink[12],sentPackets:count,,,1809
Exponential-capacity-3295-20210301-21:50:13-11323,attr,Aerocom.aircraft[0].dataLink[12],sentPackets:count,source,computeSentPackets,
Exponential-capacity-3295-20210301-21:50:13-11323,scalar,Aerocom.aircraft[0].dataLink[12],actualCapacity:mean,,,9548.3776142525
Exponential-capacity-3295-20210301-21:50:13-11323,attr,Aerocom.aircraft[0].dataLink[12],actualCapacity:mean,,,
Exponential-capacity-3295-20210301-21:50:13-11323,attr,Aerocom.aircraft[0].dataLink[12],actualCapacity:mean,source,computeActualCapacity,
Exponential-capacity-3295-20210301-21:50:13-11323,scalar,Aerocom.aircraft[0].dataLink[13],sentPackets:count,,,1160
Exponential-capacity-3295-20210301-21:50:13-11323,attr,Aerocom.aircraft[0].dataLink[13],sentPackets:count,source,computeSentPackets,
Exponential-capacity-3295-20210301-21:50:13-11323,scalar,Aerocom.aircraft[0].dataLink[13],actualCapacity:mean,,,9418.4390118374
Exponential-capacity-3295-20210301-21:50:13-11323,attr,Aerocom.aircraft[0].dataLink[13],actualCapacity:mean,,,
Exponential-capacity-3295-20210301-21:50:13-11323,attr,Aerocom.aircraft[0].dataLink[13],actualCapacity:mean,source,computeActualCapacity,
Exponential-capacity-3295-20210301-21:50:13-11323,scalar,Aerocom.aircraft[0].dataLink[14],sentPackets:count,,,1514
Exponential-capacity-3295-20210301-21:50:13-11323,attr,Aerocom.aircraft[0].dataLink[14],sentPackets:count,source,computeSentPackets,
Exponential-capacity-3295-20210301-21:50:13-11323,scalar,Aerocom.aircraft[0].dataLink[14],actualCapacity:mean,,,9468.4370918589
Exponential-capacity-3295-20210301-21:50:13-11323,attr,Aerocom.aircraft[0].dataLink[14],actualCapacity:mean,,,
Exponential-capacity-3295-20210301-21:50:13-11323,attr,Aerocom.aircraft[0].dataLink[14],actualCapacity:mean,source,computeActualCapacity,
Exponential-capacity-3295-20210301-21:50:13-11323,scalar,Aerocom.aircraft[0].dataLink[15],sentPackets:count,,,875
Exponential-capacity-3295-20210301-21:50:13-11323,attr,Aerocom.aircraft[0].dataLink[15],sentPackets:count,source,computeSentPackets,
Exponential-capacity-3295-20210301-21:50:13-11323,scalar,Aerocom.aircraft[0].dataLink[15],actualCapacity:mean,,,9325.0072595281
Exponential-capacity-3295-20210301-21:50:13-11323,attr,Aerocom.aircraft[0].dataLink[15],actualCapacity:mean,,,
Exponential-capacity-3295-20210301-21:50:13-11323,attr,Aerocom.aircraft[0].dataLink[15],actualCapacity:mean,source,computeActualCapacity,
Exponential-capacity-3295-20210301-21:50:13-11323,scalar,Aerocom.controlTower,receivedPackets:count,,,19619
Exponential-capacity-3295-20210301-21:50:13-11323,attr,Aerocom.controlTower,receivedPackets:count,source,computeReceivedPackets,
Exponential-capacity-3296-20210301-21:50:11-11328,scalar,Aerocom.aircraft[0].linkSelector,responseTime:mean,,,0.52937866489227
Exponential-capacity-3296-20210301-21:50:11-11328,attr,Aerocom.aircraft[0].linkSelector,responseTime:mean,,,
Exponential-capacity-3296-20210301-21:50:11-11328,attr,Aerocom.aircraft[0].linkSelector,responseTime:mean,source,computeResponseTime,
Exponential-capacity-3296-20210301-21:50:11-11328,scalar,Aerocom.aircraft[0].linkSelector,meanMalus:sum,,,12066
Exponential-capacity-3296-20210301-21:50:11-11328,attr,Aerocom.aircraft[0].linkSelector,meanMalus:sum,,,
Exponential-capacity-3296-20210301-21:50:11-11328,attr,Aerocom.aircraft[0].linkSelector,meanMalus:sum,source,computeMeanMalus,
Exponential-capacity-3296-20210301-21:50:11-11328,scalar,Aerocom.aircraft[0].linkSelector,waitingTime:mean,,,0.5222395236194
Exponential-capacity-3296-20210301-21:50:11-11328,attr,Aerocom.aircraft[0].linkSelector,waitingTime:mean,,,
Exponential-capacity-3296-20210301-21:50:11-11328,attr,Aerocom.aircraft[0].linkSelector,waitingTime:mean,source,computeWaitingTime,
Exponential-capacity-3296-20210301-21:50:11-11328,scalar,Aerocom.aircraft[0].linkSelector,serviceTime:mean,,,0.007186933611058
Exponential-capacity-3296-20210301-21:50:11-11328,attr,Aerocom.aircraft[0].linkSelector,serviceTime:mean,,,
Exponential-capacity-3296-20210301-21:50:11-11328,attr,Aerocom.aircraft[0].linkSelector,serviceTime:mean,source,computeServiceTime,
Exponential-capacity-3296-20210301-21:50:11-11328,scalar,Aerocom.aircraft[0].linkSelector,queueLength:mean,,,25.72331708329
Exponential-capacity-3296-20210301-21:50:11-11328,attr,Aerocom.aircraft[0].linkSelector,queueLength:mean,,,
Exponential-capacity-3296-20210301-21:50:11-11328,attr,Aerocom.aircraft[0].linkSelector,queueLength:mean,source,computeQueueLength,
Exponential-capacity-3296-20210301-21:50:11-11328,scalar,Aerocom.aircraft[0].dataLink[0],sentPackets:count,,,1731
Exponential-capacity-3296-20210301-21:50:11-11328,attr,Aerocom.aircraft[0].dataLink[0],sentPackets:count,source,computeSentPackets,
Exponential-capacity-3296-20210301-21:50:11-11328,scalar,Aerocom.aircraft[0].dataLink[0],actualCapacity:mean,,,9556.5101553166
Exponential-capacity-3296-20210301-21:50:11-11328,attr,Aerocom.aircraft[0].dataLink[0],actualCapacity:mean,,,
Exponential-capacity-3296-20210301-21:50:11-11328,attr,Aerocom.aircraft[0].dataLink[0],actualCapacity:mean,source,computeActualCapacity,
Exponential-capacity-3296-20210301-21:50:11-11328,scalar,Aerocom.aircraft[0].dataLink[1],sentPackets:count,,,1138
Exponential-capacity-3296-20210301-21:50:11-11328,attr,Aerocom.aircraft[0].dataLink[1],sentPackets:count,source,computeSentPackets,
Exponential-capacity-3296-20210301-21:50:11-11328,scalar,Aerocom.aircraft[0].dataLink[1],actualCapacity:mean,,,9406.2167101828
Exponential-capacity-3296-20210301-21:50:11-11328,attr,Aerocom.aircraft[0].dataLink[1],actualCapacity:mean,,,
Exponential-capacity-3296-20210301-21:50:11-11328,attr,Aerocom.aircraft[0].dataLink[1],actualCapacity:mean,source,computeActualCapacity,
Exponential-capacity-3296-20210301-21:50:11-11328,scalar,Aerocom.aircraft[0].dataLink[2],sentPackets:count,,,1041
Exponential-capacity-3296-20210301-21:50:11-11328,attr,Aerocom.aircraft[0].dataLink[2],sentPackets:count,source,computeSentPackets,
Exponential-capacity-3296-20210301-21:50:11-11328,scalar,Aerocom.aircraft[0].dataLink[2],actualCapacity:mean,,,9436.627881449
Exponential-capacity-3296-20210301-21:50:11-11328,attr,Aerocom.aircraft[0].dataLink[2],actualCapacity:mean,,,
Exponential-capacity-3296-20210301-21:50:11-11328,attr,Aerocom.aircraft[0].dataLink[2],actualCapacity:mean,source,computeActualCapacity,
Exponential-capacity-3296-20210301-21:50:11-11328,scalar,Aerocom.aircraft[0].dataLink[3],sentPackets:count,,,1814
Exponential-capacity-3296-20210301-21:50:11-11328,attr,Aerocom.aircraft[0].dataLink[3],sentPackets:count,source,computeSentPackets,
Exponential-capacity-3296-20210301-21:50:11-11328,scalar,Aerocom.aircraft[0].dataLink[3],actualCapacity:mean,,,9530.3137028483
Exponential-capacity-3296-20210301-21:50:11-11328,attr,Aerocom.aircraft[0].dataLink[3],actualCapacity:mean,,,
Exponential-capacity-3296-20210301-21:50:11-11328,attr,Aerocom.aircraft[0].dataLink[3],actualCapacity:mean,source,computeActualCapacity,
Exponential-capacity-3296-20210301-21:50:11-11328,scalar,Aerocom.aircraft[0].dataLink[4],sentPackets:count,,,1141
Exponential-capacity-3296-20210301-21:50:11-11328,attr,Aerocom.aircraft[0].dataLink[4],sentPackets:count,source,computeSentPackets,
Exponential-capacity-3296-20210301-21:50:11-11328,scalar,Aerocom.aircraft[0].dataLink[4],actualCapacity:mean,,,9449.2497403946
Exponential-capacity-3296-20210301-21:50:11-11328,attr,Aerocom.aircraft[0].dataLink[4],actualCapacity:mean,,,
Exponential-capacity-3296-20210301-21:50:11-11328,attr,Aerocom.aircraft[0].dataLink[4],actualCapacity:mean,source,computeActualCapacity,
Exponential-capacity-3296-20210301-21:50:11-11328,scalar,Aerocom.aircraft[0].dataLink[5],sentPackets:count,,,980
Exponential-capacity-3296-20210301-21:50:11-11328,attr,Aerocom.aircraft[0].dataLink[5],sentPackets:count,source,computeSentPackets,
Exponential-capacity-3296-20210301-21:50:11-11328,scalar,Aerocom.aircraft[0].dataLink[5],actualCapacity:mean,,,9353.6579396699
Exponential-capacity-3296-20210301-21:50:11-11328,attr,Aerocom.aircraft[0].dataLink[5],actualCapacity:mean,,,
Exponential-capacity-3296-20210301-21:50:11-11328,attr,Aerocom.aircraft[0].dataLink[5],actualCapacity:mean,source,computeActualCapacity,
Exponential-capacity-3296-20210301-21:50:11-11328,scalar,Aerocom.aircraft[0].dataLink[6],sentPackets:count,,,1309
Exponential-capacity-3296-20210301-21:50:11-11328,attr,Aerocom.aircraft[0].dataLink[6],sentPackets:count,source,computeSentPackets,
Exponential-capacity-3296-20210301-21:50:11-11328,scalar,Aerocom.aircraft[0].dataLink[6],actualCapacity:mean,,,9463.0885167464
Exponential-capacity-3296-20210301-21:50:11-11328,attr,Aerocom.aircraft[0].dataLink[6],actualCapacity:mean,,,
Exponential-capacity-3296-20210301-21:50:11-11328,attr,Aerocom.aircraft[0].dataLink[6],actualCapacity:mean,source,computeActualCapacity,
Exponential-capacity-3296-20210301-21:50:11-11328,scalar,Aerocom.aircraft[0].dataLink[7],sentPackets:count,,,1017
Exponential-capacity-3296-20210301-21:50:11-11328,attr,Aerocom.aircraft[0].dataLink[7],sentPackets:count,source,computeSentPackets,
Exponential-capacity-3296-20210301-21:50:11-11328,scalar,Aerocom.aircraft[0].dataLink[7],actualCapacity:mean,,,9443.8140311804
Exponential-capacity-3296-20210301-21:50:11-11328,attr,Aerocom.aircraft[0].dataLink[7],actualCapacity:mean,,,
Exponential-capacity-3296-20210301-21:50:11-11328,attr,Aerocom.aircraft[0].dataLink[7],actualCapacity:mean,source,computeActualCapacity,
Exponential-capacity-3296-20210301-21:50:11-11328,scalar,Aerocom.aircraft[0].dataLink[8],sentPackets:count,,,395
Exponential-capacity-3296-20210301-21:50:11-11328,attr,Aerocom.aircraft[0].dataLink[8],sentPackets:count,source,computeSentPackets,
Exponential-capacity-3296-20210301-21:50:11-11328,scalar,Aerocom.aircraft[0].dataLink[8],actualCapacity:mean,,,9211.1482112436
Exponential-capacity-3296-20210301-21:50:11-11328,attr,Aerocom.aircraft[0].dataLink[8],actualCapacity:mean,,,
Exponential-capacity-3296-20210301-21:50:11-11328,attr,Aerocom.aircraft[0].dataLink[8],actualCapacity:mean,source,computeActualCapacity,
Exponential-capacity-3296-20210301-21:50:11-11328,scalar,Aerocom.aircraft[0].dataLink[9],sentPackets:count,,,1625
Exponential-capacity-3296-20210301-21:50:11-11328,attr,Aerocom.aircraft[0].dataLink[9],sentPackets:count,source,computeSentPackets,
Exponential-capacity-3296-20210301-21:50:11-11328,scalar,Aerocom.aircraft[0].dataLink[9],actualCapacity:mean,,,9538.661391087
Exponential-capacity-3296-20210301-21:50:11-11328,attr,Aerocom.aircraft[0].dataLink[9],actualCapacity:mean,,,
Exponential-capacity-3296-20210301-21:50:11-11328,attr,Aerocom.aircraft[0].dataLink[9],actualCapacity:mean,source,computeActualCapacity,
Exponential-capacity-3296-20210301-21:50:11-11328,scalar,Aerocom.aircraft[0].dataLink[10],sentPackets:count,,,1176
Exponential-capacity-3296-20210301-21:50:11-11328,attr,Aerocom.aircraft[0].dataLink[10],sentPackets:count,source,computeSentPackets,
Exponential-capacity-3296-20210301-21:50:11-11328,scalar,Aerocom.aircraft[0].dataLink[10],actualCapacity:mean,,,9413.0668708525
Exponential-capacity-3296-20210301-21:50:11-11328,attr,Aerocom.aircraft[0].dataLink[10],actualCapacity:mean,,,
Exponential-capacity-3296-20210301-21:50:11-11328,attr,Aerocom.aircraft[0].dataLink[10],actualCapacity:mean,source,computeActualCapacity,
Exponential-capacity-3296-20210301-21:50:11-11328,scalar,Aerocom.aircraft[0].dataLink[11],sentPackets:count,,,1710
Exponential-capacity-3296-20210301-21:50:11-11328,attr,Aerocom.aircraft[0].dataLink[11],sentPackets:count,source,computeSentPackets,
Exponential-capacity-3296-20210301-21:50:11-11328,scalar,Aerocom.aircraft[0].dataLink[11],actualCapacity:mean,,,9521.5883534137
Exponential-capacity-3296-20210301-21:50:11-11328,attr,Aerocom.aircraft[0].dataLink[11],actualCapacity:mean,,,
Exponential-capacity-3296-20210301-21:50:11-11328,attr,Aerocom.aircraft[0].dataLink[11],actualCapacity:mean,source,computeActualCapacity,
Exponential-capacity-3296-20210301-21:50:11-11328,scalar,Aerocom.aircraft[0].dataLink[12],sentPackets:count,,,1092
Exponential-capacity-3296-20210301-21:50:11-11328,attr,Aerocom.aircraft[0].dataLink[12],sentPackets:count,source,computeSentPackets,
Exponential-capacity-3296-20210301-21:50:11-11328,scalar,Aerocom.aircraft[0].dataLink[12],actualCapacity:mean,,,9448.6110815131
Exponential-capacity-3296-20210301-21:50:11-11328,attr,Aerocom.aircraft[0].dataLink[12],actualCapacity:mean,,,
Exponential-capacity-3296-20210301-21:50:11-11328,attr,Aerocom.aircraft[0].dataLink[12],actualCapacity:mean,source,computeActualCapacity,
Exponential-capacity-3296-20210301-21:50:11-11328,scalar,Aerocom.aircraft[0].dataLink[13],sentPackets:count,,,1025
Exponential-capacity-3296-20210301-21:50:11-11328,attr,Aerocom.aircraft[0].dataLink[13],sentPackets:count,source,computeSentPackets,
Exponential-capacity-3296-20210301-21:50:11-11328,scalar,Aerocom.aircraft[0].dataLink[13],actualCapacity:mean,,,9445.7682119205
Exponential-capacity-3296-20210301-21:50:11-11328,attr,Aerocom.aircraft[0].dataLink[13],actualCapacity:mean,,,
Exponential-capacity-3296-20210301-21:50:11-11328,attr,Aerocom.aircraft[0].dataLink[13],actualCapacity:mean,source,computeActualCapacity,
Exponential-capacity-3296-20210301-21:50:11-11328,scalar,Aerocom.aircraft[0].dataLink[14],sentPackets:count,,,1133
Exponential-capacity-3296-20210301-21:50:11-11328,attr,Aerocom.aircraft[0].dataLink[14],sentPackets:count,source,computeSentPackets,
Exponential-capacity-3296-20210301-21:50:11-11328,scalar,Aerocom.aircraft[0].dataLink[14],actualCapacity:mean,,,9446.4788732394
Exponential-capacity-3296-20210301-21:50:11-11328,attr,Aerocom.aircraft[0].dataLink[14],actualCapacity:mean,,,
Exponential-capacity-3296-20210301-21:50:11-11328,attr,Aerocom.aircraft[0].dataLink[14],actualCapacity:mean,source,computeActualCapacity,
Exponential-capacity-3296-20210301-21:50:11-11328,scalar,Aerocom.aircraft[0].dataLink[15],sentPackets:count,,,954
Exponential-capacity-3296-20210301-21:50:11-11328,attr,Aerocom.aircraft[0].dataLink[15],sentPackets:count,source,computeSentPackets,
Exponential-capacity-3296-20210301-21:50:11-11328,scalar,Aerocom.aircraft[0].dataLink[15],actualCapacity:mean,,,9411.6070398153
Exponential-capacity-3296-20210301-21:50:11-11328,attr,Aerocom.aircraft[0].dataLink[15],actualCapacity:mean,,,
Exponential-capacity-3296-20210301-21:50:11-11328,attr,Aerocom.aircraft[0].dataLink[15],actualCapacity:mean,source,computeActualCapacity,
Exponential-capacity-3296-20210301-21:50:11-11328,scalar,Aerocom.controlTower,receivedPackets:count,,,19281
Exponential-capacity-3296-20210301-21:50:11-11328,attr,Aerocom.controlTower,receivedPackets:count,source,computeReceivedPackets,
Exponential-capacity-3297-20210301-21:50:11-11328,scalar,Aerocom.aircraft[0].linkSelector,responseTime:mean,,,0.56220069019869
Exponential-capacity-3297-20210301-21:50:11-11328,attr,Aerocom.aircraft[0].linkSelector,responseTime:mean,,,
Exponential-capacity-3297-20210301-21:50:11-11328,attr,Aerocom.aircraft[0].linkSelector,responseTime:mean,source,computeResponseTime,
Exponential-capacity-3297-20210301-21:50:11-11328,scalar,Aerocom.aircraft[0].linkSelector,meanMalus:sum,,,12106
Exponential-capacity-3297-20210301-21:50:11-11328,attr,Aerocom.aircraft[0].linkSelector,meanMalus:sum,,,
Exponential-capacity-3297-20210301-21:50:11-11328,attr,Aerocom.aircraft[0].linkSelector,meanMalus:sum,source,computeMeanMalus,
Exponential-capacity-3297-20210301-21:50:11-11328,scalar,Aerocom.aircraft[0].linkSelector,waitingTime:mean,,,0.55497458701946
Exponential-capacity-3297-20210301-21:50:11-11328,attr,Aerocom.aircraft[0].linkSelector,waitingTime:mean,,,
Exponential-capacity-3297-20210301-21:50:11-11328,attr,Aerocom.aircraft[0].linkSelector,waitingTime:mean,source,computeWaitingTime,
Exponential-capacity-3297-20210301-21:50:11-11328,scalar,Aerocom.aircraft[0].linkSelector,serviceTime:mean,,,0.0072261031792542
Exponential-capacity-3297-20210301-21:50:11-11328,attr,Aerocom.aircraft[0].linkSelector,serviceTime:mean,,,
Exponential-capacity-3297-20210301-21:50:11-11328,attr,Aerocom.aircraft[0].linkSelector,serviceTime:mean,source,computeServiceTime,
Exponential-capacity-3297-20210301-21:50:11-11328,scalar,Aerocom.aircraft[0].linkSelector,queueLength:mean,,,27.734162256589
Exponential-capacity-3297-20210301-21:50:11-11328,attr,Aerocom.aircraft[0].linkSelector,queueLength:mean,,,
Exponential-capacity-3297-20210301-21:50:11-11328,attr,Aerocom.aircraft[0].linkSelector,queueLength:mean,source,computeQueueLength,
Exponential-capacity-3297-20210301-21:50:11-11328,scalar,Aerocom.aircraft[0].dataLink[0],sentPackets:count,,,1004
Exponential-capacity-3297-20210301-21:50:11-11328,attr,Aerocom.aircraft[0].dataLink[0],sentPackets:count,source,computeSentPackets,
Exponential-capacity-3297-20210301-21:50:11-11328,scalar,Aerocom.aircraft[0].dataLink[0],actualCapacity:mean,,,9414.7279370433
Exponential-capacity-3297-20210301-21:50:11-11328,attr,Aerocom.aircraft[0].dataLink[0],actualCapacity:mean,,,
Exponential-capacity-3297-20210301-21:50:11-11328,attr,Aerocom.aircraft[0].dataLink[0],actualCapacity:mean,source,computeActualCapacity,
Exponential-capacity-3297-20210301-21:50:11-11328,scalar,Aerocom.aircraft[0].dataLink[1],sentPackets:count,,,1430
Exponential-capacity-3297-20210301-21:50:11-11328,attr,Aerocom.aircraft[0].dataLink[1],sentPackets:count,source,computeSentPackets,
Exponential-capacity-3297-20210301-21:50:11-11328,scalar,Aerocom.aircraft[0].dataLink[1],actualCapacity:mean,,,9392.8841298467
Exponential-capacity-3297-20210301-21:50:11-11328,attr,Aerocom.aircraft[0].dataLink[1],actualCapacity:mean,,,
Exponential-capacity-3297-20210301-21:50:11-11328,attr,Aerocom.aircraft[0].dataLink[1],actualCapacity:mean,source,computeActualCapacity,
Exponential-capacity-3297-20210301-21:50:11-11328,scalar,Aerocom.aircraft[0].dataLink[2],sentPackets:count,,,1172
Exponential-capacity-3297-20210301-21:50:11-11328,attr,Aerocom.aircraft[0].dataLink[2],sentPackets:count,source,computeSentPackets,
Exponential-capacity-3297-20210301-21:50:11-11328,scalar,Aerocom.aircraft[0].dataLink[2],actualCapacity:mean,,,9412.4733333333
Exponential-capacity-3297-20210301-21:50:11-11328,attr,Aerocom.aircraft[0].dataLink[2],actualCapacity:mean,,,
Exponential-capacity-3297-20210301-21:50:11-11328,attr,Aerocom.aircraft[0].dataLink[2],actualCapacity:mean,source,computeActualCapacity,
Exponential-capacity-3297-20210301-21:50:11-11328,scalar,Aerocom.aircraft[0].dataLink[3],sentPackets:count,,,929
Exponential-capacity-3297-20210301-21:50:11-11328,attr,Aerocom.aircraft[0].dataLink[3],sentPackets:count,source,computeSentPackets,
Exponential-capacity-3297-20210301-21:50:11-11328,scalar,Aerocom.aircraft[0].dataLink[3],actualCapacity:mean,,,9317.0350058343
Exponential-capacity-3297-20210301-21:50:11-11328,attr,Aerocom.aircraft[0].dataLink[3],actualCapacity:mean,,,
Exponential-capacity-3297-20210301-21:50:11-11328,attr,Aerocom.aircraft[0].dataLink[3],actualCapacity:mean,source,computeActualCapacity,
Exponential-capacity-3297-20210301-21:50:11-11328,scalar,Aerocom.aircraft[0].dataLink[4],sentPackets:count,,,1263
Exponential-capacity-3297-20210301-21:50:11-11328,attr,Aerocom.aircraft[0].dataLink[4],sentPackets:count,source,computeSentPackets,
Exponential-capacity-3297-20210301-21:50:11-11328,scalar,Aerocom.aircraft[0].dataLink[4],actualCapacity:mean,,,9424.3594132029
Exponential-capacity-3297-20210301-21:50:11-11328,attr,Aerocom.aircraft[0].dataLink[4],actualCapacity:mean,,,
Exponential-capacity-3297-20210301-21:50:11-11328,attr,Aerocom.aircraft[0].dataLink[4],actualCapacity:mean,source,computeActualCapacity,
Exponential-capacity-3297-20210301-21:50:11-11328,scalar,Aerocom.aircraft[0].dataLink[5],sentPackets:count,,,1308
Exponential-capacity-3297-20210301-21:50:11-11328,attr,Aerocom.aircraft[0].dataLink[5],sentPackets:count,source,computeSentPackets,
Exponential-capacity-3297-20210301-21:50:11-11328,scalar,Aerocom.aircraft[0].dataLink[5],actualCapacity:mean,,,9400.395793499
Exponential-capacity-3297-20210301-21:50:11-11328,attr,Aerocom.aircraft[0].dataLink[5],actualCapacity:mean,,,
Exponential-capacity-3297-20210301-21:50:11-11328,attr,Aerocom.aircraft[0].dataLink[5],actualCapacity:mean,source,computeActualCapacity,
Exponential-capacity-3297-20210301-21:50:11-11328,scalar,Aerocom.aircraft[0].dataLink[6],sentPackets:count,,,1341
Exponential-capacity-3297-20210301-21:50:11-11328,attr,Aerocom.aircraft[0].dataLink[6],sentPackets:count,source,computeSentPackets,
Exponential-capacity-3297-20210301-21:50:11-11328,scalar,Aerocom.aircraft[0].dataLink[6],actualCapacity:mean,,,9448.2846371348
Exponential-capacity-3297-20210301-21:50:11-11328,attr,Aerocom.aircraft[0].dataLink[6],actualCapacity:mean,,,
Exponential-capacity-3297-20210301-21:50:11-11328,attr,Aerocom.aircraft[0].dataLink[6],actualCapacity:mean,source,computeActualCapacity,
Exponential-capacity-3297-20210301-21:50:11-11328,scalar,Aerocom.aircraft[0].dataLink[7],sentPackets:count,,,1359
Exponential-capacity-3297-20210301-21:50:11-11328,attr,Aerocom.aircraft[0].dataLink[7],sentPackets:count,source,computeSentPackets,
Exponential-capacity-3297-20210301-21:50:11-11328,scalar,Aerocom.aircraft[0].dataLink[7],actualCapacity:mean,,,9402.8987873134
Exponential-capacity-3297-20210301-21:50:11-11328,attr,Aerocom.aircraft[0].dataLink[7],actualCapacity:mean,,,
Exponential-capacity-3297-20210301-21:50:11-11328,attr,Aerocom.aircraft[0].dataLink[7],actualCapacity:mean,source,computeActualCapacity,
Exponential-capacity-3297-20210301-21:50:11-11328,scalar,Aerocom.aircraft[0].dataLink[8],sentPackets:count,,,1497
Exponential-capacity-3297-20210301-21:50:11-11328,attr,Aerocom.aircraft[0].dataLink[8],sentPackets:count,source,computeSentPackets,
Exponential-capacity-3297-20210301-21:50:11-11328,scalar,Aerocom.aircraft[0].dataLink[8],actualCapacity:mean,,,9437.8882069268
Exponential-capacity-3297-20210301-21:50:11-11328,attr,Aerocom.aircraft[0].dataLink[8],actualCapacity:mean,,,
Exponential-capacity-3297-20210301-21:50:11-11328,attr,Aerocom.aircraft[0].dataLink[8],actualCapacity:mean,source,computeActualCapacity,
Exponential-capacity-3297-20210301-21:50:11-11328,scalar,Aerocom.aircraft[0].dataLink[9],sentPackets:count,,,1677
Exponential-capacity-3297-20210301-21:50:11-11328,attr,Aerocom.aircraft[0].dataLink[9],sentPackets:count,source,computeSentPackets,
Exponential-capacity-3297-20210301-21:50:11-11328,scalar,Aerocom.aircraft[0].dataLink[9],actualCapacity:mean,,,9463.6478013029
Exponential-capacity-3297-20210301-21:50:11-11328,attr,Aerocom.aircraft[0].dataLink[9],actualCapacity:mean,,,
Exponential-capacity-3297-20210301-21:50:11-11328,attr,Aerocom.aircraft[0].dataLink[9],actualCapacity:mean,source,computeActualCapacity,
Exponential-capacity-3297-20210301-21:50:11-11328,scalar,Aerocom.aircraft[0].dataLink[10],sentPackets:count,,,939
Exponential-capacity-3297-20210301-21:50:11-11328,attr,Aerocom.aircraft[0].dataLink[10],sentPackets:count,source,computeSentPackets,
Exponential-capacity-3297-20210301-21:50:11-11328,scalar,Aerocom.aircraft[0].dataLink[10],actualCapacity:mean,,,9364.3599301107
Exponential-capacity-3297-20210301-21:50:11-11328,attr,Aerocom.aircraft[0].dataLink[10],actualCapacity:mean,,,
Exponential-capacity-3297-20210301-21:50:11-11328,attr,Aerocom.aircraft[0].dataLink[10],actualCapacity:mean,source,computeActualCapacity,
Exponential-capacity-3297-20210301-21:50:11-11328,scalar,Aerocom.aircraft[0].dataLink[11],sentPackets:count,,,849
Exponential-capacity-3297-20210301-21:50:11-11328,attr,Aerocom.aircraft[0].dataLink[11],sentPackets:count,source,computeSentPackets,
Exponential-capacity-3297-20210301-21:50:11-11328,scalar,Aerocom.aircraft[0].dataLink[11],actualCapacity:mean,,,9354.9735547355
Exponential-capacity-3297-20210301-21:50:11-11328,attr,Aerocom.aircraft[0].dataLink[11],actualCapacity:mean,,,
Exponential-capacity-3297-20210301-21:50:11-11328,attr,Aerocom.aircraft[0].dataLink[11],actualCapacity:mean,source,computeActualCapacity,
Exponential-capacity-3297-20210301-21:50:11-11328,scalar,Aerocom.aircraft[0].dataLink[12],sentPackets:count,,,1739
Exponential-capacity-3297-20210301-21:50:11-11328,attr,Aerocom.aircraft[0].dataLink[12],sentPackets:count,source,computeSentPackets,
Exponential-capacity-3297-20210301-21:50:11-11328,scalar,Aerocom.aircraft[0].dataLink[12],actualCapacity:mean,,,9541.3304244347
Exponential-capacity-3297-20210301-21:50:11-11328,attr,Aerocom.aircraft[0].dataLink[12],actualCapacity:mean,,,
Exponential-capacity-3297-20210301-21:50:11-11328,attr,Aerocom.aircraft[0].dataLink[12],actualCapacity:mean,source,computeActualCapacity,
Exponential-capacity-3297-20210301-21:50:11-11328,scalar,Aerocom.aircraft[0].dataLink[13],sentPackets:count,,,653
Exponential-capacity-3297-20210301-21:50:11-11328,attr,Aerocom.aircraft[0].dataLink[13],sentPackets:count,source,computeSentPackets,
Exponential-capacity-3297-20210301-21:50:11-11328,scalar,Aerocom.aircraft[0].dataLink[13],actualCapacity:mean,,,9307.3894736842
Exponential-capacity-3297-20210301-21:50:11-11328,attr,Aerocom.aircraft[0].dataLink[13],actualCapacity:mean,,,
Exponential-capacity-3297-20210301-21:50:11-11328,attr,Aerocom.aircraft[0].dataLink[13],actualCapacity:mean,source,computeActualCapacity,
Exponential-capacity-3297-20210301-21:50:11-11328,scalar,Aerocom.aircraft[0].dataLink[14],sentPackets:count,,,1327
Exponential-capacity-3297-20210301-21:50:11-11328,attr,Aerocom.aircraft[0].dataLink[14],sentPackets:count,source,computeSentPackets,
Exponential-capacity-3297-20210301-21:50:11-11328,scalar,Aerocom.aircraft[0].dataLink[14],actualCapacity:mean,,,9466.6873814042
Exponential-capacity-3297-20210301-21:50:11-11328,attr,Aerocom.aircraft[0].dataLink[14],actualCapacity:mean,,,
Exponential-capacity-3297-20210301-21:50:11-11328,attr,Aerocom.aircraft[0].dataLink[14],actualCapacity:mean,source,computeActualCapacity,
Exponential-capacity-3297-20210301-21:50:11-11328,scalar,Aerocom.aircraft[0].dataLink[15],sentPackets:count,,,976
Exponential-capacity-3297-20210301-21:50:11-11328,attr,Aerocom.aircraft[0].dataLink[15],sentPackets:count,source,computeSentPackets,
Exponential-capacity-3297-20210301-21:50:11-11328,scalar,Aerocom.aircraft[0].dataLink[15],actualCapacity:mean,,,9381.8222600795
Exponential-capacity-3297-20210301-21:50:11-11328,attr,Aerocom.aircraft[0].dataLink[15],actualCapacity:mean,,,
Exponential-capacity-3297-20210301-21:50:11-11328,attr,Aerocom.aircraft[0].dataLink[15],actualCapacity:mean,source,computeActualCapacity,
Exponential-capacity-3297-20210301-21:50:11-11328,scalar,Aerocom.controlTower,receivedPackets:count,,,19463
Exponential-capacity-3297-20210301-21:50:11-11328,attr,Aerocom.controlTower,receivedPackets:count,source,computeReceivedPackets,
Exponential-capacity-3298-20210301-21:50:12-11328,scalar,Aerocom.aircraft[0].linkSelector,responseTime:mean,,,0.56602440097007
Exponential-capacity-3298-20210301-21:50:12-11328,attr,Aerocom.aircraft[0].linkSelector,responseTime:mean,,,
Exponential-capacity-3298-20210301-21:50:12-11328,attr,Aerocom.aircraft[0].linkSelector,responseTime:mean,source,computeResponseTime,
Exponential-capacity-3298-20210301-21:50:12-11328,scalar,Aerocom.aircraft[0].linkSelector,meanMalus:sum,,,13966
Exponential-capacity-3298-20210301-21:50:12-11328,attr,Aerocom.aircraft[0].linkSelector,meanMalus:sum,,,
Exponential-capacity-3298-20210301-21:50:12-11328,attr,Aerocom.aircraft[0].linkSelector,meanMalus:sum,source,computeMeanMalus,
Exponential-capacity-3298-20210301-21:50:12-11328,scalar,Aerocom.aircraft[0].linkSelector,waitingTime:mean,,,0.5588938660139
Exponential-capacity-3298-20210301-21:50:12-11328,attr,Aerocom.aircraft[0].linkSelector,waitingTime:mean,,,
Exponential-capacity-3298-20210301-21:50:12-11328,attr,Aerocom.aircraft[0].linkSelector,waitingTime:mean,source,computeWaitingTime,
Exponential-capacity-3298-20210301-21:50:12-11328,scalar,Aerocom.aircraft[0].linkSelector,serviceTime:mean,,,0.0071998394858087
Exponential-capacity-3298-20210301-21:50:12-11328,attr,Aerocom.aircraft[0].linkSelector,serviceTime:mean,,,
Exponential-capacity-3298-20210301-21:50:12-11328,attr,Aerocom.aircraft[0].linkSelector,serviceTime:mean,source,computeServiceTime,
Exponential-capacity-3298-20210301-21:50:12-11328,scalar,Aerocom.aircraft[0].linkSelector,queueLength:mean,,,27.584285787504
Exponential-capacity-3298-20210301-21:50:12-11328,attr,Aerocom.aircraft[0].linkSelector,queueLength:mean,,,
Exponential-capacity-3298-20210301-21:50:12-11328,attr,Aerocom.aircraft[0].linkSelector,queueLength:mean,source,computeQueueLength,
Exponential-capacity-3298-20210301-21:50:12-11328,scalar,Aerocom.aircraft[0].dataLink[0],sentPackets:count,,,1343
Exponential-capacity-3298-20210301-21:50:12-11328,attr,Aerocom.aircraft[0].dataLink[0],sentPackets:count,source,computeSentPackets,
Exponential-capacity-3298-20210301-21:50:12-11328,scalar,Aerocom.aircraft[0].dataLink[0],actualCapacity:mean,,,9479.8964218456
Exponential-capacity-3298-20210301-21:50:12-11328,attr,Aerocom.aircraft[0].dataLink[0],actualCapacity:mean,,,
Exponential-capacity-3298-20210301-21:50:12-11328,attr,Aerocom.aircraft[0].dataLink[0],actualCapacity:mean,source,computeActualCapacity,
Exponential-capacity-3298-20210301-21:50:12-11328,scalar,Aerocom.aircraft[0].dataLink[1],sentPackets:count,,,661
Exponential-capacity-3298-20210301-21:50:12-11328,attr,Aerocom.aircraft[0].dataLink[1],sentPackets:count,source,computeSentPackets,
Exponential-capacity-3298-20210301-21:50:12-11328,scalar,Aerocom.aircraft[0].dataLink[1],actualCapacity:mean,,,9304.5196959226
Exponential-capacity-3298-20210301-21:50:12-11328,attr,Aerocom.aircraft[0].dataLink[1],actualCapacity:mean,,,
Exponential-capacity-3298-20210301-21:50:12-11328,attr,Aerocom.aircraft[0].dataLink[1],actualCapacity:mean,source,computeActualCapacity,
Exponential-capacity-3298-20210301-21:50:12-11328,scalar,Aerocom.aircraft[0].dataLink[2],sentPackets:count,,,1331
Exponential-capacity-3298-20210301-21:50:12-11328,attr,Aerocom.aircraft[0].dataLink[2],sentPackets:count,source,computeSentPackets,
Exponential-capacity-3298-20210301-21:50:12-11328,scalar,Aerocom.aircraft[0].dataLink[2],actualCapacity:mean,,,9440.6843601896
Exponential-capacity-3298-20210301-21:50:12-11328,attr,Aerocom.aircraft[0].dataLink[2],actualCapacity:mean,,,
Exponential-capacity-3298-20210301-21:50:12-11328,attr,Aerocom.aircraft[0].dataLink[2],actualCapacity:mean,source,computeActualCapacity,
Exponential-capacity-3298-20210301-21:50:12-11328,scalar,Aerocom.aircraft[0].dataLink[3],sentPackets:count,,,1441
Exponential-capacity-3298-20210301-21:50:12-11328,attr,Aerocom.aircraft[0].dataLink[3],sentPackets:count,source,computeSentPackets,
Exponential-capacity-3298-20210301-21:50:12-11328,scalar,Aerocom.aircraft[0].dataLink[3],actualCapacity:mean,,,9512.4197031039
Exponential-capacity-3298-20210301-21:50:12-11328,attr,Aerocom.aircraft[0].dataLink[3],actualCapacity:mean,,,
Exponential-capacity-3298-20210301-21:50:12-11328,attr,Aerocom.aircraft[0].dataLink[3],actualCapacity:mean,source,computeActualCapacity,
Exponential-capacity-3298-20210301-21:50:12-11328,scalar,Aerocom.aircraft[0].dataLink[4],sentPackets:count,,,1384
Exponential-capacity-3298-20210301-21:50:12-11328,attr,Aerocom.aircraft[0].dataLink[4],sentPackets:count,source,computeSentPackets,
Exponential-capacity-3298-20210301-21:50:12-11328,scalar,Aerocom.aircraft[0].dataLink[4],actualCapacity:mean,,,9406.8964401295
Exponential-capacity-3298-20210301-21:50:12-11328,attr,Aerocom.aircraft[0].dataLink[4],actualCapacity:mean,,,
Exponential-capacity-3298-20210301-21:50:12-11328,attr,Aerocom.aircraft[0].dataLink[4],actualCapacity:mean,source,computeActualCapacity,
Exponential-capacity-3298-20210301-21:50:12-11328,scalar,Aerocom.aircraft[0].dataLink[5],sentPackets:count,,,1925
Exponential-capacity-3298-20210301-21:50:12-11328,attr,Aerocom.aircraft[0].dataLink[5],sentPackets:count,source,computeSentPackets,
Exponential-capacity-3298-20210301-21:50:12-11328,scalar,Aerocom.aircraft[0].dataLink[5],actualCapacity:mean,,,9542.7343460541
Exponential-capacity-3298-20210301-21:50:12-11328,attr,Aerocom.aircraft[0].dataLink[5],actualCapacity:mean,,,
Exponential-capacity-3298-20210301-21:50:12-11328,attr,Aerocom.aircraft[0].dataLink[5],actualCapacity:mean,source,computeActualCapacity,
Exponential-capacity-3298-20210301-21:50:12-11328,scalar,Aerocom.aircraft[0].dataLink[6],sentPackets:count,,,1041
Exponential-capacity-3298-20210301-21:50:12-11328,attr,Aerocom.aircraft[0].dataLink[6],sentPackets:count,source,computeSentPackets,
Exponential-capacity-3298-20210301-21:50:12-11328,scalar,Aerocom.aircraft[0].dataLink[6],actualCapacity:mean,,,9422.2319078947
Exponential-capacity-3298-20210301-21:50:12-11328,attr,Aerocom.aircraft[0].dataLink[6],actualCapacity:mean,,,
Exponential-capacity-3298-20210301-21:50:12-11328,attr,Aerocom.aircraft[0].dataLink[6],actualCapacity:mean,source,computeActualCapacity,
Exponential-capacity-3298-20210301-21:50:12-11328,scalar,Aerocom.aircraft[0].dataLink[7],sentPackets:count,,,1756
Exponential-capacity-3298-20210301-21:50:12-11328,attr,Aerocom.aircraft[0].dataLink[7],sentPackets:count,source,computeSentPackets,
Exponential-capacity-3298-20210301-21:50:12-11328,scalar,Aerocom.aircraft[0].dataLink[7],actualCapacity:mean,,,9522.8860410095
Exponential-capacity-3298-20210301-21:50:12-11328,attr,Aerocom.aircraft[0].dataLink[7],actualCapacity:mean,,,
Exponential-capacity-3298-20210301-21:50:12-11328,attr,Aerocom.aircraft[0].dataLink[7],actualCapacity:mean,source,computeActualCapacity,
Exponential-capacity-3298-20210301-21:50:12-11328,scalar,Aerocom.aircraft[0].dataLink[8],sentPackets:count,,,916
Exponential-capacity-3298-20210301-21:50:12-11328,attr,Aerocom.aircraft[0].dataLink[8],sentPackets:count,source,computeSentPackets,
Exponential-capacity-3298-20210301-21:50:12-11328,scalar,Aerocom.aircraft[0].dataLink[8],actualCapacity:mean,,,9346.5886524823
Exponential-capacity-3298-20210301-21:50:12-11328,attr,Aerocom.aircraft[0].dataLink[8],actualCapacity:mean,,,
Exponential-capacity-3298-20210301-21:50:12-11328,attr,Aerocom.aircraft[0].dataLink[8],actualCapacity:mean,source,computeActualCapacity,
Exponential-capacity-3298-20210301-21:50:12-11328,scalar,Aerocom.aircraft[0].dataLink[9],sentPackets:count,,,1467
Exponential-capacity-3298-20210301-21:50:12-11328,attr,Aerocom.aircraft[0].dataLink[9],sentPackets:count,source,computeSentPackets,
Exponential-capacity-3298-20210301-21:50:12-11328,scalar,Aerocom.aircraft[0].dataLink[9],actualCapacity:mean,,,9478.4451871658
Exponential-capacity-3298-20210301-21:50:12-11328,attr,Aerocom.aircraft[0].dataLink[9],actualCapacity:mean,,,
Exponential-capacity-3298-20210301-21:50:12-11328,attr,Aerocom.aircraft[0].dataLink[9],actualCapacity:mean,source,computeActualCapacity,
Exponential-capacity-3298-20210301-21:50:12-11328,scalar,Aerocom.aircraft[0].dataLink[10],sentPackets:count,,,958
Exponential-capacity-3298-20210301-21:50:12-11328,attr,Aerocom.aircraft[0].dataLink[10],sentPackets:count,source,computeSentPackets,
Exponential-capacity-3298-20210301-21:50:12-11328,scalar,Aerocom.aircraft[0].dataLink[10],actualCapacity:mean,,,9381.2079037801
Exponential-capacity-3298-20210301-21:50:12-11328,attr,Aerocom.aircraft[0].dataLink[10],actualCapacity:mean,,,
Exponential-capacity-3298-20210301-21:50:12-11328,attr,Aerocom.aircraft[0].dataLink[10],actualCapacity:mean,source,computeActualCapacity,
Exponential-capacity-3298-20210301-21:50:12-11328,scalar,Aerocom.aircraft[0].dataLink[11],sentPackets:count,,,755
Exponential-capacity-3298-20210301-21:50:12-11328,attr,Aerocom.aircraft[0].dataLink[11],sentPackets:count,source,computeSentPackets,
Exponential-capacity-3298-20210301-21:50:12-11328,scalar,Aerocom.aircraft[0].dataLink[11],actualCapacity:mean,,,9399.148991542
Exponential-capacity-3298-20210301-21:50:12-11328,attr,Aerocom.aircraft[0].dataLink[11],actualCapacity:mean,,,
Exponential-capacity-3298-20210301-21:50:12-11328,attr,Aerocom.aircraft[0].dataLink[11],actualCapacity:mean,source,computeActualCapacity,
Exponential-capacity-3298-20210301-21:50:12-11328,scalar,Aerocom.aircraft[0].dataLink[12],sentPackets:count,,,636
Exponential-capacity-3298-20210301-21:50:12-11328,attr,Aerocom.aircraft[0].dataLink[12],sentPackets:count,source,computeSentPackets,
Exponential-capacity-3298-20210301-21:50:12-11328,scalar,Aerocom.aircraft[0].dataLink[12],actualCapacity:mean,,,9270.9062059238
Exponential-capacity-3298-20210301-21:50:12-11328,attr,Aerocom.aircraft[0].dataLink[12],actualCapacity:mean,,,
Exponential-capacity-3298-20210301-21:50:12-11328,attr,Aerocom.aircraft[0].dataLink[12],actualCapacity:mean,source,computeActualCapacity,
Exponential-capacity-3298-20210301-21:50:12-11328,scalar,Aerocom.aircraft[0].dataLink[13],sentPackets:count,,,1373
Exponential-capacity-3298-20210301-21:50:12-11328,attr,Aerocom.aircraft[0].dataLink[13],sentPackets:count,source,computeSentPackets,
Exponential-capacity-3298-20210301-21:50:12-11328,scalar,Aerocom.aircraft[0].dataLink[13],actualCapacity:mean,,,9493.8361188487
Exponential-capacity-3298-20210301-21:50:12-11328,attr,Aerocom.aircraft[0].dataLink[13],actualCapacity:mean,,,
Exponential-capacity-3298-20210301-21:50:12-11328,attr,Aerocom.aircraft[0].dataLink[13],actualCapacity:mean,source,computeActualCapacity,
Exponential-capacity-3298-20210301-21:50:12-11328,scalar,Aerocom.aircraft[0].dataLink[14],sentPackets:count,,,1253
Exponential-capacity-3298-20210301-21:50:12-11328,attr,Aerocom.aircraft[0].dataLink[14],sentPackets:count,source,computeSentPackets,
Exponential-capacity-3298-20210301-21:50:12-11328,scalar,Aerocom.aircraft[0].dataLink[14],actualCapacity:mean,,,9465.6573392243
Exponential-capacity-3298-20210301-21:50:12-11328,attr,Aerocom.aircraft[0].dataLink[14],actualCapacity:mean,,,
Exponential-capacity-3298-20210301-21:50:12-11328,attr,Aerocom.aircraft[0].dataLink[14],actualCapacity:mean,source,computeActualCapacity,
Exponential-capacity-3298-20210301-21:50:12-11328,scalar,Aerocom.aircraft[0].dataLink[15],sentPackets:count,,,1270
Exponential-capacity-3298-20210301-21:50:12-11328,attr,Aerocom.aircraft[0].dataLink[15],sentPackets:count,source,computeSentPackets,
Exponential-capacity-3298-20210301-21:50:12-11328,scalar,Aerocom.aircraft[0].dataLink[15],actualCapacity:mean,,,9480.6595226498
Exponential-capacity-3298-20210301-21:50:12-11328,attr,Aerocom.aircraft[0].dataLink[15],actualCapacity:mean,,,
Exponential-capacity-3298-20210301-21:50:12-11328,attr,Aerocom.aircraft[0].dataLink[15],actualCapacity:mean,source,computeActualCapacity,
Exponential-capacity-3298-20210301-21:50:12-11328,scalar,Aerocom.controlTower,receivedPackets:count,,,19510
Exponential-capacity-3298-20210301-21:50:12-11328,attr,Aerocom.controlTower,receivedPackets:count,source,computeReceivedPackets,
Exponential-capacity-3299-20210301-21:50:12-11328,scalar,Aerocom.aircraft[0].linkSelector,responseTime:mean,,,0.57229508751721
Exponential-capacity-3299-20210301-21:50:12-11328,attr,Aerocom.aircraft[0].linkSelector,responseTime:mean,,,
Exponential-capacity-3299-20210301-21:50:12-11328,attr,Aerocom.aircraft[0].linkSelector,responseTime:mean,source,computeResponseTime,
Exponential-capacity-3299-20210301-21:50:12-11328,scalar,Aerocom.aircraft[0].linkSelector,meanMalus:sum,,,13068
Exponential-capacity-3299-20210301-21:50:12-11328,attr,Aerocom.aircraft[0].linkSelector,meanMalus:sum,,,
Exponential-capacity-3299-20210301-21:50:12-11328,attr,Aerocom.aircraft[0].linkSelector,meanMalus:sum,source,computeMeanMalus,
Exponential-capacity-3299-20210301-21:50:12-11328,scalar,Aerocom.aircraft[0].linkSelector,waitingTime:mean,,,0.56509241696887
Exponential-capacity-3299-20210301-21:50:12-11328,attr,Aerocom.aircraft[0].linkSelector,waitingTime:mean,,,
Exponential-capacity-3299-20210301-21:50:12-11328,attr,Aerocom.aircraft[0].linkSelector,waitingTime:mean,source,computeWaitingTime,
Exponential-capacity-3299-20210301-21:50:12-11328,scalar,Aerocom.aircraft[0].linkSelector,serviceTime:mean,,,0.0072026705483558
Exponential-capacity-3299-20210301-21:50:12-11328,attr,Aerocom.aircraft[0].linkSelector,serviceTime:mean,,,
Exponential-capacity-3299-20210301-21:50:12-11328,attr,Aerocom.aircraft[0].linkSelector,serviceTime:mean,source,computeServiceTime,
Exponential-capacity-3299-20210301-21:50:12-11328,scalar,Aerocom.aircraft[0].linkSelector,queueLength:mean,,,28.213022301974
Exponential-capacity-3299-20210301-21:50:12-11328,attr,Aerocom.aircraft[0].linkSelector,queueLength:mean,,,
Exponential-capacity-3299-20210301-21:50:12-11328,attr,Aerocom.aircraft[0].linkSelector,queueLength:mean,source,computeQueueLength,
Exponential-capacity-3299-20210301-21:50:12-11328,scalar,Aerocom.aircraft[0].dataLink[0],sentPackets:count,,,1220
Exponential-capacity-3299-20210301-21:50:12-11328,attr,Aerocom.aircraft[0].dataLink[0],sentPackets:count,source,computeSentPackets,
Exponential-capacity-3299-20210301-21:50:12-11328,scalar,Aerocom.aircraft[0].dataLink[0],actualCapacity:mean,,,9427.3715710723
Exponential-capacity-3299-20210301-21:50:12-11328,attr,Aerocom.aircraft[0].dataLink[0],actualCapacity:mean,,,
Exponential-capacity-3299-20210301-21:50:12-11328,attr,Aerocom.aircraft[0].dataLink[0],actualCapacity:mean,source,computeActualCapacity,
Exponential-capacity-3299-20210301-21:50:12-11328,scalar,Aerocom.aircraft[0].dataLink[1],sentPackets:count,,,1745
Exponential-capacity-3299-20210301-21:50:12-11328,attr,Aerocom.aircraft[0].dataLink[1],sentPackets:count,source,computeSentPackets,
Exponential-capacity-3299-20210301-21:50:12-11328,scalar,Aerocom.aircraft[0].dataLink[1],actualCapacity:mean,,,9508.6110011872
Exponential-capacity-3299-20210301-21:50:12-11328,attr,Aerocom.aircraft[0].dataLink[1],actualCapacity:mean,,,
Exponential-capacity-3299-20210301-21:50:12-11328,attr,Aerocom.aircraft[0].dataLink[1],actualCapacity:mean,source,computeActualCapacity,
Exponential-capacity-3299-20210301-21:50:12-11328,scalar,Aerocom.aircraft[0].dataLink[2],sentPackets:count,,,1112
Exponential-capacity-3299-20210301-21:50:12-11328,attr,Aerocom.aircraft[0].dataLink[2],sentPackets:count,source,computeSentPackets,
Exponential-capacity-3299-20210301-21:50:12-11328,scalar,Aerocom.aircraft[0].dataLink[2],actualCapacity:mean,,,9446.5963983051
Exponential-capacity-3299-20210301-21:50:12-11328,attr,Aerocom.aircraft[0].dataLink[2],actualCapacity:mean,,,
Exponential-capacity-3299-20210301-21:50:12-11328,attr,Aerocom.aircraft[0].dataLink[2],actualCapacity:mean,source,computeActualCapacity,
Exponential-capacity-3299-20210301-21:50:12-11328,scalar,Aerocom.aircraft[0].dataLink[3],sentPackets:count,,,1716
Exponential-capacity-3299-20210301-21:50:12-11328,attr,Aerocom.aircraft[0].dataLink[3],sentPackets:count,source,computeSentPackets,
Exponential-capacity-3299-20210301-21:50:12-11328,scalar,Aerocom.aircraft[0].dataLink[3],actualCapacity:mean,,,9548.7213771017
Exponential-capacity-3299-20210301-21:50:12-11328,attr,Aerocom.aircraft[0].dataLink[3],actualCapacity:mean,,,
Exponential-capacity-3299-20210301-21:50:12-11328,attr,Aerocom.aircraft[0].dataLink[3],actualCapacity:mean,source,computeActualCapacity,
Exponential-capacity-3299-20210301-21:50:12-11328,scalar,Aerocom.aircraft[0].dataLink[4],sentPackets:count,,,1430
Exponential-capacity-3299-20210301-21:50:12-11328,attr,Aerocom.aircraft[0].dataLink[4],sentPackets:count,source,computeSentPackets,
Exponential-capacity-3299-20210301-21:50:12-11328,scalar,Aerocom.aircraft[0].dataLink[4],actualCapacity:mean,,,9452.8054298643
Exponential-capacity-3299-20210301-21:50:12-11328,attr,Aerocom.aircraft[0].dataLink[4],actualCapacity:mean,,,
Exponential-capacity-3299-20210301-21:50:12-11328,attr,Aerocom.aircraft[0].dataLink[4],actualCapacity:mean,source,computeActualCapacity,
Exponential-capacity-3299-20210301-21:50:12-11328,scalar,Aerocom.aircraft[0].dataLink[5],sentPackets:count,,,762
Exponential-capacity-3299-20210301-21:50:12-11328,attr,Aerocom.aircraft[0].dataLink[5],sentPackets:count,source,computeSentPackets,
Exponential-capacity-3299-20210301-21:50:12-11328,scalar,Aerocom.aircraft[0].dataLink[5],actualCapacity:mean,,,9285.3906856404
Exponential-capacity-3299-20210301-21:50:12-11328,attr,Aerocom.aircraft[0].dataLink[5],actualCapacity:mean,,,
Exponential-capacity-3299-20210301-21:50:12-11328,attr,Aerocom.aircraft[0].dataLink[5],actualCapacity:mean,source,computeActualCapacity,
Exponential-capacity-3299-20210301-21:50:12-11328,scalar,Aerocom.aircraft[0].dataLink[6],sentPackets:count,,,1006
Exponential-capacity-3299-20210301-21:50:12-11328,attr,Aerocom.aircraft[0].dataLink[6],sentPackets:count,source,computeSentPackets,
Exponential-capacity-3299-20210301-21:50:12-11328,scalar,Aerocom.aircraft[0].dataLink[6],actualCapacity:mean,,,9391.7928130264
Exponential-capacity-3299-20210301-21:50:12-11328,attr,Aerocom.aircraft[0].dataLink[6],actualCapacity:mean,,,
Exponential-capacity-3299-20210301-21:50:12-11328,attr,Aerocom.aircraft[0].dataLink[6],actualCapacity:mean,source,computeActualCapacity,
Exponential-capacity-3299-20210301-21:50:12-11328,scalar,Aerocom.aircraft[0].dataLink[7],sentPackets:count,,,1125
Exponential-capacity-3299-20210301-21:50:12-11328,attr,Aerocom.aircraft[0].dataLink[7],sentPackets:count,source,computeSentPackets,
Exponential-capacity-3299-20210301-21:50:12-11328,scalar,Aerocom.aircraft[0].dataLink[7],actualCapacity:mean,,,9424.5893796004
Exponential-capacity-3299-20210301-21:50:12-11328,attr,Aerocom.aircraft[0].dataLink[7],actualCapacity:mean,,,
Exponential-capacity-3299-20210301-21:50:12-11328,attr,Aerocom.aircraft[0].dataLink[7],actualCapacity:mean,source,computeActualCapacity,
Exponential-capacity-3299-20210301-21:50:12-11328,scalar,Aerocom.aircraft[0].dataLink[8],sentPackets:count,,,1904
Exponential-capacity-3299-20210301-21:50:12-11328,attr,Aerocom.aircraft[0].dataLink[8],sentPackets:count,source,computeSentPackets,
Exponential-capacity-3299-20210301-21:50:12-11328,scalar,Aerocom.aircraft[0].dataLink[8],actualCapacity:mean,,,9545.4864261807
Exponential-capacity-3299-20210301-21:50:12-11328,attr,Aerocom.aircraft[0].dataLink[8],actualCapacity:mean,,,
Exponential-capacity-3299-20210301-21:50:12-11328,attr,Aerocom.aircraft[0].dataLink[8],actualCapacity:mean,source,computeActualCapacity,
Exponential-capacity-3299-20210301-21:50:12-11328,scalar,Aerocom.aircraft[0].dataLink[9],sentPackets:count,,,494
Exponential-capacity-3299-20210301-21:50:12-11328,attr,Aerocom.aircraft[0].dataLink[9],sentPackets:count,source,computeSentPackets,
Exponential-capacity-3299-20210301-21:50:12-11328,scalar,Aerocom.aircraft[0].dataLink[9],actualCapacity:mean,,,9239.6212832551
Exponential-capacity-3299-20210301-21:50:12-11328,attr,Aerocom.aircraft[0].dataLink[9],actualCapacity:mean,,,
Exponential-capacity-3299-20210301-21:50:12-11328,attr,Aerocom.aircraft[0].dataLink[9],actualCapacity:mean,source,computeActualCapacity,
Exponential-capacity-3299-20210301-21:50:12-11328,scalar,Aerocom.aircraft[0].dataLink[10],sentPackets:count,,,778
Exponential-capacity-3299-20210301-21:50:12-11328,attr,Aerocom.aircraft[0].dataLink[10],sentPackets:count,source,computeSentPackets,
Exponential-capacity-3299-20210301-21:50:12-11328,scalar,Aerocom.aircraft[0].dataLink[10],actualCapacity:mean,,,9308.6561898653
Exponential-capacity-3299-20210301-21:50:12-11328,attr,Aerocom.aircraft[0].dataLink[10],actualCapacity:mean,,,
Exponential-capacity-3299-20210301-21:50:12-11328,attr,Aerocom.aircraft[0].dataLink[10],actualCapacity:mean,source,computeActualCapacity,
Exponential-capacity-3299-20210301-21:50:12-11328,scalar,Aerocom.aircraft[0].dataLink[11],sentPackets:count,,,961
Exponential-capacity-3299-20210301-21:50:12-11328,attr,Aerocom.aircraft[0].dataLink[11],sentPackets:count,source,computeSentPackets,
Exponential-capacity-3299-20210301-21:50:12-11328,scalar,Aerocom.aircraft[0].dataLink[11],actualCapacity:mean,,,9389.0166570936
Exponential-capacity-3299-20210301-21:50:12-11328,attr,Aerocom.aircraft[0].dataLink[11],actualCapacity:mean,,,
Exponential-capacity-3299-20210301-21:50:12-11328,attr,Aerocom.aircraft[0].dataLink[11],actualCapacity:mean,source,computeActualCapacity,
Exponential-capacity-3299-20210301-21:50:12-11328,scalar,Aerocom.aircraft[0].dataLink[12],sentPackets:count,,,1596
Exponential-capacity-3299-20210301-21:50:12-11328,attr,Aerocom.aircraft[0].dataLink[12],sentPackets:count,source,computeSentPackets,
Exponential-capacity-3299-20210301-21:50:12-11328,scalar,Aerocom.aircraft[0].dataLink[12],actualCapacity:mean,,,9520.0067340067
Exponential-capacity-3299-20210301-21:50:12-11328,attr,Aerocom.aircraft[0].dataLink[12],actualCapacity:mean,,,
Exponential-capacity-3299-20210301-21:50:12-11328,attr,Aerocom.aircraft[0].dataLink[12],actualCapacity:mean,source,computeActualCapacity,
Exponential-capacity-3299-20210301-21:50:12-11328,scalar,Aerocom.aircraft[0].dataLink[13],sentPackets:count,,,1074
Exponential-capacity-3299-20210301-21:50:12-11328,attr,Aerocom.aircraft[0].dataLink[13],sentPackets:count,source,computeSentPackets,
Exponential-capacity-3299-20210301-21:50:12-11328,scalar,Aerocom.aircraft[0].dataLink[13],actualCapacity:mean,,,9343.7607526882
Exponential-capacity-3299-20210301-21:50:12-11328,attr,Aerocom.aircraft[0].dataLink[13],actualCapacity:mean,,,
Exponential-capacity-3299-20210301-21:50:12-11328,attr,Aerocom.aircraft[0].dataLink[13],actualCapacity:mean,source,computeActualCapacity,
Exponential-capacity-3299-20210301-21:50:12-11328,scalar,Aerocom.aircraft[0].dataLink[14],sentPackets:count,,,1690
Exponential-capacity-3299-20210301-21:50:12-11328,attr,Aerocom.aircraft[0].dataLink[14],sentPackets:count,source,computeSentPackets,
Exponential-capacity-3299-20210301-21:50:12-11328,scalar,Aerocom.aircraft[0].dataLink[14],actualCapacity:mean,,,9490.6003242805
Exponential-capacity-3299-20210301-21:50:12-11328,attr,Aerocom.aircraft[0].dataLink[14],actualCapacity:mean,,,
Exponential-capacity-3299-20210301-21:50:12-11328,attr,Aerocom.aircraft[0].dataLink[14],actualCapacity:mean,source,computeActualCapacity,
Exponential-capacity-3299-20210301-21:50:12-11328,scalar,Aerocom.aircraft[0].dataLink[15],sentPackets:count,,,892
Exponential-capacity-3299-20210301-21:50:12-11328,attr,Aerocom.aircraft[0].dataLink[15],sentPackets:count,source,computeSentPackets,
Exponential-capacity-3299-20210301-21:50:12-11328,scalar,Aerocom.aircraft[0].dataLink[15],actualCapacity:mean,,,9389.5310633214
Exponential-capacity-3299-20210301-21:50:12-11328,attr,Aerocom.aircraft[0].dataLink[15],actualCapacity:mean,,,
Exponential-capacity-3299-20210301-21:50:12-11328,attr,Aerocom.aircraft[0].dataLink[15],actualCapacity:mean,source,computeActualCapacity,
Exponential-capacity-3299-20210301-21:50:12-11328,scalar,Aerocom.controlTower,receivedPackets:count,,,19505
Exponential-capacity-3299-20210301-21:50:12-11328,attr,Aerocom.controlTower,receivedPackets:count,source,computeReceivedPackets,
